연도,월,행정구역구분명,행정구역명,총 인구수,0~9세,10~19세,20~29세,30~39세,40~49세,50~59세,60~69세,70~79세,80~89세,90~99세,100세 이상,총 인구수 (남),0~9세 (남),10~19세 (남),20~29세 (남),30~39세 (남),40~49세 (남),50~59세 (남),60~69세 (남),70~79세 (남),80~89세 (남),90~99세 (남),100세 이상 (남),총 인구수 (여),0~9세 (여),10~19세 (여),20~29세 (여),30~39세 (여),40~49세 (여),50~59세 (여),60~69세 (여),70~79세 (여),80~89세 (여),90~99세 (여),100세 이상 (여)
2017,12,도,경기도  ,12873895,1226500,1410636,1721524,1934989,2313960,2077756,1192377,677314,276699,38771,3369,6475323,629189,728790,901746,986741,1171811,1062080,588623,300552,95624,9338,829,6398572,597311,681846,819778,948248,1142149,1015676,603754,376762,181075,29433,2540
2017,12,시군,경기도 가평군 ,62973,4031,5296,6413,6404,8779,11803,9890,6797,3100,423,37,32276,2068,2791,3624,3398,4758,6174,5082,3091,1169,106,15,30697,1963,2505,2789,3006,4021,5629,4808,3706,1931,317,22
2017,12,읍면동,경기도 가평군 가평읍,19817,1361,1946,2276,1964,3030,3566,2620,2002,921,120,11,10103,700,1036,1247,1041,1619,1867,1315,900,339,36,3,9714,661,910,1029,923,1411,1699,1305,1102,582,84,8
2017,12,읍면동,경기도 가평군 북면,3983,192,212,276,340,447,792,807,588,283,42,4,2035,92,121,160,191,273,404,414,259,109,10,2,1948,100,91,116,149,174,388,393,329,174,32,2
2017,12,읍면동,경기도 가평군 상면,5531,193,366,563,398,643,1208,1100,682,333,40,5,2834,101,179,335,215,349,656,550,322,117,7,3,2697,92,187,228,183,294,552,550,360,216,33,2
2017,12,읍면동,경기도 가평군 설악면,9285,611,874,808,849,1193,1820,1561,995,498,72,4,4700,300,440,447,434,637,939,812,475,200,14,2,4585,311,434,361,415,556,881,749,520,298,58,2
2017,12,읍면동,경기도 가평군 조종면,9946,855,727,1094,1275,1294,1726,1494,1003,413,58,7,5282,450,372,682,679,703,931,834,456,157,15,3,4664,405,355,412,596,591,795,660,547,256,43,4
2017,12,읍면동,경기도 가평군 청평면,14411,819,1171,1396,1578,2172,2691,2308,1527,652,91,6,7322,425,643,753,838,1177,1377,1157,679,247,24,2,7089,394,528,643,740,995,1314,1151,848,405,67,4
2017,12,시군,경기도 고양시 ,1041983,88882,117083,146816,140246,193677,178795,90411,56679,25806,3334,254,511564,45631,60405,74854,68402,93656,89887,44872,23741,9184,865,67,530419,43251,56678,71962,71844,100021,88908,45539,32938,16622,2469,187
2017,12,구,경기도 고양시 덕양구 ,448684,40007,44684,60478,63875,79618,76399,43192,27454,11294,1516,167,222646,20561,23078,31195,32031,39957,38569,21188,11681,3976,372,38,226038,19446,21606,29283,31844,39661,37830,22004,15773,7318,1144,129
2017,12,읍면동,경기도 고양시 덕양구 고양동,32716,3069,3654,3683,4361,6135,5003,3609,2237,840,112,13,16424,1604,1899,1963,2175,3153,2580,1715,969,335,27,4,16292,1465,1755,1720,2186,2982,2423,1894,1268,505,85,9
2017,12,읍면동,경기도 고양시 덕양구 관산동,35781,2628,3174,4353,4796,5928,6545,4439,2740,986,160,32,18176,1351,1693,2308,2550,3176,3338,2174,1232,312,36,6,17605,1277,1481,2045,2246,2752,3207,2265,1508,674,124,26
2017,12,읍면동,경기도 고양시 덕양구 능곡동,19071,1337,1706,2666,2336,3163,3776,2151,1359,490,74,13,9747,727,917,1421,1224,1625,1963,1074,609,174,11,2,9324,610,789,1245,1112,1538,1813,1077,750,316,63,11
2017,12,읍면동,경기도 고양시 덕양구 대덕동,2465,111,173,275,276,352,528,385,248,94,19,4,1382,56,91,155,161,220,319,221,115,37,6,1,1083,55,82,120,115,132,209,164,133,57,13,3
2017,12,읍면동,경기도 고양시 덕양구 성사1동,24484,1924,2278,3321,3218,4386,4443,2545,1581,678,99,11,12094,985,1195,1715,1593,2260,2242,1209,631,235,28,1,12390,939,1083,1606,1625,2126,2201,1336,950,443,71,10
2017,12,읍면동,경기도 고양시 덕양구 성사2동,12303,904,1284,1605,1634,2050,2131,1284,962,397,52,0,5988,451,685,844,825,978,1016,640,398,139,12,0,6315,453,599,761,809,1072,1115,644,564,258,40,0
2017,12,읍면동,경기도 고양시 덕양구 신도동,19685,2234,1197,2483,3703,2952,3023,2165,1358,501,58,11,9663,1151,621,1239,1863,1521,1424,1028,626,175,11,4,10022,1083,576,1244,1840,1431,1599,1137,732,326,47,7
2017,12,읍면동,경기도 고양시 덕양구 원신동,22095,3263,1605,2500,4305,3585,3222,2089,1050,408,62,6,10720,1665,783,1241,2099,1815,1470,1012,481,140,13,1,11375,1598,822,1259,2206,1770,1752,1077,569,268,49,5
2017,12,읍면동,경기도 고양시 덕양구 주교동,16986,854,1710,2412,1796,2932,3489,1960,1252,510,65,6,8749,476,926,1304,1003,1524,1846,981,504,161,22,2,8237,378,784,1108,793,1408,1643,979,748,349,43,4
2017,12,읍면동,경기도 고양시 덕양구 창릉동,13352,1676,1202,1406,2235,2327,1969,1466,748,271,42,10,6750,866,611,706,1060,1248,1026,763,352,113,4,1,6602,810,591,700,1175,1079,943,703,396,158,38,9
2017,12,읍면동,경기도 고양시 덕양구 행신1동,23943,2009,2558,3456,3260,4325,4244,2115,1351,543,78,4,11677,1019,1286,1750,1648,2088,2111,1025,537,193,18,2,12266,990,1272,1706,1612,2237,2133,1090,814,350,60,2
2017,12,읍면동,경기도 고양시 덕양구 행신2동,34740,2927,3726,5387,5311,6157,5916,2607,1820,782,100,7,17200,1543,1911,2803,2672,2942,3006,1316,728,249,29,1,17540,1384,1815,2584,2639,3215,2910,1291,1092,533,71,6
2017,12,읍면동,경기도 고양시 덕양구 행신3동,49272,3925,6043,7163,5770,9548,8846,3982,2596,1231,162,6,23990,2007,3041,3672,2869,4541,4436,1950,1042,390,42,0,25282,1918,3002,3491,2901,5007,4410,2032,1554,841,120,6
2017,12,읍면동,경기도 고양시 덕양구 행주동,21373,1144,1682,3274,2824,3541,4339,2404,1445,643,72,5,10995,594,866,1758,1561,1869,2307,1210,607,212,10,1,10378,550,816,1516,1263,1672,2032,1194,838,431,62,4
2017,12,읍면동,경기도 고양시 덕양구 화전동,5861,480,454,745,832,798,948,824,519,211,35,15,3175,251,234,427,469,468,554,431,237,87,12,5,2686,229,220,318,363,330,394,393,282,124,23,10
2017,12,읍면동,경기도 고양시 덕양구 화정1동,40482,2770,4641,6469,4827,7455,7198,3281,2524,1163,146,8,19670,1430,2366,3249,2366,3475,3647,1598,1026,466,46,1,20812,1340,2275,3220,2461,3980,3551,1683,1498,697,100,7
2017,12,읍면동,경기도 고양시 덕양구 화정2동,35107,3446,4498,4639,4834,7389,5395,2347,1688,794,77,0,17063,1753,2358,2336,2249,3537,2704,1149,667,290,20,0,18044,1693,2140,2303,2585,3852,2691,1198,1021,504,57,0
2017,12,읍면동,경기도 고양시 덕양구 효자동,2517,217,148,298,370,348,414,349,235,98,27,13,1321,111,86,157,200,192,216,184,112,42,15,6,1196,106,62,141,170,156,198,165,123,56,12,7
2017,12,읍면동,경기도 고양시 덕양구 흥도동,36451,5089,2951,4343,7187,6247,4970,3190,1741,654,76,3,17862,2521,1509,2147,3444,3325,2364,1508,808,226,10,0,18589,2568,1442,2196,3743,2922,2606,1682,933,428,66,3
2017,12,구,경기도 고양시 일산동구 ,293673,22893,33654,44004,39389,55924,51330,24225,14232,7024,953,45,143253,11775,17380,22107,18879,26483,25665,12224,5983,2485,255,17,150420,11118,16274,21897,20510,29441,25665,12001,8249,4539,698,28
2017,12,읍면동,경기도 고양시 일산동구 고봉동,21177,1514,1722,2713,2780,3543,4138,2608,1451,610,95,3,11069,771,932,1480,1517,1918,2177,1401,670,189,12,2,10108,743,790,1233,1263,1625,1961,1207,781,421,83,1
2017,12,읍면동,경기도 고양시 일산동구 마두1동,26123,1744,3831,4258,2509,5013,4898,1983,1160,643,75,9,12666,898,1968,2122,1156,2275,2481,1013,506,229,15,3,13457,846,1863,2136,1353,2738,2417,970,654,414,60,6
2017,12,읍면동,경기도 고양시 일산동구 마두2동,17379,1451,2536,2466,1703,3387,3056,1205,898,599,77,1,8240,751,1275,1235,723,1518,1512,625,350,222,28,1,9139,700,1261,1231,980,1869,1544,580,548,377,49,0
2017,12,읍면동,경기도 고양시 일산동구 백석1동,33102,2585,3668,5261,5274,6132,5563,2545,1345,641,84,4,15895,1315,1904,2564,2613,2796,2640,1270,531,245,16,1,17207,1270,1764,2697,2661,3336,2923,1275,814,396,68,3
2017,12,읍면동,경기도 고양시 일산동구 백석2동,22077,1212,1732,3495,4036,4367,3666,1847,1104,542,72,4,10675,637,918,1657,1966,2121,1828,925,438,160,24,1,11402,575,814,1838,2070,2246,1838,922,666,382,48,3
2017,12,읍면동,경기도 고양시 일산동구 식사동,33117,3833,4672,4340,3922,7178,5265,2164,1165,515,62,1,16173,1970,2348,2204,1649,3421,2778,1121,480,178,24,0,16944,1863,2324,2136,2273,3757,2487,1043,685,337,38,1
2017,12,읍면동,경기도 고양시 일산동구 장항1동,3077,153,158,332,338,440,752,538,265,78,19,4,1731,79,74,186,183,286,441,293,153,30,5,1,1346,74,84,146,155,154,311,245,112,48,14,3
2017,12,읍면동,경기도 고양시 일산동구 장항2동,27093,1571,2001,4563,5268,5512,4331,1900,1200,657,88,2,13197,780,1047,2188,2515,2673,2217,972,501,266,37,1,13896,791,954,2375,2753,2839,2114,928,699,391,51,1
2017,12,읍면동,경기도 고양시 일산동구 정발산동,26514,1863,2950,4390,3446,4692,4731,2376,1358,614,89,5,12807,938,1535,2217,1715,2150,2284,1138,589,213,25,3,13707,925,1415,2173,1731,2542,2447,1238,769,401,64,2
2017,12,읍면동,경기도 고양시 일산동구 중산동,44103,3125,5209,6807,4862,7890,8447,3907,2387,1271,191,7,21488,1648,2724,3548,2371,3646,4125,1945,976,454,48,3,22615,1477,2485,3259,2491,4244,4322,1962,1411,817,143,4
2017,12,읍면동,경기도 고양시 일산동구 풍산동,39911,3842,5175,5379,5251,7770,6483,3152,1899,854,101,5,19312,1988,2655,2706,2471,3679,3182,1521,789,299,21,1,20599,1854,2520,2673,2780,4091,3301,1631,1110,555,80,4
2017,12,구,경기도 고양시 일산서구 ,299626,25982,38745,42334,36982,58135,51066,22994,14993,7488,865,42,145665,13295,19947,21552,17492,27216,25653,11460,6077,2723,238,12,153961,12687,18798,20782,19490,30919,25413,11534,8916,4765,627,30
2017,12,읍면동,경기도 고양시 일산서구 대화동,32409,2048,3380,5921,4524,5535,5799,2704,1622,773,99,4,15621,1061,1784,2862,2269,2562,2797,1298,683,274,30,1,16788,987,1596,3059,2255,2973,3002,1406,939,499,69,3
2017,12,읍면동,경기도 고양시 일산서구 송산동,49814,5240,6752,6072,6330,10301,7912,3888,2258,926,128,7,24633,2665,3405,3189,2921,5053,4090,1976,957,343,30,4,25181,2575,3347,2883,3409,5248,3822,1912,1301,583,98,3
2017,12,읍면동,경기도 고양시 일산서구 송포동,18028,1515,2484,2400,1929,3543,3146,1540,1003,431,37,0,8960,777,1300,1296,885,1630,1651,780,457,176,8,0,9068,738,1184,1104,1044,1913,1495,760,546,255,29,0
2017,12,읍면동,경기도 고양시 일산서구 일산1동,29788,2702,3482,4234,3883,5428,5108,2506,1681,674,80,10,14522,1358,1764,2164,1891,2568,2535,1241,713,269,18,1,15266,1344,1718,2070,1992,2860,2573,1265,968,405,62,9
2017,12,읍면동,경기도 고양시 일산서구 일산2동,20625,1357,2037,3136,2325,3486,4354,2052,1223,591,61,3,10138,669,1074,1584,1172,1686,2183,1040,513,200,17,0,10487,688,963,1552,1153,1800,2171,1012,710,391,44,3
2017,12,읍면동,경기도 고양시 일산서구 일산3동,38176,3199,6604,5286,3771,8454,6371,2334,1291,773,89,4,18547,1655,3393,2705,1692,3784,3258,1242,510,280,28,0,19629,1544,3211,2581,2079,4670,3113,1092,781,493,61,4
2017,12,읍면동,경기도 고양시 일산서구 주엽1동,29783,2492,3894,3930,3576,5738,4897,2317,1761,1069,105,4,14145,1243,2038,1992,1644,2616,2386,1134,663,393,35,1,15638,1249,1856,1938,1932,3122,2511,1183,1098,676,70,3
2017,12,읍면동,경기도 고양시 일산서구 주엽2동,31203,2464,3839,4233,3680,5786,5239,2592,2023,1189,150,8,14665,1245,1947,2114,1741,2592,2547,1272,739,421,42,5,16538,1219,1892,2119,1939,3194,2692,1320,1284,768,108,3
2017,12,읍면동,경기도 고양시 일산서구 탄현동,49800,4965,6273,7122,6964,9864,8240,3061,2131,1062,116,2,24434,2622,3242,3646,3277,4725,4206,1477,842,367,30,0,25366,2343,3031,3476,3687,5139,4034,1584,1289,695,86,2
2017,12,시군,경기도 과천시 ,57527,4463,7015,7983,6940,9977,10083,5819,3290,1637,280,40,28085,2287,3677,4223,3416,4665,4956,2841,1397,549,69,5,29442,2176,3338,3760,3524,5312,5127,2978,1893,1088,211,35
2017,12,읍면동,경기도 과천시 갈현동,11345,1221,1613,1355,1307,2327,1778,932,551,220,37,4,5513,604,825,722,560,1120,886,478,232,79,7,0,5832,617,788,633,747,1207,892,454,319,141,30,4
2017,12,읍면동,경기도 과천시 과천동,9521,731,720,1263,1658,1493,1545,1216,634,221,38,2,4911,366,384,689,941,788,746,600,312,76,9,0,4610,365,336,574,717,705,799,616,322,145,29,2
2017,12,읍면동,경기도 과천시 문원동,8188,722,1059,924,1035,1545,1265,857,521,215,36,9,3955,378,565,471,505,739,622,389,214,64,7,1,4233,344,494,453,530,806,643,468,307,151,29,8
2017,12,읍면동,경기도 과천시 별양동,11148,654,1495,1768,1051,1815,2188,1086,616,402,63,10,5314,332,785,935,486,777,1080,525,244,131,18,1,5834,322,710,833,565,1038,1108,561,372,271,45,9
2017,12,읍면동,경기도 과천시 부림동,10456,687,1361,1567,1176,1793,1982,981,544,321,41,3,5081,356,713,826,593,803,986,472,221,99,12,0,5375,331,648,741,583,990,996,509,323,222,29,3
2017,12,읍면동,경기도 과천시 중앙동,6869,448,767,1106,713,1004,1325,747,424,258,65,12,3311,251,405,580,331,438,636,377,174,100,16,3,3558,197,362,526,382,566,689,370,250,158,49,9
2017,12,시군,경기도 광명시 ,332790,30358,36483,42946,50804,59987,53218,33950,17310,6725,895,114,164878,15602,18815,22566,25458,29926,26268,16342,7558,2114,205,24,167912,14756,17668,20380,25346,30061,26950,17608,9752,4611,690,90
2017,12,읍면동,경기도 광명시 광명1동,13794,847,1280,2018,1957,2202,2415,1721,958,357,36,3,6876,446,687,1097,1056,1099,1157,811,372,141,10,0,6918,401,593,921,901,1103,1258,910,586,216,26,3
2017,12,읍면동,경기도 광명시 광명2동,10946,607,918,1530,1517,1696,2043,1462,853,285,32,3,5368,305,448,801,835,845,986,650,384,102,12,0,5578,302,470,729,682,851,1057,812,469,183,20,3
2017,12,읍면동,경기도 광명시 광명3동,10156,499,720,1455,1468,1578,1885,1422,825,269,28,7,4929,256,374,753,758,779,915,615,373,95,8,3,5227,243,346,702,710,799,970,807,452,174,20,4
2017,12,읍면동,경기도 광명시 광명4동,14857,925,1149,2082,2344,2253,2579,2058,1078,318,55,16,7248,472,563,1098,1213,1106,1217,969,483,112,11,4,7609,453,586,984,1131,1147,1362,1089,595,206,44,12
2017,12,읍면동,경기도 광명시 광명5동,15407,1234,1546,1915,2297,2710,2525,1785,981,372,37,5,7653,619,812,1046,1184,1399,1206,839,433,110,4,1,7754,615,734,869,1113,1311,1319,946,548,262,33,4
2017,12,읍면동,경기도 광명시 광명6동,14692,1339,1491,1899,2121,2506,2468,1656,855,302,48,7,7262,659,764,974,1052,1280,1218,819,388,93,14,1,7430,680,727,925,1069,1226,1250,837,467,209,34,6
2017,12,읍면동,경기도 광명시 광명7동,20342,1381,2071,2866,2918,3212,3629,2554,1220,431,54,6,10256,687,1094,1553,1562,1623,1766,1252,562,146,11,0,10086,694,977,1313,1356,1589,1863,1302,658,285,43,6
2017,12,읍면동,경기도 광명시 소하1동,32353,3698,4345,3693,4519,6425,4720,3009,1338,522,68,16,15958,1894,2260,1935,2092,3181,2330,1484,617,148,13,4,16395,1804,2085,1758,2427,3244,2390,1525,721,374,55,12
2017,12,읍면동,경기도 광명시 소하2동,38568,3966,4158,5138,6251,6781,5929,3701,1875,672,87,10,19503,2050,2116,2778,3200,3513,2984,1783,839,215,21,4,19065,1916,2042,2360,3051,3268,2945,1918,1036,457,66,6
2017,12,읍면동,경기도 광명시 철산1동,13747,1436,1736,1771,2068,2705,2113,1117,537,224,40,0,6801,740,888,930,992,1314,1066,547,239,78,7,0,6946,696,848,841,1076,1391,1047,570,298,146,33,0
2017,12,읍면동,경기도 광명시 철산2동,15909,910,1462,2562,2480,2611,3029,1689,796,332,34,4,8112,486,776,1353,1320,1307,1564,835,362,97,11,1,7797,424,686,1209,1160,1304,1465,854,434,235,23,3
2017,12,읍면동,경기도 광명시 철산3동,35999,3729,4764,4676,4912,6933,5773,3142,1378,588,95,9,17726,1923,2453,2405,2287,3343,2837,1618,629,202,28,1,18273,1806,2311,2271,2625,3590,2936,1524,749,386,67,8
2017,12,읍면동,경기도 광명시 철산4동,14385,1349,1396,1862,2682,2587,2132,1430,693,227,26,1,7207,693,744,972,1364,1317,1054,687,296,76,4,0,7178,656,652,890,1318,1270,1078,743,397,151,22,1
2017,12,읍면동,경기도 광명시 하안1동,27642,3160,3428,3339,3815,5500,4384,2394,1104,435,78,5,13889,1642,1757,1810,1794,2783,2237,1222,507,124,12,1,13753,1518,1671,1529,2021,2717,2147,1172,597,311,66,4
2017,12,읍면동,경기도 광명시 하안2동,15491,1583,1514,1718,3233,2939,2006,1283,740,415,52,8,7429,801,756,845,1646,1462,945,569,287,103,13,2,8062,782,758,873,1587,1477,1061,714,453,312,39,6
2017,12,읍면동,경기도 광명시 하안3동,22386,2164,2413,2580,3656,4117,3206,2230,1312,621,81,6,10680,1120,1249,1282,1822,2005,1563,992,467,163,17,0,11706,1044,1164,1298,1834,2112,1643,1238,845,458,64,6
2017,12,읍면동,경기도 광명시 하안4동,13736,1441,1968,1612,2289,2964,1875,855,493,213,25,1,6665,760,1004,799,1121,1410,935,400,181,49,6,0,7071,681,964,813,1168,1554,940,455,312,164,19,1
2017,12,읍면동,경기도 광명시 학온동,2380,90,124,230,277,268,507,442,274,142,19,7,1316,49,70,135,160,160,288,250,139,60,3,2,1064,41,54,95,117,108,219,192,135,82,16,5
2017,12,시군,경기도 광주시 ,345947,35309,33575,40916,58580,60803,55804,35880,17775,6268,965,72,177521,18127,17312,21493,30738,32223,28566,18124,8487,2241,189,21,168426,17182,16263,19423,27842,28580,27238,17756,9288,4027,776,51
2017,12,읍면동,경기도 광주시 경안동,40855,3868,4322,5405,6240,7367,6890,4004,1974,680,90,15,20868,1999,2226,2841,3228,3825,3593,1987,909,241,13,6,19987,1869,2096,2564,3012,3542,3297,2017,1065,439,77,9
2017,12,읍면동,경기도 광주시 곤지암읍,23191,1687,2233,2845,2999,4028,4447,2746,1462,626,99,19,12309,880,1168,1574,1611,2220,2416,1480,699,233,23,5,10882,807,1065,1271,1388,1808,2031,1266,763,393,76,14
2017,12,읍면동,경기도 광주시 광남동,54929,6644,5769,6058,9817,10190,8128,5113,2360,734,112,4,28051,3403,2998,3091,5037,5377,4111,2571,1173,268,20,2,26878,3241,2771,2967,4780,4813,4017,2542,1187,466,92,2
2017,12,읍면동,경기도 광주시 남종면,1601,60,90,115,129,195,326,320,246,105,15,0,825,28,50,55,72,111,176,168,118,42,5,0,776,32,40,60,57,84,150,152,128,63,10,0
2017,12,읍면동,경기도 광주시 남한산성면,2919,240,229,268,273,457,544,450,287,140,29,2,1534,111,118,143,151,267,306,240,140,52,6,0,1385,129,111,125,122,190,238,210,147,88,23,2
2017,12,읍면동,경기도 광주시 도척면,9091,640,685,957,1075,1453,1756,1381,745,330,66,3,4983,353,361,551,616,866,999,736,356,132,12,1,4108,287,324,406,459,587,757,645,389,198,54,2
2017,12,읍면동,경기도 광주시 송정동,59471,5638,5915,7810,9460,10638,10273,5954,2704,931,138,10,30113,2855,2975,4140,4967,5472,5092,3027,1225,331,27,2,29358,2783,2940,3670,4493,5166,5181,2927,1479,600,111,8
2017,12,읍면동,경기도 광주시 오포읍,97386,11076,8262,11677,20461,16382,14069,9249,4485,1466,249,10,49557,5690,4243,6007,10813,8658,6918,4493,2170,507,54,4,47829,5386,4019,5670,9648,7724,7151,4756,2315,959,195,6
2017,12,읍면동,경기도 광주시 초월읍,42451,4289,4883,4647,6440,7822,6905,4284,2285,793,100,3,22123,2203,2529,2462,3377,4172,3742,2257,1087,277,17,0,20328,2086,2354,2185,3063,3650,3163,2027,1198,516,83,3
2017,12,읍면동,경기도 광주시 퇴촌면,14053,1167,1187,1134,1686,2271,2466,2379,1227,463,67,6,7158,605,644,629,866,1255,1213,1165,610,158,12,1,6895,562,543,505,820,1016,1253,1214,617,305,55,5
2017,12,시군,경기도 구리시 ,200042,17430,21421,27814,28766,35683,34867,19153,10533,3790,521,64,99390,8932,11102,14332,14385,17441,17599,9516,4624,1321,116,22,100652,8498,10319,13482,14381,18242,17268,9637,5909,2469,405,42
2017,12,읍면동,경기도 구리시 갈매동,21568,3177,1470,2492,4845,3235,3089,2033,898,279,49,1,10652,1602,728,1253,2416,1650,1457,1024,436,77,8,1,10916,1575,742,1239,2429,1585,1632,1009,462,202,41,0
2017,12,읍면동,경기도 구리시 교문1동,17542,992,1474,2382,2433,2897,3443,2160,1259,411,69,22,8975,520,749,1275,1314,1512,1804,1040,581,153,19,8,8567,472,725,1107,1119,1385,1639,1120,678,258,50,14
2017,12,읍면동,경기도 구리시 교문2동,23966,2161,3310,3188,2899,4715,3939,2148,1112,440,48,6,11632,1067,1693,1637,1331,2198,1985,1054,495,161,10,1,12334,1094,1617,1551,1568,2517,1954,1094,617,279,38,5
2017,12,읍면동,경기도 구리시 동구동,40954,3871,5110,5791,5432,7697,7064,3230,1915,741,96,7,20217,1998,2658,2993,2660,3633,3548,1649,785,271,20,2,20737,1873,2452,2798,2772,4064,3516,1581,1130,470,76,5
2017,12,읍면동,경기도 구리시 수택1동,21847,1274,1939,3380,2896,3460,4413,2612,1332,467,67,7,10855,687,990,1711,1514,1703,2202,1313,567,153,13,2,10992,587,949,1669,1382,1757,2211,1299,765,314,54,5
2017,12,읍면동,경기도 구리시 수택2동,25960,1530,2585,4051,3383,4265,4977,2943,1569,575,72,10,12988,794,1369,2097,1814,2119,2497,1417,681,185,12,3,12972,736,1216,1954,1569,2146,2480,1526,888,390,60,7
2017,12,읍면동,경기도 구리시 수택3동,23399,2161,2803,3054,3429,4811,3712,1864,1094,408,58,5,11812,1089,1511,1602,1677,2392,1949,951,477,149,13,2,11587,1072,1292,1452,1752,2419,1763,913,617,259,45,3
2017,12,읍면동,경기도 구리시 인창동,24806,2264,2730,3476,3449,4603,4230,2163,1354,469,62,6,12259,1175,1404,1764,1659,2234,2157,1068,602,172,21,3,12547,1089,1326,1712,1790,2369,2073,1095,752,297,41,3
2017,12,시군,경기도 군포시 ,281205,26028,30647,38822,42904,49179,47465,25441,13485,6287,897,50,139692,13363,15818,20085,21897,24083,23466,12736,5802,2182,247,13,141513,12665,14829,18737,21007,25096,23999,12705,7683,4105,650,37
2017,12,읍면동,경기도 군포시 광정동,26615,2327,3295,3605,3690,4989,4247,2185,1272,863,135,7,12936,1210,1699,1826,1819,2388,2093,1088,495,284,32,2,13679,1117,1596,1779,1871,2601,2154,1097,777,579,103,5
2017,12,읍면동,경기도 군포시 군포1동,34307,2547,3276,5126,5040,5816,6406,3648,1695,647,97,9,18001,1316,1751,2793,2858,3018,3337,1921,762,222,20,3,16306,1231,1525,2333,2182,2798,3069,1727,933,425,77,6
2017,12,읍면동,경기도 군포시 군포2동,56756,6324,6811,7793,8671,10122,9420,4484,2118,858,145,10,28299,3302,3424,4031,4333,4928,4701,2264,985,293,36,2,28457,3022,3387,3762,4338,5194,4719,2220,1133,565,109,8
2017,12,읍면동,경기도 군포시 궁내동,22209,2298,3530,2686,2495,4848,3346,1486,936,507,76,1,10817,1204,1789,1391,1135,2243,1715,739,384,188,29,0,11392,1094,1741,1295,1360,2605,1631,747,552,319,47,1
2017,12,읍면동,경기도 군포시 금정동,19010,1170,1537,3018,2801,3060,3740,2298,991,346,42,7,9796,602,797,1568,1556,1641,1870,1196,454,98,11,3,9214,568,740,1450,1245,1419,1870,1102,537,248,31,4
2017,12,읍면동,경기도 군포시 대야동,10026,996,1051,1252,1316,1837,1743,1016,544,244,24,3,5125,513,552,692,667,920,894,530,256,89,11,1,4901,483,499,560,649,917,849,486,288,155,13,2
2017,12,읍면동,경기도 군포시 산본1동,18397,1110,1254,2865,2886,2623,3577,2247,1229,521,79,6,9185,548,654,1536,1618,1340,1692,1081,543,151,22,0,9212,562,600,1329,1268,1283,1885,1166,686,370,57,6
2017,12,읍면동,경기도 군포시 산본2동,29476,3056,3255,4196,4355,4949,5117,2618,1255,575,98,2,14365,1580,1677,2148,2065,2339,2458,1321,536,220,21,0,15111,1476,1578,2048,2290,2610,2659,1297,719,355,77,2
2017,12,읍면동,경기도 군포시 수리동,18655,1617,2015,2370,2875,3186,3066,1629,1166,646,82,3,8953,769,1062,1160,1426,1537,1490,764,455,262,27,1,9702,848,953,1210,1449,1649,1576,865,711,384,55,2
2017,12,읍면동,경기도 군포시 오금동,24343,2719,2729,2869,4653,4461,3397,1796,1140,527,52,0,11988,1382,1436,1468,2310,2181,1642,867,490,197,15,0,12355,1337,1293,1401,2343,2280,1755,929,650,330,37,0
2017,12,읍면동,경기도 군포시 재궁동,21411,1864,1894,3042,4122,3288,3406,2034,1139,553,67,2,10227,937,977,1472,2110,1548,1574,965,442,178,23,1,11184,927,917,1570,2012,1740,1832,1069,697,375,44,1
2017,12,시군,경기도 김포시 ,392092,48479,41534,42123,65819,71470,56632,36420,20585,7882,1099,49,196801,24778,21349,21859,32121,37299,29190,17679,9418,2830,263,15,195291,23701,20185,20264,33698,34171,27442,18741,11167,5052,836,34
2017,12,읍면동,경기도 김포시 고촌읍,27083,2886,2579,2956,4049,4693,4352,3257,1609,605,88,9,13678,1533,1340,1550,1973,2447,2164,1661,774,221,13,2,13405,1353,1239,1406,2076,2246,2188,1596,835,384,75,7
2017,12,읍면동,경기도 김포시 구래동,45192,8391,3554,3835,11798,7481,4311,3397,1814,531,78,2,22194,4222,1780,1842,5761,4064,1982,1469,865,190,18,1,22998,4169,1774,1993,6037,3417,2329,1928,949,341,60,1
2017,12,읍면동,경기도 김포시 김포본동,51747,4408,6644,7014,6189,9655,8953,4756,2837,1123,158,10,25555,2162,3511,3608,3017,4618,4611,2350,1216,416,44,2,26192,2246,3133,3406,3172,5037,4342,2406,1621,707,114,8
2017,12,읍면동,경기도 김포시 대곶면,10150,396,680,1070,946,1531,2392,1649,969,436,80,1,5808,213,370,629,587,985,1448,912,473,170,21,0,4342,183,310,441,359,546,944,737,496,266,59,1
2017,12,읍면동,경기도 김포시 사우동,21517,1525,2317,3164,2779,3877,3858,2132,1309,495,58,3,10813,801,1244,1631,1458,1911,2004,1018,553,183,10,0,10704,724,1073,1533,1321,1966,1854,1114,756,312,48,3
2017,12,읍면동,경기도 김포시 양촌읍,26680,2495,2307,2841,4061,4431,4608,3256,1819,745,110,7,14077,1243,1205,1582,2216,2544,2517,1662,823,249,32,4,12603,1252,1102,1259,1845,1887,2091,1594,996,496,78,3
2017,12,읍면동,경기도 김포시 운양동,37752,6659,3814,3245,8277,7293,4007,2612,1304,473,68,0,18587,3442,1936,1608,3809,3849,1964,1180,628,155,16,0,19165,3217,1878,1637,4468,3444,2043,1432,676,318,52,0
2017,12,읍면동,경기도 김포시 월곶면,5711,204,317,568,513,723,1287,1097,648,300,51,3,3162,102,162,353,314,448,741,606,321,105,9,1,2549,102,155,215,199,275,546,491,327,195,42,2
2017,12,읍면동,경기도 김포시 장기동,41154,6909,4549,3848,8476,8278,4445,2718,1420,453,56,2,20137,3526,2229,1901,3964,4311,2188,1233,627,148,10,0,21017,3383,2320,1947,4512,3967,2257,1485,793,305,46,2
2017,12,읍면동,경기도 김포시 장기본동,37003,5823,4923,3355,6718,7735,3955,2492,1449,477,75,1,18084,2978,2483,1657,3050,3950,1949,1137,688,174,18,0,18919,2845,2440,1698,3668,3785,2006,1355,761,303,57,1
2017,12,읍면동,경기도 김포시 통진읍,27428,2132,2609,3529,3421,4492,5269,3180,1832,864,98,2,14452,1094,1370,2033,1870,2469,2842,1649,795,311,17,2,12976,1038,1239,1496,1551,2023,2427,1531,1037,553,81,0
2017,12,읍면동,경기도 김포시 풍무동,52026,6309,6668,5729,7836,10201,7274,4395,2567,919,122,6,25546,3259,3413,2885,3659,5060,3681,2043,1179,332,34,1,26480,3050,3255,2844,4177,5141,3593,2352,1388,587,88,5
2017,12,읍면동,경기도 김포시 하성면,8649,342,573,969,756,1080,1921,1479,1008,461,57,3,4708,203,306,580,443,643,1099,759,476,176,21,2,3941,139,267,389,313,437,822,720,532,285,36,1
2017,12,시군,경기도 남양주시 ,665321,67690,77012,78430,92692,124617,104445,65694,38611,14092,1870,168,332152,34783,39658,40895,45201,63242,53539,31771,17524,5061,439,39,333169,32907,37354,37535,47491,61375,50906,33923,21087,9031,1431,129
2017,12,읍면동,경기도 남양주시 금곡동,21430,1191,1709,3151,2701,3006,4471,2811,1604,698,77,11,10913,618,902,1743,1484,1536,2252,1407,712,231,23,5,10517,573,807,1408,1217,1470,2219,1404,892,467,54,6
2017,12,읍면동,경기도 남양주시 다산1동,39717,3715,4527,5390,5323,6883,6381,4298,2270,812,106,12,19346,1908,2237,2779,2536,3307,3080,2096,1083,295,23,2,20371,1807,2290,2611,2787,3576,3301,2202,1187,517,83,10
2017,12,읍면동,경기도 남양주시 다산2동,17859,1757,2110,2149,2522,3484,2786,1791,864,334,51,11,8766,881,1106,1091,1213,1733,1386,847,384,117,4,4,9093,876,1004,1058,1309,1751,1400,944,480,217,47,7
2017,12,읍면동,경기도 남양주시 별내동,69418,9395,6208,8551,13179,11763,9980,6304,2872,1006,156,4,34054,4759,3099,4348,6366,5918,4754,3120,1347,313,29,1,35364,4636,3109,4203,6813,5845,5226,3184,1525,693,127,3
2017,12,읍면동,경기도 남양주시 별내면,20798,1597,2281,2548,2337,3790,3482,2444,1621,608,76,14,10392,838,1198,1282,1204,1895,1823,1165,720,241,23,3,10406,759,1083,1266,1133,1895,1659,1279,901,367,53,11
2017,12,읍면동,경기도 남양주시 수동면,9243,457,740,903,803,1300,1866,1634,991,442,97,10,4841,250,415,506,432,710,1016,840,496,145,26,5,4402,207,325,397,371,590,850,794,495,297,71,5
2017,12,읍면동,경기도 남양주시 양정동,5055,240,271,600,610,651,1107,911,465,170,23,7,2802,115,140,337,360,402,634,500,237,74,3,0,2253,125,131,263,250,249,473,411,228,96,20,7
2017,12,읍면동,경기도 남양주시 오남읍,54937,5509,7306,6184,6858,11383,8354,4827,3235,1131,144,6,27497,2842,3751,3250,3326,5810,4422,2290,1400,371,33,2,27440,2667,3555,2934,3532,5573,3932,2537,1835,760,111,4
2017,12,읍면동,경기도 남양주시 와부읍,68546,6168,8593,8154,8245,13346,10830,6926,4483,1542,234,25,33828,3149,4411,4229,3923,6512,5574,3249,2101,607,68,5,34718,3019,4182,3925,4322,6834,5256,3677,2382,935,166,20
2017,12,읍면동,경기도 남양주시 조안면,4384,248,308,471,452,602,878,761,445,190,28,1,2286,140,154,254,233,338,466,401,222,73,4,1,2098,108,154,217,219,264,412,360,223,117,24,0
2017,12,읍면동,경기도 남양주시 진건읍,26707,1515,2579,3871,2949,4103,5601,3277,1908,782,106,16,13847,811,1349,2109,1573,2159,3021,1691,826,279,29,0,12860,704,1230,1762,1376,1944,2580,1586,1082,503,77,16
2017,12,읍면동,경기도 남양주시 진접읍,95719,11100,11848,10121,13426,18723,14288,8846,5270,1887,198,12,48369,5736,6162,5364,6463,9764,7434,4268,2417,705,53,3,47350,5364,5686,4757,6963,8959,6854,4578,2853,1182,145,9
2017,12,읍면동,경기도 남양주시 퇴계원면,31737,2454,3129,4591,4122,4907,6076,3682,1980,694,98,4,15806,1209,1617,2398,2119,2470,2953,1897,870,255,18,0,15931,1245,1512,2193,2003,2437,3123,1785,1110,439,80,4
2017,12,읍면동,경기도 남양주시 평내동,40595,4491,5828,4448,5663,8699,5576,3148,1919,728,90,5,19923,2280,2943,2246,2630,4321,2937,1479,820,245,21,1,20672,2211,2885,2202,3033,4378,2639,1669,1099,483,69,4
2017,12,읍면동,경기도 남양주시 호평동,51420,6880,6953,5081,8070,11156,6142,3759,2444,816,114,5,25208,3557,3580,2598,3678,5589,3134,1650,1099,297,24,2,26212,3323,3373,2483,4392,5567,3008,2109,1345,519,90,3
2017,12,읍면동,경기도 남양주시 화도읍,94788,9493,11495,10820,13195,18675,14576,8806,5514,1960,229,25,47621,4927,5976,5624,6516,9654,7630,4102,2441,700,46,5,47167,4566,5519,5196,6679,9021,6946,4704,3073,1260,183,20
2017,12,읍면동,경기도 남양주시 화도읍동부출장소,12968,1480,1127,1397,2237,2146,2051,1469,726,292,43,0,6653,763,618,737,1145,1124,1023,769,349,113,12,0,6315,717,509,660,1092,1022,1028,700,377,179,31,0
2017,12,시군,경기도 동두천시 ,97071,8021,9895,11221,12056,16263,16255,11012,8397,3433,444,74,48344,4082,5115,5967,6166,8450,8427,5277,3458,1261,123,18,48727,3939,4780,5254,5890,7813,7828,5735,4939,2172,321,56
2017,12,읍면동,경기도 동두천시 보산동,3347,191,256,370,360,478,661,482,396,135,16,2,1616,99,136,211,184,252,335,214,147,35,3,0,1731,92,120,159,176,226,326,268,249,100,13,2
2017,12,읍면동,경기도 동두천시 불현동,27866,2353,3136,3446,3476,4633,4740,2932,2171,871,94,14,13723,1181,1566,1851,1744,2298,2423,1425,897,312,23,3,14143,1172,1570,1595,1732,2335,2317,1507,1274,559,71,11
2017,12,읍면동,경기도 동두천시 상패동,5440,283,324,578,554,809,1071,881,625,271,36,8,2867,143,170,326,325,463,608,438,289,91,12,2,2573,140,154,252,229,346,463,443,336,180,24,6
2017,12,읍면동,경기도 동두천시 생연1동,7270,547,666,834,912,1100,1313,902,690,269,33,4,3620,293,337,445,468,565,662,448,282,108,11,1,3650,254,329,389,444,535,651,454,408,161,22,3
2017,12,읍면동,경기도 동두천시 생연2동,11997,996,1305,1283,1396,2053,1960,1337,1128,486,45,8,5929,527,712,676,686,1087,983,604,433,208,11,2,6068,469,593,607,710,966,977,733,695,278,34,6
2017,12,읍면동,경기도 동두천시 소요동,9168,511,574,1040,964,1307,1807,1395,1048,445,62,15,4773,254,313,601,516,755,986,684,480,165,15,4,4395,257,261,439,448,552,821,711,568,280,47,11
2017,12,읍면동,경기도 동두천시 송내동,26378,2953,3317,3051,3890,5110,3493,2157,1658,646,98,5,12945,1483,1706,1533,1940,2588,1771,998,665,233,25,3,13433,1470,1611,1518,1950,2522,1722,1159,993,413,73,2
2017,12,읍면동,경기도 동두천시 중앙동,5605,187,317,619,504,773,1210,926,681,310,60,18,2871,102,175,324,303,442,659,466,265,109,23,3,2734,85,142,295,201,331,551,460,416,201,37,15
2017,12,시군,경기도 부천시 ,850329,68797,83281,125656,129900,141881,153500,87854,40513,16478,2274,195,424038,35284,43009,64962,66588,71013,75586,43976,17947,5123,509,41,426291,33513,40272,60694,63312,70868,77914,43878,22566,11355,1765,154
2017,12,읍면동,경기도 부천시 고강1동,16253,1042,1532,2551,2074,2827,3195,1680,927,384,38,3,8123,488,799,1357,1096,1448,1608,818,380,117,11,1,8130,554,733,1194,978,1379,1587,862,547,267,27,2
2017,12,읍면동,경기도 부천시 고강본동,30199,1911,3149,4237,4022,5400,5505,3276,1933,684,75,7,15255,988,1644,2228,2182,2792,2783,1577,807,241,12,1,14944,923,1505,2009,1840,2608,2722,1699,1126,443,63,6
2017,12,읍면동,경기도 부천시 괴안동,21743,1595,2144,3215,3016,3609,3904,2372,1149,640,93,6,10678,804,1108,1691,1532,1763,1908,1164,482,200,24,2,11065,791,1036,1524,1484,1846,1996,1208,667,440,69,4
2017,12,읍면동,경기도 부천시 도당동,24115,1650,2587,3788,3076,4272,4894,2351,1062,394,39,2,12428,847,1364,2052,1645,2170,2579,1211,435,120,5,0,11687,803,1223,1736,1431,2102,2315,1140,627,274,34,2
2017,12,읍면동,경기도 부천시 범박동,42654,6117,4605,4708,7993,7374,5838,3699,1585,610,113,12,21128,3105,2350,2383,3831,3765,2881,1863,743,179,27,1,21526,3012,2255,2325,4162,3609,2957,1836,842,431,86,11
2017,12,읍면동,경기도 부천시 상1동,25655,2685,2610,3302,4894,4445,3976,2392,938,363,50,0,12633,1392,1337,1647,2433,2179,1830,1260,429,114,12,0,13022,1293,1273,1655,2461,2266,2146,1132,509,249,38,0
2017,12,읍면동,경기도 부천시 상2동,31754,3875,4297,4327,5132,6040,4908,1944,805,359,64,3,15547,1962,2230,2174,2384,2822,2527,998,334,105,10,1,16207,1913,2067,2153,2748,3218,2381,946,471,254,54,2
2017,12,읍면동,경기도 부천시 상3동,33071,3172,4776,5121,3959,6587,6200,2051,780,363,62,0,16464,1626,2434,2726,1785,3044,3268,1132,346,94,9,0,16607,1546,2342,2395,2174,3543,2932,919,434,269,53,0
2017,12,읍면동,경기도 부천시 상동,19978,1245,1998,3310,2569,3081,3938,2260,1046,450,74,7,9929,649,1083,1682,1265,1519,1916,1196,454,144,18,3,10049,596,915,1628,1304,1562,2022,1064,592,306,56,4
2017,12,읍면동,경기도 부천시 성곡동,43833,3057,4831,6606,5430,7538,8598,4427,2246,960,130,10,22059,1589,2456,3516,2820,3777,4361,2270,955,287,26,2,21774,1468,2375,3090,2610,3761,4237,2157,1291,673,104,8
2017,12,읍면동,경기도 부천시 소사동,9045,491,476,1193,1350,1288,1714,1409,807,254,57,6,4420,277,239,626,735,665,797,635,363,71,12,0,4625,214,237,567,615,623,917,774,444,183,45,6
2017,12,읍면동,경기도 부천시 소사본3동,32703,2678,3399,4634,4645,5116,6131,3822,1541,628,99,10,16082,1335,1708,2454,2325,2491,2954,1884,724,185,22,0,16621,1343,1691,2180,2320,2625,3177,1938,817,443,77,10
2017,12,읍면동,경기도 부천시 소사본동,25821,1641,1830,3990,3858,3728,4946,3455,1657,603,105,8,12964,835,926,2067,2121,1910,2400,1701,776,198,28,2,12857,806,904,1923,1737,1818,2546,1754,881,405,77,6
2017,12,읍면동,경기도 부천시 송내1동,23849,1876,2083,3663,3763,3641,4311,2798,1190,454,65,5,11799,964,1104,1900,1924,1779,2019,1406,531,161,10,1,12050,912,979,1763,1839,1862,2292,1392,659,293,55,4
2017,12,읍면동,경기도 부천시 송내2동,28070,2406,2832,4166,4257,4718,4898,2908,1281,543,56,5,13900,1226,1533,2139,2145,2356,2307,1427,586,161,18,2,14170,1180,1299,2027,2112,2362,2591,1481,695,382,38,3
2017,12,읍면동,경기도 부천시 신흥동,19451,1198,1675,3026,2666,3308,4087,2145,943,341,51,11,10464,658,912,1662,1497,1845,2230,1146,397,107,9,1,8987,540,763,1364,1169,1463,1857,999,546,234,42,10
2017,12,읍면동,경기도 부천시 심곡1동,13370,756,963,2072,2343,2132,2443,1589,745,286,38,3,6915,396,505,1080,1335,1119,1234,762,376,96,11,1,6455,360,458,992,1008,1013,1209,827,369,190,27,2
2017,12,읍면동,경기도 부천시 심곡2동,18674,954,1059,3345,3729,3108,3064,2022,971,370,43,9,9680,478,511,1622,2105,1763,1601,991,465,132,11,1,8994,476,548,1723,1624,1345,1463,1031,506,238,32,8
2017,12,읍면동,경기도 부천시 심곡3동,13519,854,1222,2130,1982,2226,2696,1495,650,229,25,10,6913,448,639,1132,1091,1152,1356,741,269,74,8,3,6606,406,583,998,891,1074,1340,754,381,155,17,7
2017,12,읍면동,경기도 부천시 심곡본1동,18331,1006,1408,2716,2733,2902,3506,2367,1185,447,52,9,9207,510,710,1432,1503,1510,1685,1146,537,163,8,3,9124,496,698,1284,1230,1392,1821,1221,648,284,44,6
2017,12,읍면동,경기도 부천시 심곡본동,17738,1073,1343,2483,2683,2807,3124,2406,1290,456,69,4,8833,580,712,1282,1431,1443,1467,1139,608,158,12,1,8905,493,631,1201,1252,1364,1657,1267,682,298,57,3
2017,12,읍면동,경기도 부천시 약대동,19620,1932,1787,2981,3364,3176,3645,1773,669,251,35,7,9886,995,915,1568,1714,1586,1792,923,309,71,10,3,9734,937,872,1413,1650,1590,1853,850,360,180,25,4
2017,12,읍면동,경기도 부천시 역곡1동,19277,1735,1752,2438,3136,3181,3157,2272,1097,451,52,6,9564,884,882,1246,1572,1681,1509,1121,507,148,14,0,9713,851,870,1192,1564,1500,1648,1151,590,303,38,6
2017,12,읍면동,경기도 부천시 역곡2동,19979,1688,1646,2951,3452,3237,3214,2204,1085,424,68,10,9816,846,838,1551,1730,1667,1516,1024,467,158,17,2,10163,842,808,1400,1722,1570,1698,1180,618,266,51,8
2017,12,읍면동,경기도 부천시 역곡3동,24205,1715,1930,3393,3833,3851,4173,2972,1612,639,78,9,11919,874,970,1739,2019,1972,1985,1403,712,217,25,3,12286,841,960,1654,1814,1879,2188,1569,900,422,53,6
2017,12,읍면동,경기도 부천시 오정동,23144,2074,2204,3322,3678,3774,4173,2475,999,393,47,5,12030,1087,1213,1779,2018,1981,2096,1274,453,116,12,1,11114,987,991,1543,1660,1793,2077,1201,546,277,35,4
2017,12,읍면동,경기도 부천시 원미1동,17847,1219,1657,2662,2501,2893,3480,2109,935,336,49,6,9116,634,891,1426,1335,1502,1723,1053,416,117,16,3,8731,585,766,1236,1166,1391,1757,1056,519,219,33,3
2017,12,읍면동,경기도 부천시 원미2동,13845,884,1116,1974,1855,2178,2760,1856,862,322,35,3,6973,456,547,1041,1006,1125,1374,907,398,109,10,0,6872,428,569,933,849,1053,1386,949,464,213,25,3
2017,12,읍면동,경기도 부천시 원종1동,24027,1626,2339,3704,3203,3920,4749,2624,1269,524,66,3,12107,840,1207,1972,1713,1931,2378,1336,551,164,14,1,11920,786,1132,1732,1490,1989,2371,1288,718,360,52,2
2017,12,읍면동,경기도 부천시 원종2동,24107,1702,2684,3838,3102,4350,4607,2070,1173,519,60,2,12029,873,1386,1988,1615,2188,2335,1046,448,140,10,0,12078,829,1298,1850,1487,2162,2272,1024,725,379,50,2
2017,12,읍면동,경기도 부천시 중1동,35269,2947,3559,5742,6380,6211,5960,2825,1038,533,72,2,17100,1520,1793,2760,3095,2962,2810,1527,462,152,19,0,18169,1427,1766,2982,3285,3249,3150,1298,576,381,53,2
2017,12,읍면동,경기도 부천시 중2동,33391,2733,3575,5333,5017,5238,6221,3421,1203,556,93,1,16352,1445,1843,2702,2446,2461,2881,1828,566,159,21,0,17039,1288,1732,2631,2571,2777,3340,1593,637,397,72,1
2017,12,읍면동,경기도 부천시 중3동,25428,2270,2520,3771,4362,3948,4517,2310,1118,551,61,0,12208,1141,1263,1869,2142,1852,2166,1136,490,136,13,0,13220,1129,1257,1902,2220,2096,2351,1174,628,415,48,0
2017,12,읍면동,경기도 부천시 중4동,20118,1722,1966,2937,3703,3264,3399,1855,824,384,61,3,9565,863,1010,1416,1849,1489,1617,862,337,111,11,0,10553,859,956,1521,1854,1775,1782,993,487,273,50,3
2017,12,읍면동,경기도 부천시 중동,24835,2156,2513,3828,3465,4217,4672,2460,1024,436,58,6,12182,1077,1324,1914,1704,2097,2232,1228,466,130,9,1,12653,1079,1189,1914,1761,2120,2440,1232,558,306,49,5
2017,12,읍면동,경기도 부천시 춘의동,15411,1112,1214,2199,2675,2296,2897,1760,874,341,41,2,7770,592,623,1139,1445,1207,1461,841,368,88,5,1,7641,520,591,1060,1230,1089,1436,919,506,253,36,1
2017,12,시군,경기도 성남시 ,967510,80273,99739,136390,150230,171091,156477,96189,52681,20761,3281,398,479225,41213,51383,69544,75385,84833,78178,46939,23665,7192,798,95,488285,39060,48356,66846,74845,86258,78299,49250,29016,13569,2483,303
2017,12,구,경기도 성남시 분당구 ,500212,45815,59549,69631,77302,93875,74807,42135,23978,11221,1832,67,242435,23496,30683,34603,36820,44048,36991,20528,10754,4036,465,11,257777,22319,28866,35028,40482,49827,37816,21607,13224,7185,1367,56
2017,12,읍면동,경기도 성남시 분당구 구미1동,18575,1478,2024,2964,2923,3352,2949,1503,876,438,67,1,8993,776,1048,1434,1412,1572,1445,746,367,177,15,1,9582,702,976,1530,1511,1780,1504,757,509,261,52,0
2017,12,읍면동,경기도 성남시 분당구 구미동,32971,2579,3319,4707,5020,5783,5198,3069,2011,1080,195,10,15934,1315,1710,2362,2454,2696,2579,1457,891,418,52,0,17037,1264,1609,2345,2566,3087,2619,1612,1120,662,143,10
2017,12,읍면동,경기도 성남시 분당구 금곡동,30131,2294,2830,4396,5040,4923,4646,3039,1868,955,137,3,14228,1167,1441,2112,2403,2309,2193,1456,790,324,33,0,15903,1127,1389,2284,2637,2614,2453,1583,1078,631,104,3
2017,12,읍면동,경기도 성남시 분당구 백현동,29159,3861,3512,3821,4885,5139,4369,2104,971,438,56,3,14164,1996,1840,1864,2257,2444,2151,1005,457,132,17,1,14995,1865,1672,1957,2628,2695,2218,1099,514,306,39,2
2017,12,읍면동,경기도 성남시 분당구 분당동,27955,2395,3392,4159,3989,5356,4214,2440,1294,614,98,4,13642,1218,1776,2085,1928,2521,2023,1212,611,236,31,1,14313,1177,1616,2074,2061,2835,2191,1228,683,378,67,3
2017,12,읍면동,경기도 성남시 분당구 삼평동,25483,3201,3292,3112,3807,5038,3769,1928,927,355,51,3,12407,1646,1672,1571,1741,2428,1862,947,419,110,10,1,13076,1555,1620,1541,2066,2610,1907,981,508,245,41,2
2017,12,읍면동,경기도 성남시 분당구 서현1동,32742,2796,4530,4651,4580,6690,4660,2362,1552,786,132,3,15819,1439,2338,2294,2087,3094,2390,1163,673,311,30,0,16923,1357,2192,2357,2493,3596,2270,1199,879,475,102,3
2017,12,읍면동,경기도 성남시 분당구 서현2동,19615,1607,2671,3040,2456,3775,3307,1543,756,395,63,2,9610,840,1382,1581,1181,1678,1663,784,350,136,14,1,10005,767,1289,1459,1275,2097,1644,759,406,259,49,1
2017,12,읍면동,경기도 성남시 분당구 수내1동,18145,1302,2454,2383,2656,3899,2494,1321,959,590,82,5,8676,662,1293,1177,1216,1753,1309,589,411,239,27,0,9469,640,1161,1206,1440,2146,1185,732,548,351,55,5
2017,12,읍면동,경기도 성남시 분당구 수내2동,10972,1148,2079,1090,972,2802,1395,750,462,229,44,1,5333,573,1039,584,399,1313,764,358,207,80,16,0,5639,575,1040,506,573,1489,631,392,255,149,28,1
2017,12,읍면동,경기도 성남시 분당구 수내3동,14911,1204,2632,2037,1776,3585,2075,919,453,193,36,1,7392,618,1381,1040,864,1674,1082,450,214,55,14,0,7519,586,1251,997,912,1911,993,469,239,138,22,1
2017,12,읍면동,경기도 성남시 분당구 야탑1동,18275,1557,1514,2901,3203,2923,2829,1921,990,358,77,2,8939,762,777,1469,1566,1444,1334,960,468,137,22,0,9336,795,737,1432,1637,1479,1495,961,522,221,55,2
2017,12,읍면동,경기도 성남시 분당구 야탑2동,17568,1372,1977,2417,2424,2973,2731,1986,1145,470,70,3,8408,687,1024,1210,1114,1363,1298,979,549,168,16,0,9160,685,953,1207,1310,1610,1433,1007,596,302,54,3
2017,12,읍면동,경기도 성남시 분당구 야탑3동,31219,2731,2670,4615,6085,4912,4917,3009,1549,619,106,6,15380,1409,1342,2397,3231,2401,2292,1468,649,173,17,1,15839,1322,1328,2218,2854,2511,2625,1541,900,446,89,5
2017,12,읍면동,경기도 성남시 분당구 운중동,20845,2351,2307,2574,3121,3996,3350,1989,753,333,71,0,10178,1182,1198,1261,1433,1946,1657,1015,373,103,10,0,10667,1169,1109,1313,1688,2050,1693,974,380,230,61,0
2017,12,읍면동,경기도 성남시 분당구 이매1동,27104,2567,3602,3666,3811,5126,4136,2254,1269,574,95,4,13240,1316,1846,1897,1809,2390,2054,1132,577,194,24,1,13864,1251,1756,1769,2002,2736,2082,1122,692,380,71,3
2017,12,읍면동,경기도 성남시 분당구 이매2동,14475,1130,2033,2027,1462,2744,2357,1466,804,384,65,3,7118,612,1100,1050,652,1237,1189,745,376,142,15,0,7357,518,933,977,810,1507,1168,721,428,242,50,3
2017,12,읍면동,경기도 성남시 분당구 정자1동,30997,2207,3527,4696,5497,6057,4272,2309,1675,659,95,3,14583,1102,1774,2069,2448,2744,2192,1110,799,312,31,2,16414,1105,1753,2627,3049,3313,2080,1199,876,347,64,1
2017,12,읍면동,경기도 성남시 분당구 정자2동,17383,1228,1723,2266,3442,2930,2529,1462,1080,604,115,4,8196,673,914,1079,1751,1303,1228,649,404,165,29,1,9187,555,809,1187,1691,1627,1301,813,676,439,86,3
2017,12,읍면동,경기도 성남시 분당구 정자3동,16440,1526,2078,2265,2471,3147,2449,1165,805,460,74,0,7904,806,1048,1133,1178,1441,1203,561,342,171,21,0,8536,720,1030,1132,1293,1706,1246,604,463,289,53,0
2017,12,읍면동,경기도 성남시 분당구 정자동,21013,1809,2151,3315,4044,3562,2922,1871,929,354,54,2,10436,924,1080,1650,2109,1736,1424,914,448,139,12,0,10577,885,1071,1665,1935,1826,1498,957,481,215,42,2
2017,12,읍면동,경기도 성남시 분당구 판교동,24234,3472,3232,2529,3638,5163,3239,1725,850,333,49,4,11855,1773,1660,1284,1587,2561,1659,828,379,114,9,1,12379,1699,1572,1245,2051,2602,1580,897,471,219,40,3
2017,12,구,경기도 성남시 수정구 ,236932,17502,19661,33955,37642,39126,40669,27634,15011,4845,709,178,120180,8935,10179,17800,20039,20797,20531,13315,6741,1622,174,47,116752,8567,9482,16155,17603,18329,20138,14319,8270,3223,535,131
2017,12,읍면동,경기도 성남시 수정구 고등동,1814,96,64,223,279,233,378,322,160,46,13,0,934,45,29,126,150,133,197,151,79,19,5,0,880,51,35,97,129,100,181,171,81,27,8,0
2017,12,읍면동,경기도 성남시 수정구 단대동,16853,1424,1453,2329,2673,2729,2793,1922,1083,369,68,10,8368,737,784,1198,1395,1382,1352,887,478,137,15,3,8485,687,669,1131,1278,1347,1441,1035,605,232,53,7
2017,12,읍면동,경기도 성남시 수정구 복정동,12563,1172,763,2192,3609,2079,1229,934,415,135,29,6,6755,613,346,1156,2031,1271,628,439,218,43,8,2,5808,559,417,1036,1578,808,601,495,197,92,21,4
2017,12,읍면동,경기도 성남시 수정구 산성동,14386,949,1275,1916,2119,2548,2403,1737,1067,309,37,26,7417,507,663,1002,1162,1395,1246,818,491,114,10,9,6969,442,612,914,957,1153,1157,919,576,195,27,17
2017,12,읍면동,경기도 성남시 수정구 수진1동,13606,570,984,1762,1730,2221,2733,1991,1170,359,68,18,6963,290,531,942,984,1194,1405,957,516,121,16,7,6643,280,453,820,746,1027,1328,1034,654,238,52,11
2017,12,읍면동,경기도 성남시 수정구 수진2동,17887,1108,1458,2630,2600,2809,3280,2293,1302,344,49,14,9039,559,794,1376,1404,1451,1610,1096,608,126,12,3,8848,549,664,1254,1196,1358,1670,1197,694,218,37,11
2017,12,읍면동,경기도 성남시 수정구 시흥동,3371,240,199,408,565,465,575,543,265,94,14,3,1750,133,106,218,308,264,275,274,136,33,3,0,1621,107,93,190,257,201,300,269,129,61,11,3
2017,12,읍면동,경기도 성남시 수정구 신촌동,4804,639,464,727,943,773,541,438,198,71,10,0,2518,335,247,435,501,426,264,199,85,23,3,0,2286,304,217,292,442,347,277,239,113,48,7,0
2017,12,읍면동,경기도 성남시 수정구 신흥1동,14267,649,938,2108,2094,2408,2752,1900,1043,307,50,18,7361,332,497,1136,1173,1343,1421,906,445,92,13,3,6906,317,441,972,921,1065,1331,994,598,215,37,15
2017,12,읍면동,경기도 성남시 수정구 신흥2동,11333,897,1121,1454,1677,1889,2040,1367,628,211,34,15,5730,446,581,763,843,975,1044,680,313,74,6,5,5603,451,540,691,834,914,996,687,315,137,28,10
2017,12,읍면동,경기도 성남시 수정구 신흥3동,11313,508,791,1739,1659,1863,2167,1465,847,231,37,6,5876,253,415,919,933,1051,1139,702,376,74,14,0,5437,255,376,820,726,812,1028,763,471,157,23,6
2017,12,읍면동,경기도 성남시 수정구 양지동,10427,758,1103,1378,1426,1812,1791,1176,715,232,31,5,5179,384,584,694,759,927,904,531,308,78,9,1,5248,374,519,684,667,885,887,645,407,154,22,4
2017,12,읍면동,경기도 성남시 수정구 위례동,40858,4829,3664,5466,7268,6728,6670,3857,1627,661,86,2,20136,2436,1816,2826,3479,3439,3229,1975,731,188,17,0,20722,2393,1848,2640,3789,3289,3441,1882,896,473,69,2
2017,12,읍면동,경기도 성남시 수정구 태평1동,17348,817,1130,2984,2826,2608,2987,2256,1283,401,46,10,8810,423,570,1495,1593,1420,1486,1077,585,147,13,1,8538,394,560,1489,1233,1188,1501,1179,698,254,33,9
2017,12,읍면동,경기도 성남시 수정구 태평2동,16259,920,1440,2465,2138,2773,2944,1973,1137,396,58,15,8227,510,747,1291,1167,1451,1487,937,491,127,13,6,8032,410,693,1174,971,1322,1457,1036,646,269,45,9
2017,12,읍면동,경기도 성남시 수정구 태평3동,14727,869,1241,2079,2057,2484,2760,1802,1030,345,45,15,7474,409,655,1106,1111,1285,1453,888,438,113,13,3,7253,460,586,973,946,1199,1307,914,592,232,32,12
2017,12,읍면동,경기도 성남시 수정구 태평4동,15116,1057,1573,2095,1979,2704,2626,1658,1041,334,34,15,7643,523,814,1117,1046,1390,1391,798,443,113,4,4,7473,534,759,978,933,1314,1235,860,598,221,30,11
2017,12,구,경기도 성남시 중원구 ,230366,16956,20529,32804,35286,38090,41001,26420,13692,4695,740,153,116610,8782,10521,17141,18526,19988,20656,13096,6170,1534,159,37,113756,8174,10008,15663,16760,18102,20345,13324,7522,3161,581,116
2017,12,읍면동,경기도 성남시 중원구 금광1동,8839,599,670,1190,1439,1414,1676,1073,552,169,30,27,4630,326,330,638,792,769,876,558,267,61,8,5,4209,273,340,552,647,645,800,515,285,108,22,22
2017,12,읍면동,경기도 성남시 중원구 금광2동,26880,1679,2428,4272,3980,4435,4692,3137,1649,518,79,11,13086,860,1167,2039,2008,2232,2314,1531,730,184,19,2,13794,819,1261,2233,1972,2203,2378,1606,919,334,60,9
2017,12,읍면동,경기도 성남시 중원구 도촌동,27695,3394,2851,3394,4869,4853,4067,2551,1160,463,92,1,13518,1724,1480,1733,2343,2470,1853,1223,524,152,16,0,14177,1670,1371,1661,2526,2383,2214,1328,636,311,76,1
2017,12,읍면동,경기도 성남시 중원구 상대원1동,27927,2078,2346,3913,4601,4681,5000,3186,1512,527,73,10,14436,1087,1205,2128,2476,2567,2548,1568,675,163,17,2,13491,991,1141,1785,2125,2114,2452,1618,837,364,56,8
2017,12,읍면동,경기도 성남시 중원구 상대원2동,15603,818,1269,2163,2016,2618,3219,2006,1089,333,61,11,8052,437,633,1174,1096,1430,1705,995,475,94,12,1,7551,381,636,989,920,1188,1514,1011,614,239,49,10
2017,12,읍면동,경기도 성남시 중원구 상대원3동,13895,826,1173,2022,1918,2290,2777,1705,846,287,43,8,7206,432,620,1078,1071,1208,1446,884,385,73,6,3,6689,394,553,944,847,1082,1331,821,461,214,37,5
2017,12,읍면동,경기도 성남시 중원구 성남동,32479,1862,2452,5132,5442,4877,5738,3925,2134,784,109,24,16708,937,1268,2695,2978,2613,2908,2008,1000,277,17,7,15771,925,1184,2437,2464,2264,2830,1917,1134,507,92,17
2017,12,읍면동,경기도 성남시 중원구 은행1동,11940,902,1461,1713,1574,2226,1916,1196,680,231,37,4,5894,478,695,881,808,1126,963,554,311,71,6,1,6046,424,766,832,766,1100,953,642,369,160,31,3
2017,12,읍면동,경기도 성남시 중원구 은행2동,27152,1947,2674,3758,3726,4698,4697,3038,1883,621,92,18,13498,1025,1381,1979,2003,2368,2329,1397,787,203,23,3,13654,922,1293,1779,1723,2330,2368,1641,1096,418,69,15
2017,12,읍면동,경기도 성남시 중원구 중앙동,15726,1138,1100,1849,2413,2606,2939,2109,1116,358,65,33,8261,602,604,968,1261,1469,1614,1055,513,136,26,13,7465,536,496,881,1152,1137,1325,1054,603,222,39,20
2017,12,읍면동,경기도 성남시 중원구 하대원동,22230,1713,2105,3398,3308,3392,4280,2494,1071,404,59,6,11321,874,1138,1828,1690,1736,2100,1323,503,120,9,0,10909,839,967,1570,1618,1656,2180,1171,568,284,50,6
2017,12,시군,경기도 수원시 ,1202628,114448,133065,186028,195945,215111,188646,94894,50522,20648,3071,250,605835,58963,69058,97979,100825,107465,95488,46548,22014,6712,718,65,596793,55485,64007,88049,95120,107646,93158,48346,28508,13936,2353,185
2017,12,구,경기도 수원시 권선구 ,365653,36408,36872,54870,63345,62522,59343,30189,15101,6053,884,66,184383,18626,19292,28427,32853,31670,29733,14915,6689,1962,197,19,181270,17782,17580,26443,30492,30852,29610,15274,8412,4091,687,47
2017,12,읍면동,경기도 수원시 권선구 곡선동,29355,2290,2745,5970,6381,5295,4209,1444,655,312,51,3,15424,1127,1421,3120,3565,2835,2216,754,282,91,11,2,13931,1163,1324,2850,2816,2460,1993,690,373,221,40,1
2017,12,읍면동,경기도 수원시 권선구 구운동,26930,1956,2620,4371,3910,4466,5035,2636,1330,525,76,5,13619,993,1321,2305,2113,2250,2510,1344,585,182,15,1,13311,963,1299,2066,1797,2216,2525,1292,745,343,61,4
2017,12,읍면동,경기도 수원시 권선구 권선1동,25130,1712,2149,4600,4675,4064,4378,2127,943,418,58,6,12743,864,1177,2290,2488,2054,2212,1097,418,127,14,2,12387,848,972,2310,2187,2010,2166,1030,525,291,44,4
2017,12,읍면동,경기도 수원시 권선구 권선2동,51829,6886,5979,7464,9588,9140,7695,3233,1230,519,91,4,25627,3543,3184,3809,4611,4405,3711,1649,542,152,19,2,26202,3343,2795,3655,4977,4735,3984,1584,688,367,72,2
2017,12,읍면동,경기도 수원시 권선구 금곡동,45184,5805,5337,5923,7431,8146,7028,3023,1659,741,90,1,22469,3029,2845,3047,3601,3981,3525,1479,692,252,18,0,22715,2776,2492,2876,3830,4165,3503,1544,967,489,72,1
2017,12,읍면동,경기도 수원시 권선구 서둔동,41153,3302,4024,6348,6632,6842,6926,4062,2151,754,104,8,20863,1713,2100,3291,3580,3535,3482,1986,920,232,22,2,20290,1589,1924,3057,3052,3307,3444,2076,1231,522,82,6
2017,12,읍면동,경기도 수원시 권선구 세류1동,10912,1051,723,1628,2063,1558,1897,1149,570,229,35,9,5490,568,383,830,1104,795,922,538,258,82,9,1,5422,483,340,798,959,763,975,611,312,147,26,8
2017,12,읍면동,경기도 수원시 권선구 세류2동,25759,1525,2022,4086,4234,4181,4669,2894,1516,543,83,6,13141,773,1071,2128,2373,2177,2314,1400,694,183,25,3,12618,752,951,1958,1861,2004,2355,1494,822,360,58,3
2017,12,읍면동,경기도 수원시 권선구 세류3동,23296,1521,2084,3370,3523,3943,4120,2687,1430,521,87,10,11656,709,1099,1781,1891,2050,1993,1271,659,182,21,0,11640,812,985,1589,1632,1893,2127,1416,771,339,66,10
2017,12,읍면동,경기도 수원시 권선구 입북동,18124,2356,2147,2078,2961,3618,2666,1321,673,270,34,0,9123,1167,1097,1124,1411,1888,1370,660,310,87,9,0,9001,1189,1050,954,1550,1730,1296,661,363,183,25,0
2017,12,읍면동,경기도 수원시 권선구 평동,37130,3222,3932,5464,5472,6247,6601,3514,1801,755,110,12,18908,1695,2014,2925,2876,3106,3415,1770,834,249,20,4,18222,1527,1918,2539,2596,3141,3186,1744,967,506,90,8
2017,12,읍면동,경기도 수원시 권선구 호매실동,30851,4782,3110,3568,6475,5022,4119,2099,1143,466,65,2,15320,2445,1580,1777,3240,2594,2063,967,495,143,14,2,15531,2337,1530,1791,3235,2428,2056,1132,648,323,51,0
2017,12,구,경기도 수원시 영통구 ,349836,39905,44181,55647,63147,66992,47114,18985,9266,4002,574,23,176219,20559,22772,29129,32013,32962,24166,9372,3900,1216,124,6,173617,19346,21409,26518,31134,34030,22948,9613,5366,2786,450,17
2017,12,읍면동,경기도 수원시 영통구 광교1동,50092,6620,7044,6726,9305,10646,6045,2237,960,439,67,3,24710,3421,3499,3214,4396,5258,3241,1134,392,136,18,1,25382,3199,3545,3512,4909,5388,2804,1103,568,303,49,2
2017,12,읍면동,경기도 수원시 영통구 광교2동,25627,3887,2558,2614,5635,4465,3220,1909,970,318,51,0,12349,1949,1300,1270,2710,2212,1508,871,430,87,12,0,13278,1938,1258,1344,2925,2253,1712,1038,540,231,39,0
2017,12,읍면동,경기도 수원시 영통구 매탄1동,20372,1784,2483,3332,3048,3703,3212,1647,791,323,45,4,10239,913,1293,1857,1540,1782,1598,783,354,110,9,0,10133,871,1190,1475,1508,1921,1614,864,437,213,36,4
2017,12,읍면동,경기도 수원시 영통구 매탄2동,16203,1283,1970,2483,2262,2954,2746,1427,758,279,38,3,8086,687,1015,1257,1184,1450,1352,705,337,92,7,0,8117,596,955,1226,1078,1504,1394,722,421,187,31,3
2017,12,읍면동,경기도 수원시 영통구 매탄3동,38536,3775,5123,7137,6256,7434,5223,2081,985,456,63,3,19948,1934,2625,3946,3439,3646,2739,1066,415,123,15,0,18588,1841,2498,3191,2817,3788,2484,1015,570,333,48,3
2017,12,읍면동,경기도 수원시 영통구 매탄4동,24054,2047,2958,3968,3868,4450,3722,1753,843,381,61,3,11919,1067,1492,2112,1964,2159,1806,859,343,98,17,2,12135,980,1466,1856,1904,2291,1916,894,500,283,44,1
2017,12,읍면동,경기도 수원시 영통구 영통1동,36865,4584,5249,4930,6336,7610,5089,1680,896,426,63,2,18267,2381,2748,2485,3032,3673,2602,833,350,150,11,2,18598,2203,2501,2445,3304,3937,2487,847,546,276,52,0
2017,12,읍면동,경기도 수원시 영통구 영통2동,27852,3486,2546,5810,7166,4607,2643,811,517,240,26,0,14696,1773,1341,3197,3961,2369,1415,378,172,83,7,0,13156,1713,1205,2613,3205,2238,1228,433,345,157,19,0
2017,12,읍면동,경기도 수원시 영통구 영통3동,33232,3204,4819,5997,4731,6785,4975,1555,716,395,53,2,16837,1643,2513,3193,2373,3249,2631,804,307,114,10,0,16395,1561,2306,2804,2358,3536,2344,751,409,281,43,2
2017,12,읍면동,경기도 수원시 영통구 원천동,24746,2512,2312,5089,5439,4115,2845,1448,686,259,40,1,13003,1290,1280,2734,2966,2214,1443,689,303,75,8,1,11743,1222,1032,2355,2473,1901,1402,759,383,184,32,0
2017,12,읍면동,경기도 수원시 영통구 태장동,52257,6723,7119,7561,9101,10223,7394,2437,1144,486,67,2,26165,3501,3666,3864,4448,4950,3831,1250,497,148,10,0,26092,3222,3453,3697,4653,5273,3563,1187,647,338,57,2
2017,12,구,경기도 수원시 장안구 ,293828,24679,34292,45868,39876,53011,49020,25105,14561,6358,977,81,147806,12783,17887,24932,20275,26122,24787,12315,6334,2112,238,21,146022,11896,16405,20936,19601,26889,24233,12790,8227,4246,739,60
2017,12,읍면동,경기도 수원시 장안구 송죽동,20774,1534,2090,3080,3330,3502,3675,2003,1040,446,70,4,10331,780,1094,1576,1717,1732,1813,997,460,143,18,1,10443,754,996,1504,1613,1770,1862,1006,580,303,52,3
2017,12,읍면동,경기도 수원시 장안구 연무동,19460,1029,1590,2945,2483,2893,3562,2485,1646,692,119,16,9906,557,814,1643,1424,1552,1759,1171,737,218,29,2,9554,472,776,1302,1059,1341,1803,1314,909,474,90,14
2017,12,읍면동,경기도 수원시 장안구 영화동,21519,1217,1517,2982,3093,3446,4192,2872,1563,529,87,21,10809,609,762,1543,1692,1805,2077,1386,713,198,18,6,10710,608,755,1439,1401,1641,2115,1486,850,331,69,15
2017,12,읍면동,경기도 수원시 장안구 율천동,44679,3966,5098,9645,6650,7439,6400,3002,1605,758,107,9,23508,2028,2711,5885,3474,3708,3240,1487,670,270,30,5,21171,1938,2387,3760,3176,3731,3160,1515,935,488,77,4
2017,12,읍면동,경기도 수원시 장안구 정자1동,34311,3511,4220,4849,4694,6557,5550,2736,1406,682,98,8,17047,1799,2254,2563,2280,3204,2795,1322,605,199,23,3,17264,1712,1966,2286,2414,3353,2755,1414,801,483,75,5
2017,12,읍면동,경기도 수원시 장안구 정자2동,31932,2642,3872,4579,4408,5762,5335,2787,1779,665,100,3,15836,1371,2014,2450,2187,2810,2652,1311,762,254,24,1,16096,1271,1858,2129,2221,2952,2683,1476,1017,411,76,2
2017,12,읍면동,경기도 수원시 장안구 정자3동,44723,4771,7726,6115,5352,10282,6544,2016,1259,578,77,3,22242,2493,3903,3156,2455,4915,3570,1030,533,170,17,0,22481,2278,3823,2959,2897,5367,2974,986,726,408,60,3
2017,12,읍면동,경기도 수원시 장안구 조원1동,31291,2258,3499,4735,3977,5464,5474,3053,1829,868,129,5,15746,1203,1846,2472,2117,2707,2766,1520,805,279,31,0,15545,1055,1653,2263,1860,2757,2708,1533,1024,589,98,5
2017,12,읍면동,경기도 수원시 장안구 조원2동,20139,1837,2444,3226,2314,3414,3739,1527,980,553,101,4,9748,961,1271,1660,1048,1521,1863,773,415,202,33,1,10391,876,1173,1566,1266,1893,1876,754,565,351,68,3
2017,12,읍면동,경기도 수원시 장안구 파장동,25000,1914,2236,3712,3575,4252,4549,2624,1454,587,89,8,12633,982,1218,1984,1881,2168,2252,1318,634,179,15,2,12367,932,1018,1728,1694,2084,2297,1306,820,408,74,6
2017,12,구,경기도 수원시 팔달구 ,193311,13456,17720,29643,29577,32586,33169,20615,11594,4235,636,80,97427,6995,9107,15491,15684,16711,16802,9946,5091,1422,159,19,95884,6461,8613,14152,13893,15875,16367,10669,6503,2813,477,61
2017,12,읍면동,경기도 수원시 팔달구 고등동,10182,494,749,1387,1391,1679,1858,1408,899,265,43,9,5186,263,387,707,798,891,935,665,426,96,12,6,4996,231,362,680,593,788,923,743,473,169,31,3
2017,12,읍면동,경기도 수원시 팔달구 매교동,10287,485,659,1394,1512,1543,2040,1429,878,289,53,5,5359,250,352,760,854,874,1053,715,387,100,11,3,4928,235,307,634,658,669,987,714,491,189,42,2
2017,12,읍면동,경기도 수원시 팔달구 매산동,11065,551,627,1992,1860,1587,1999,1392,740,262,48,7,5766,272,332,1017,1044,864,1045,717,352,105,15,3,5299,279,295,975,816,723,954,675,388,157,33,4
2017,12,읍면동,경기도 수원시 팔달구 우만1동,22225,1390,1978,3449,3532,3616,3792,2443,1407,539,70,9,11058,741,1048,1826,1944,1821,1809,1134,561,154,17,3,11167,649,930,1623,1588,1795,1983,1309,846,385,53,6
2017,12,읍면동,경기도 수원시 팔달구 우만2동,18268,1596,2201,3442,2730,3140,2740,1379,726,269,44,1,9218,824,1187,1952,1363,1495,1360,643,306,77,11,0,9050,772,1014,1490,1367,1645,1380,736,420,192,33,1
2017,12,읍면동,경기도 수원시 팔달구 인계동,42776,3283,3579,7155,8150,7349,6685,3818,1929,715,100,13,21768,1674,1880,3642,4338,3898,3345,1889,860,220,21,1,21008,1609,1699,3513,3812,3451,3340,1929,1069,495,79,12
2017,12,읍면동,경기도 수원시 팔달구 지동,13790,674,1078,1684,1783,2223,2605,2001,1249,438,46,9,7008,364,572,902,973,1205,1346,948,545,145,7,1,6782,310,506,782,810,1018,1259,1053,704,293,39,8
2017,12,읍면동,경기도 수원시 팔달구 행궁동,11151,395,633,1312,1322,1698,2316,1871,1134,389,71,10,5898,206,313,714,758,1009,1282,915,536,138,27,0,5253,189,320,598,564,689,1034,956,598,251,44,10
2017,12,읍면동,경기도 수원시 팔달구 화서1동,25045,1978,2630,3444,3362,4418,4246,2809,1481,580,85,12,12170,1005,1279,1749,1704,2173,2065,1336,626,210,22,1,12875,973,1351,1695,1658,2245,2181,1473,855,370,63,11
2017,12,읍면동,경기도 수원시 팔달구 화서2동,28522,2610,3586,4384,3935,5333,4888,2065,1151,489,76,5,13996,1396,1757,2222,1908,2481,2562,984,492,177,16,1,14526,1214,1829,2162,2027,2852,2326,1081,659,312,60,4
2017,12,시군,경기도 시흥시 ,419664,40499,49401,59295,62661,82128,72189,30277,15843,6393,913,65,219949,20843,25441,32231,33658,43360,39524,15881,6765,2033,193,20,199715,19656,23960,27064,29003,38768,32665,14396,9078,4360,720,45
2017,12,읍면동,경기도 시흥시 과림동,2086,52,59,191,214,228,550,476,213,86,15,2,1253,29,26,116,131,165,338,287,121,34,4,2,833,23,33,75,83,63,212,189,92,52,11,0
2017,12,읍면동,경기도 시흥시 군자동,25158,2373,2800,3342,3803,4537,4277,2274,1212,473,58,9,13140,1223,1460,1819,2099,2470,2266,1123,530,138,10,2,12018,1150,1340,1523,1704,2067,2011,1151,682,335,48,7
2017,12,읍면동,경기도 시흥시 능곡동,15943,1590,2534,1842,1734,3469,2609,1118,709,280,57,1,7869,831,1223,976,798,1691,1409,554,294,86,7,0,8074,759,1311,866,936,1778,1200,564,415,194,50,1
2017,12,읍면동,경기도 시흥시 대야동,32007,2048,3436,5076,3716,5378,6759,3167,1579,719,123,6,16294,1077,1766,2649,1984,2683,3546,1714,631,222,21,1,15713,971,1670,2427,1732,2695,3213,1453,948,497,102,5
2017,12,읍면동,경기도 시흥시 매화동,13491,1047,1605,1841,1464,2544,2463,1282,841,352,50,2,6995,524,852,1004,751,1332,1371,673,363,107,18,0,6496,523,753,837,713,1212,1092,609,478,245,32,2
2017,12,읍면동,경기도 시흥시 목감동,27633,3824,2214,3107,5582,4353,4088,2612,1238,523,85,7,13985,1913,1148,1583,2848,2358,2065,1332,563,160,12,3,13648,1911,1066,1524,2734,1995,2023,1280,675,363,73,4
2017,12,읍면동,경기도 시흥시 신천동,41128,2613,4788,6636,4635,7343,8634,3776,1871,719,102,11,21119,1360,2454,3548,2484,3658,4604,2002,767,220,22,0,20009,1253,2334,3088,2151,3685,4030,1774,1104,499,80,11
2017,12,읍면동,경기도 시흥시 신현동,11294,767,1055,1635,1227,1844,2421,1277,701,313,48,6,5903,390,548,904,663,968,1286,699,313,109,19,4,5391,377,507,731,564,876,1135,578,388,204,29,2
2017,12,읍면동,경기도 시흥시 연성동,24403,2177,3683,3420,2712,5365,4078,1496,1026,390,51,5,12432,1094,1958,1787,1326,2636,2297,745,438,137,12,2,11971,1083,1725,1633,1386,2729,1781,751,588,253,39,3
2017,12,읍면동,경기도 시흥시 월곶동,16136,1917,1539,1683,2953,3259,2406,1374,712,258,33,2,8395,975,816,884,1537,1765,1275,701,342,92,7,1,7741,942,723,799,1416,1494,1131,673,370,166,26,1
2017,12,읍면동,경기도 시흥시 은행동,30003,2563,4255,4613,3398,5847,5679,2065,1055,477,44,7,15058,1320,2203,2452,1654,2791,2993,1093,407,135,8,2,14945,1243,2052,2161,1744,3056,2686,972,648,342,36,5
2017,12,읍면동,경기도 시흥시 장곡동,18662,2137,3438,2347,2203,4378,2757,697,475,198,31,1,9367,1113,1782,1193,989,2127,1570,346,166,67,13,1,9295,1024,1656,1154,1214,2251,1187,351,309,131,18,0
2017,12,읍면동,경기도 시흥시 정왕1동,26242,2152,2436,3865,4906,5730,4419,1726,729,244,34,1,15209,1082,1236,2298,3065,3513,2662,949,320,77,6,1,11033,1070,1200,1567,1841,2217,1757,777,409,167,28,0
2017,12,읍면동,경기도 시흥시 정왕2동,33636,3551,4611,5146,4767,6945,5514,1678,976,404,42,2,17430,1884,2359,2742,2487,3535,3010,870,393,141,8,1,16206,1667,2252,2404,2280,3410,2504,808,583,263,34,1
2017,12,읍면동,경기도 시흥시 정왕3동,25762,2437,2705,3585,4382,5296,4480,1720,792,314,51,0,14384,1248,1405,2014,2608,3103,2611,944,349,92,10,0,11378,1189,1300,1571,1774,2193,1869,776,443,222,41,0
2017,12,읍면동,경기도 시흥시 정왕4동,51910,7495,6851,6755,9386,10556,7131,2152,1095,426,62,1,26194,3902,3485,3521,4537,5253,3815,1070,454,147,10,0,25716,3593,3366,3234,4849,5303,3316,1082,641,279,52,1
2017,12,읍면동,경기도 시흥시 정왕본동,24170,1756,1392,4211,5579,5056,3924,1387,619,217,27,2,14922,878,720,2741,3697,3312,2406,779,314,69,6,0,9248,878,672,1470,1882,1744,1518,608,305,148,21,2
2017,12,시군,경기도 안산시 ,677710,54642,78734,108010,94238,126060,122504,52999,26887,11894,1640,102,347585,27874,40772,57472,50384,63539,64592,27390,11484,3717,342,19,330125,26768,37962,50538,43854,62521,57912,25609,15403,8177,1298,83
2017,12,구,경기도 안산시 단원구 ,306966,24954,36283,47622,42648,57750,56485,24364,11144,5006,658,52,158483,12691,18829,25469,22866,29319,29966,12796,4887,1510,139,11,148483,12263,17454,22153,19782,28431,26519,11568,6257,3496,519,41
2017,12,읍면동,경기도 안산시 단원구 고잔동,20883,1449,2495,3512,2759,3688,3884,1746,907,391,48,4,10461,718,1296,1863,1485,1792,1955,858,360,129,5,0,10422,731,1199,1649,1274,1896,1929,888,547,262,43,4
2017,12,읍면동,경기도 안산시 단원구 대부동,8370,325,460,818,712,960,1947,1632,988,445,75,8,4384,168,254,472,423,554,984,846,522,144,14,3,3986,157,206,346,289,406,963,786,466,301,61,5
2017,12,읍면동,경기도 안산시 단원구 백운동,19816,1504,2258,2965,2474,3399,4010,2103,781,276,39,7,10088,756,1164,1580,1281,1681,2043,1106,382,85,10,0,9728,748,1094,1385,1193,1718,1967,997,399,191,29,7
2017,12,읍면동,경기도 안산시 단원구 선부1동,11639,932,1081,1660,1860,1981,2166,1149,513,273,23,1,6000,477,552,955,1082,1025,1073,587,176,65,7,1,5639,455,529,705,778,956,1093,562,337,208,16,0
2017,12,읍면동,경기도 안산시 단원구 선부2동,21966,1474,2518,3390,2808,4388,4359,1768,844,355,59,3,11913,784,1325,1849,1577,2441,2521,911,385,103,16,1,10053,690,1193,1541,1231,1947,1838,857,459,252,43,2
2017,12,읍면동,경기도 안산시 단원구 선부3동,35177,2933,4334,5739,5144,6650,6389,2382,1046,508,48,4,17965,1475,2272,3050,2711,3298,3301,1286,414,148,9,1,17212,1458,2062,2689,2433,3352,3088,1096,632,360,39,3
2017,12,읍면동,경기도 안산시 단원구 신길동,24889,2423,2941,3500,3832,4698,4270,1982,841,353,47,2,13246,1250,1503,1953,2139,2538,2299,1046,409,100,9,0,11643,1173,1438,1547,1693,2160,1971,936,432,253,38,2
2017,12,읍면동,경기도 안산시 단원구 와동,44010,3569,5160,6896,6638,8636,7672,3082,1579,694,80,4,23104,1874,2688,3705,3703,4563,4155,1566,627,205,18,0,20906,1695,2472,3191,2935,4073,3517,1516,952,489,62,4
2017,12,읍면동,경기도 안산시 단원구 원곡동,7704,429,339,742,903,1601,1856,994,582,232,20,6,4503,220,178,440,542,1007,1180,549,289,89,8,1,3201,209,161,302,361,594,676,445,293,143,12,5
2017,12,읍면동,경기도 안산시 단원구 중앙동,21487,1635,2397,3812,3386,3823,3767,1712,615,291,44,5,10666,796,1240,1927,1722,1856,1864,906,266,79,8,2,10821,839,1157,1885,1664,1967,1903,806,349,212,36,3
2017,12,읍면동,경기도 안산시 단원구 초지동,42637,4207,5696,6077,6405,8633,6730,2771,1379,633,101,5,21811,2135,2914,3319,3376,4274,3579,1409,587,199,18,1,20826,2072,2782,2758,3029,4359,3151,1362,792,434,83,4
2017,12,읍면동,경기도 안산시 단원구 호수동,48388,4074,6604,8511,5727,9293,9435,3043,1069,555,74,3,24342,2038,3443,4356,2825,4290,5012,1726,470,164,17,1,24046,2036,3161,4155,2902,5003,4423,1317,599,391,57,2
2017,12,구,경기도 안산시 상록구 ,370744,29688,42451,60388,51590,68310,66019,28635,15743,6888,982,50,189102,15183,21943,32003,27518,34220,34626,14594,6597,2207,203,8,181642,14505,20508,28385,24072,34090,31393,14041,9146,4681,779,42
2017,12,읍면동,경기도 안산시 상록구 반월동,19719,1611,1635,2538,2773,3145,3657,2490,1337,469,59,5,10011,823,825,1362,1496,1638,1837,1230,637,153,8,2,9708,788,810,1176,1277,1507,1820,1260,700,316,51,3
2017,12,읍면동,경기도 안산시 상록구 본오1동,43250,3828,5359,6553,6180,8521,7261,2952,1811,706,77,2,22185,1938,2737,3521,3279,4370,3897,1451,751,225,15,1,21065,1890,2622,3032,2901,4151,3364,1501,1060,481,62,1
2017,12,읍면동,경기도 안산시 상록구 본오2동,30212,2236,3917,4836,3744,5892,5335,2184,1389,609,68,2,14951,1139,1968,2440,1917,2855,2719,1126,576,194,17,0,15261,1097,1949,2396,1827,3037,2616,1058,813,415,51,2
2017,12,읍면동,경기도 안산시 상록구 본오3동,22882,1610,2395,3876,3304,4093,4262,1740,1041,491,70,0,11355,804,1213,1941,1768,2024,2097,897,421,178,12,0,11527,806,1182,1935,1536,2069,2165,843,620,313,58,0
2017,12,읍면동,경기도 안산시 상록구 부곡동,24274,2019,2787,3846,3087,4591,4497,1844,1109,441,51,2,12430,1049,1418,2034,1596,2326,2474,945,434,145,8,1,11844,970,1369,1812,1491,2265,2023,899,675,296,43,1
2017,12,읍면동,경기도 안산시 상록구 사동,38273,2913,4106,6657,6074,7192,6237,2344,1612,953,176,9,19917,1525,2155,3579,3453,3700,3387,1185,600,286,45,2,18356,1388,1951,3078,2621,3492,2850,1159,1012,667,131,7
2017,12,읍면동,경기도 안산시 상록구 사이동,35135,3384,4537,5459,4781,6629,6064,2489,1195,524,69,4,17823,1713,2372,2881,2487,3242,3180,1278,501,155,14,0,17312,1671,2165,2578,2294,3387,2884,1211,694,369,55,4
2017,12,읍면동,경기도 안산시 상록구 성포동,26387,1997,3224,4685,3026,4313,5380,2242,916,508,91,5,13008,1028,1677,2503,1471,1902,2669,1192,385,153,27,1,13379,969,1547,2182,1555,2411,2711,1050,531,355,64,4
2017,12,읍면동,경기도 안산시 상록구 안산동,9958,769,915,1344,1260,1585,1946,1278,582,237,37,5,5160,387,476,720,677,852,1033,659,261,85,9,1,4798,382,439,624,583,733,913,619,321,152,28,4
2017,12,읍면동,경기도 안산시 상록구 월피동,44518,3324,5554,7756,5589,8251,8414,3125,1626,765,108,6,22827,1730,2966,4180,2982,3976,4473,1631,649,221,19,0,21691,1594,2588,3576,2607,4275,3941,1494,977,544,89,6
2017,12,읍면동,경기도 안산시 상록구 이동,28391,1879,2220,5314,5088,4998,4794,2284,1271,465,71,7,14998,958,1202,2786,2889,2689,2585,1144,561,174,10,0,13393,921,1018,2528,2199,2309,2209,1140,710,291,61,7
2017,12,읍면동,경기도 안산시 상록구 일동,28311,2515,3190,4076,4301,5508,4573,2220,1360,496,70,2,14362,1242,1590,2123,2273,2921,2387,1065,575,173,13,0,13949,1273,1600,1953,2028,2587,2186,1155,785,323,57,2
2017,12,읍면동,경기도 안산시 상록구 해양동,19434,1603,2612,3448,2383,3592,3599,1443,494,224,35,1,10075,847,1344,1933,1230,1725,1888,791,246,65,6,0,9359,756,1268,1515,1153,1867,1711,652,248,159,29,1
2017,12,시군,경기도 안성시 ,182786,16698,19307,21183,25489,30679,29509,20007,12807,6279,785,43,93574,8584,10086,11497,13559,16357,15470,10071,5623,2137,181,9,89212,8114,9221,9686,11930,14322,14039,9936,7184,4142,604,34
2017,12,읍면동,경기도 안성시 고삼면,2059,71,113,220,168,246,404,387,275,156,19,0,1085,35,59,139,105,153,202,200,133,56,3,0,974,36,54,81,63,93,202,187,142,100,16,0
2017,12,읍면동,경기도 안성시 공도읍,57203,7490,7675,5893,9743,11560,7169,4137,2405,1029,102,0,28646,3818,3971,3054,4850,5968,3654,1970,995,345,21,0,28557,3672,3704,2839,4893,5592,3515,2167,1410,684,81,0
2017,12,읍면동,경기도 안성시 금광면,8329,725,867,816,1012,1318,1365,1064,737,378,43,4,4119,386,465,424,497,708,680,527,302,119,10,1,4210,339,402,392,515,610,685,537,435,259,33,3
2017,12,읍면동,경기도 안성시 대덕면,16683,1806,1197,2267,3481,2705,2422,1516,836,393,57,3,9273,959,606,1299,2061,1610,1389,789,396,149,15,0,7410,847,591,968,1420,1095,1033,727,440,244,42,3
2017,12,읍면동,경기도 안성시 미양면,6462,399,431,620,813,897,1156,1020,701,374,46,5,3447,202,213,370,488,565,606,557,318,118,9,1,3015,197,218,250,325,332,550,463,383,256,37,4
2017,12,읍면동,경기도 안성시 보개면,5992,246,426,657,562,707,1221,968,742,413,45,5,3180,134,264,361,343,424,652,521,327,146,8,0,2812,112,162,296,219,283,569,447,415,267,37,5
2017,12,읍면동,경기도 안성시 삼죽면,3685,135,294,417,319,404,721,654,483,237,18,3,1935,74,146,232,195,241,388,341,218,98,2,0,1750,61,148,185,124,163,333,313,265,139,16,3
2017,12,읍면동,경기도 안성시 서운면,3769,142,206,418,334,474,756,682,479,255,22,1,2004,78,126,250,189,279,421,341,221,94,4,1,1765,64,80,168,145,195,335,341,258,161,18,0
2017,12,읍면동,경기도 안성시 안성1동,12469,779,1233,1697,1405,1786,2357,1561,1082,493,70,6,6246,398,615,897,772,910,1199,765,490,181,17,2,6223,381,618,800,633,876,1158,796,592,312,53,4
2017,12,읍면동,경기도 안성시 안성2동,19137,1773,2340,2438,2657,3486,3123,1784,1004,475,54,3,9608,912,1219,1304,1347,1806,1599,859,409,133,18,2,9529,861,1121,1134,1310,1680,1524,925,595,342,36,1
2017,12,읍면동,경기도 안성시 안성3동,21131,1799,2785,3042,2417,3759,3639,1918,1185,511,72,4,10504,921,1490,1623,1193,1775,1886,940,497,163,16,0,10627,878,1295,1419,1224,1984,1753,978,688,348,56,4
2017,12,읍면동,경기도 안성시 양성면,5494,217,301,554,470,695,1130,992,627,428,78,2,2859,102,153,345,278,396,627,523,291,131,13,0,2635,115,148,209,192,299,503,469,336,297,65,2
2017,12,읍면동,경기도 안성시 원곡면,5069,353,367,535,633,736,1013,715,460,216,39,2,2709,179,200,302,365,441,539,383,211,77,11,1,2360,174,167,233,268,295,474,332,249,139,28,1
2017,12,읍면동,경기도 안성시 일죽면,7985,424,538,781,772,954,1551,1449,941,495,78,2,4122,225,283,426,453,551,814,751,423,172,23,1,3863,199,255,355,319,403,737,698,518,323,55,1
2017,12,읍면동,경기도 안성시 죽산면,7319,339,534,828,703,952,1482,1160,850,426,42,3,3837,161,276,471,423,530,814,604,392,155,11,0,3482,178,258,357,280,422,668,556,458,271,31,3
2017,12,시군,경기도 안양시 ,587764,47710,62657,86006,85980,100985,103271,58680,28818,11893,1614,150,291751,24385,32513,44661,43932,49172,50650,29463,12746,3792,399,38,296013,23325,30144,41345,42048,51813,52621,29217,16072,8101,1215,112
2017,12,구,경기도 안양시 동안구 ,332787,28722,39602,47937,48259,60627,56620,29796,13977,6281,889,77,163752,14706,20509,24807,24029,28766,27648,15040,6065,1948,216,18,169035,14016,19093,23130,24230,31861,28972,14756,7912,4333,673,59
2017,12,읍면동,경기도 안양시 동안구 갈산동,11906,896,1614,1760,1313,2125,2095,1204,562,287,44,6,5818,432,831,935,635,970,1030,614,257,98,13,3,6088,464,783,825,678,1155,1065,590,305,189,31,3
2017,12,읍면동,경기도 안양시 동안구 관양1동,39371,2985,3751,6368,5619,6176,7229,4098,2113,910,114,8,19324,1567,1911,3364,2947,2961,3374,1985,897,288,29,1,20047,1418,1840,3004,2672,3215,3855,2113,1216,622,85,7
2017,12,읍면동,경기도 안양시 동안구 관양2동,20147,1624,1769,3043,3392,3383,3510,1919,1036,411,56,4,10201,798,889,1640,1809,1715,1776,941,470,152,11,0,9946,826,880,1403,1583,1668,1734,978,566,259,45,4
2017,12,읍면동,경기도 안양시 동안구 귀인동,17480,1607,3485,2149,1449,4236,2625,1064,560,267,37,1,8648,873,1833,1063,609,1969,1395,555,234,107,10,0,8832,734,1652,1086,840,2267,1230,509,326,160,27,1
2017,12,읍면동,경기도 안양시 동안구 달안동,12076,1122,954,1624,2776,2129,1635,969,542,295,29,1,5604,599,498,760,1374,975,705,425,194,69,5,0,6472,523,456,864,1402,1154,930,544,348,226,24,1
2017,12,읍면동,경기도 안양시 동안구 범계동,16156,1340,2509,2211,1997,3371,2562,1089,681,338,56,2,7799,670,1343,1091,917,1519,1302,535,293,116,13,0,8357,670,1166,1120,1080,1852,1260,554,388,222,43,2
2017,12,읍면동,경기도 안양시 동안구 부림동,25753,2724,2715,3188,5377,5104,3585,1730,907,380,42,1,12472,1373,1410,1537,2681,2460,1683,840,357,121,9,1,13281,1351,1305,1651,2696,2644,1902,890,550,259,33,0
2017,12,읍면동,경기도 안양시 동안구 부흥동,18429,1737,2490,2306,2562,3689,2750,1680,750,401,60,4,8905,909,1316,1174,1218,1747,1292,816,320,98,15,0,9524,828,1174,1132,1344,1942,1458,864,430,303,45,4
2017,12,읍면동,경기도 안양시 동안구 비산1동,23075,2265,2739,3108,3190,4150,3964,2265,942,371,64,17,11267,1169,1391,1565,1543,1996,1887,1146,437,115,17,1,11808,1096,1348,1543,1647,2154,2077,1119,505,256,47,16
2017,12,읍면동,경기도 안양시 동안구 비산2동,12381,969,1345,1941,1671,2084,2324,1240,534,212,53,8,6060,487,695,1014,809,972,1118,629,248,72,14,2,6321,482,650,927,862,1112,1206,611,286,140,39,6
2017,12,읍면동,경기도 안양시 동안구 비산3동,24841,1647,2457,4035,3286,3855,4797,2715,1315,641,89,4,12386,852,1287,2184,1747,1830,2338,1374,571,178,23,2,12455,795,1170,1851,1539,2025,2459,1341,744,463,66,2
2017,12,읍면동,경기도 안양시 동안구 신촌동,13971,1048,2002,2149,1670,2547,2604,1239,483,206,23,0,6902,518,1053,1105,830,1130,1306,670,224,60,6,0,7069,530,949,1044,840,1417,1298,569,259,146,17,0
2017,12,읍면동,경기도 안양시 동안구 평안동,25080,2778,4132,2856,3561,5804,3283,1483,749,382,48,4,12309,1405,2184,1462,1622,2769,1662,781,288,120,12,4,12771,1373,1948,1394,1939,3035,1621,702,461,262,36,0
2017,12,읍면동,경기도 안양시 동안구 평촌동,16415,1694,2083,2380,2097,3171,2904,1202,598,258,24,4,8083,876,1054,1253,961,1467,1493,618,253,98,8,2,8332,818,1029,1127,1136,1704,1411,584,345,160,16,2
2017,12,읍면동,경기도 안양시 동안구 호계1동,5973,459,432,824,1036,1037,1091,665,293,108,25,3,3178,248,230,433,587,574,599,343,139,22,2,1,2795,211,202,391,449,463,492,322,154,86,23,2
2017,12,읍면동,경기도 안양시 동안구 호계2동,25536,1891,2584,4206,3803,3897,4939,2691,1023,439,57,6,12605,953,1306,2204,1939,1840,2360,1400,461,131,11,0,12931,938,1278,2002,1864,2057,2579,1291,562,308,46,6
2017,12,읍면동,경기도 안양시 동안구 호계3동,24197,1936,2541,3789,3460,3869,4723,2543,889,375,68,4,12191,977,1278,2023,1801,1872,2328,1368,422,103,18,1,12006,959,1263,1766,1659,1997,2395,1175,467,272,50,3
2017,12,구,경기도 안양시 만안구 ,254977,18988,23055,38069,37721,40358,46651,28884,14841,5612,725,73,127999,9679,12004,19854,19903,20406,23002,14423,6681,1844,183,20,126978,9309,11051,18215,17818,19952,23649,14461,8160,3768,542,53
2017,12,읍면동,경기도 안양시 만안구 박달1동,16625,992,1455,2406,2061,2800,3268,2020,1154,407,56,6,8376,502,722,1265,1106,1469,1660,1002,508,125,15,2,8249,490,733,1141,955,1331,1608,1018,646,282,41,4
2017,12,읍면동,경기도 안양시 만안구 박달2동,23787,2369,2553,3732,3771,3727,4122,2194,857,415,46,1,11930,1219,1336,1963,1942,1808,1989,1147,386,128,12,0,11857,1150,1217,1769,1829,1919,2133,1047,471,287,34,1
2017,12,읍면동,경기도 안양시 만안구 석수1동,20774,1790,1837,2872,3082,3332,3749,2309,1207,510,77,9,10226,931,968,1495,1509,1649,1769,1169,559,157,17,3,10548,859,869,1377,1573,1683,1980,1140,648,353,60,6
2017,12,읍면동,경기도 안양시 만안구 석수2동,33701,2675,3170,4889,4834,5509,6166,3616,2013,733,88,8,16926,1360,1697,2508,2497,2779,3130,1785,905,246,18,1,16775,1315,1473,2381,2337,2730,3036,1831,1108,487,70,7
2017,12,읍면동,경기도 안양시 만안구 석수3동,15039,1284,1730,2183,1938,2564,2791,1439,766,306,36,2,7549,625,906,1213,972,1286,1432,710,317,84,4,0,7490,659,824,970,966,1278,1359,729,449,222,32,2
2017,12,읍면동,경기도 안양시 만안구 안양1동,18255,1553,1814,2770,2873,2982,3185,1880,830,314,52,2,9041,773,904,1451,1450,1454,1547,953,379,110,20,0,9214,780,910,1319,1423,1528,1638,927,451,204,32,2
2017,12,읍면동,경기도 안양시 만안구 안양2동,21973,1303,1818,3502,3047,3297,4236,2738,1472,498,55,7,11051,680,952,1738,1642,1663,2129,1373,681,175,15,3,10922,623,866,1764,1405,1634,2107,1365,791,323,40,4
2017,12,읍면동,경기도 안양시 만안구 안양3동,17592,1077,1571,2689,2486,2706,3332,2242,1066,378,38,7,8786,545,841,1400,1357,1373,1568,1096,478,118,9,1,8806,532,730,1289,1129,1333,1764,1146,588,260,29,6
2017,12,읍면동,경기도 안양시 만안구 안양4동,7351,365,568,1124,1024,1138,1293,936,617,255,31,0,3705,183,307,547,588,596,658,460,253,105,8,0,3646,182,261,577,436,542,635,476,364,150,23,0
2017,12,읍면동,경기도 안양시 만안구 안양5동,13827,739,1088,1979,1872,2080,2663,1815,1094,443,50,4,6971,425,580,1016,1040,1063,1322,895,482,135,12,1,6856,314,508,963,832,1017,1341,920,612,308,38,3
2017,12,읍면동,경기도 안양시 만안구 안양6동,19352,1172,1369,2894,3369,2990,3425,2409,1229,437,48,10,10003,584,679,1545,1896,1594,1733,1211,570,169,18,4,9349,588,690,1349,1473,1396,1692,1198,659,268,30,6
2017,12,읍면동,경기도 안양시 만안구 안양7동,16246,1761,1513,2307,3005,2693,2700,1452,570,193,44,8,8152,901,789,1171,1514,1350,1343,723,281,67,10,3,8094,860,724,1136,1491,1343,1357,729,289,126,34,5
2017,12,읍면동,경기도 안양시 만안구 안양8동,11988,621,926,1927,1828,1817,2268,1549,741,265,44,2,6157,316,473,1066,1075,958,1063,776,346,75,9,0,5831,305,453,861,753,859,1205,773,395,190,35,2
2017,12,읍면동,경기도 안양시 만안구 안양9동,18467,1287,1643,2795,2531,2723,3453,2285,1225,458,60,7,9126,635,850,1476,1315,1364,1659,1123,536,150,16,2,9341,652,793,1319,1216,1359,1794,1162,689,308,44,5
2017,12,시군,경기도 양주시 ,212146,20306,24349,24412,27440,38519,34477,22537,14072,5288,705,41,107650,10355,12530,13035,13960,19894,18168,11141,6455,1936,166,10,104496,9951,11819,11377,13480,18625,16309,11396,7617,3352,539,31
2017,12,읍면동,경기도 양주시 광적면,12566,822,1064,1511,1313,2025,2614,1689,1042,436,46,4,6743,424,565,869,739,1124,1479,901,477,154,11,0,5823,398,499,642,574,901,1135,788,565,282,35,4
2017,12,읍면동,경기도 양주시 남면,7518,507,526,909,874,998,1494,1143,657,337,69,4,4146,258,265,555,523,611,856,654,301,108,13,2,3372,249,261,354,351,387,638,489,356,229,56,2
2017,12,읍면동,경기도 양주시 백석읍,28033,2037,3121,3525,2890,4774,5315,3370,2066,827,102,6,14213,1049,1643,1870,1522,2384,2783,1704,928,306,23,1,13820,988,1478,1655,1368,2390,2532,1666,1138,521,79,5
2017,12,읍면동,경기도 양주시 양주1동,5987,279,400,714,548,822,1237,1018,642,288,38,1,3111,155,212,373,310,458,642,559,282,111,8,1,2876,124,188,341,238,364,595,459,360,177,30,0
2017,12,읍면동,경기도 양주시 양주2동,53389,7044,7660,4791,7615,11465,6366,4505,2962,857,119,5,26213,3580,3853,2446,3528,5868,3213,2005,1381,317,22,0,27176,3464,3807,2345,4087,5597,3153,2500,1581,540,97,5
2017,12,읍면동,경기도 양주시 은현면,6591,236,431,785,624,888,1529,1094,660,299,43,2,3701,128,225,472,388,540,882,613,328,113,12,0,2890,108,206,313,236,348,647,481,332,186,31,2
2017,12,읍면동,경기도 양주시 장흥면,10287,605,609,1190,1215,1267,1980,1890,1024,429,73,5,5267,310,324,658,688,702,978,915,510,160,19,3,5020,295,285,532,527,565,1002,975,514,269,54,2
2017,12,읍면동,경기도 양주시 회천1동,10122,742,934,1542,1257,1619,1886,1136,696,266,36,8,5238,369,465,886,680,818,1024,574,321,93,6,2,4884,373,469,656,577,801,862,562,375,173,30,6
2017,12,읍면동,경기도 양주시 회천2동,28122,2264,3173,3809,3363,4976,5348,2826,1716,575,68,4,14271,1191,1639,2025,1722,2534,2803,1386,752,205,14,0,13851,1073,1534,1784,1641,2442,2545,1440,964,370,54,4
2017,12,읍면동,경기도 양주시 회천3동,29359,2985,4559,3486,3648,6156,4205,1990,1609,654,66,1,14538,1477,2359,1787,1774,3017,2238,931,674,253,27,1,14821,1508,2200,1699,1874,3139,1967,1059,935,401,39,0
2017,12,읍면동,경기도 양주시 회천4동,20172,2785,1872,2150,4093,3529,2503,1876,998,320,45,1,10209,1414,980,1094,2086,1838,1270,899,501,116,11,0,9963,1371,892,1056,2007,1691,1233,977,497,204,34,1
2017,12,시군,경기도 양평군 ,115105,8283,9985,10936,11993,16723,21000,18306,11919,5159,750,51,57981,4250,5299,5996,6087,8817,10737,9055,5676,1857,197,10,57124,4033,4686,4940,5906,7906,10263,9251,6243,3302,553,41
2017,12,읍면동,경기도 양평군 강상면,9684,946,848,839,1284,1532,1644,1372,830,328,57,4,4813,472,443,446,636,779,813,662,419,129,14,0,4871,474,405,393,648,753,831,710,411,199,43,4
2017,12,읍면동,경기도 양평군 강하면,4537,202,287,367,392,547,925,1003,569,205,39,1,2288,101,163,206,219,281,450,483,293,81,11,0,2249,101,124,161,173,266,475,520,276,124,28,1
2017,12,읍면동,경기도 양평군 개군면,5018,272,343,438,446,621,984,897,685,293,38,1,2528,132,181,262,240,336,504,428,341,94,9,1,2490,140,162,176,206,285,480,469,344,199,29,0
2017,12,읍면동,경기도 양평군 단월면,3783,157,218,311,324,448,743,769,568,222,23,0,1940,72,132,174,187,263,358,411,261,80,2,0,1843,85,86,137,137,185,385,358,307,142,21,0
2017,12,읍면동,경기도 양평군 서종면,9068,674,754,641,903,1411,1715,1718,859,325,65,3,4551,342,410,345,448,718,847,856,448,116,20,1,4517,332,344,296,455,693,868,862,411,209,45,2
2017,12,읍면동,경기도 양평군 양동면,4651,184,225,351,336,472,937,1001,700,388,50,7,2322,100,121,185,182,274,501,500,313,135,10,1,2329,84,104,166,154,198,436,501,387,253,40,6
2017,12,읍면동,경기도 양평군 양서면,12457,794,1007,1176,1324,1798,2300,2099,1312,561,81,5,6298,378,549,657,681,953,1162,1027,645,224,20,2,6159,416,458,519,643,845,1138,1072,667,337,61,3
2017,12,읍면동,경기도 양평군 양평읍,30856,2694,3459,3562,3779,5153,5313,3569,2258,928,128,13,15455,1405,1787,1902,1866,2597,2761,1766,1019,313,36,3,15401,1289,1672,1660,1913,2556,2552,1803,1239,615,92,10
2017,12,읍면동,경기도 양평군 옥천면,7431,534,508,736,782,1028,1408,1302,787,300,40,6,3786,282,271,428,392,573,710,619,390,110,10,1,3645,252,237,308,390,455,698,683,397,190,30,5
2017,12,읍면동,경기도 양평군 용문면,17077,1407,1691,1727,1748,2489,2862,2453,1786,800,110,4,8655,733,892,953,881,1326,1494,1216,838,289,32,1,8422,674,799,774,867,1163,1368,1237,948,511,78,3
2017,12,읍면동,경기도 양평군 지평면,6793,286,454,528,437,810,1395,1318,987,506,70,2,3432,165,248,290,225,464,718,683,440,173,26,0,3361,121,206,238,212,346,677,635,547,333,44,2
2017,12,읍면동,경기도 양평군 청운면,3750,133,191,260,238,414,774,805,578,303,49,5,1913,68,102,148,130,253,419,404,269,113,7,0,1837,65,89,112,108,161,355,401,309,190,42,5
2017,12,시군,경기도 여주시 ,111984,8592,10890,12333,13064,17291,19929,14960,9799,4461,628,37,56629,4488,5541,6678,6728,9084,10383,7531,4479,1581,123,13,55355,4104,5349,5655,6336,8207,9546,7429,5320,2880,505,24
2017,12,읍면동,경기도 여주시 가남읍,15958,1307,1526,1703,2147,2457,2741,2087,1290,607,86,7,8230,664,781,928,1172,1328,1456,1063,596,222,17,3,7728,643,745,775,975,1129,1285,1024,694,385,69,4
2017,12,읍면동,경기도 여주시 강천면,4030,147,297,364,329,534,795,747,489,281,44,3,2072,79,159,201,186,302,435,366,244,96,3,1,1958,68,138,163,143,232,360,381,245,185,41,2
2017,12,읍면동,경기도 여주시 금사면,3048,113,180,248,218,354,630,667,420,187,30,1,1554,49,102,142,128,185,344,325,201,73,5,0,1494,64,78,106,90,169,286,342,219,114,25,1
2017,12,읍면동,경기도 여주시 능서면,6498,322,483,611,597,754,1345,1101,815,411,59,0,3357,144,255,349,321,447,731,592,369,135,14,0,3141,178,228,262,276,307,614,509,446,276,45,0
2017,12,읍면동,경기도 여주시 대신면,7568,270,526,664,542,890,1599,1420,1069,515,69,4,3795,144,273,386,308,481,792,727,474,192,16,2,3773,126,253,278,234,409,807,693,595,323,53,2
2017,12,읍면동,경기도 여주시 북내면,5137,193,471,509,336,720,1024,793,704,335,49,3,2620,97,247,278,187,390,552,422,310,123,13,1,2517,96,224,231,149,330,472,371,394,212,36,2
2017,12,읍면동,경기도 여주시 산북면,2559,127,187,217,201,313,462,498,372,156,26,0,1253,55,88,122,97,167,230,252,174,61,7,0,1306,72,99,95,104,146,232,246,198,95,19,0
2017,12,읍면동,경기도 여주시 여흥동,22178,2041,2239,2758,2966,3781,3774,2521,1462,540,87,9,11132,1063,1127,1493,1464,1947,1933,1247,674,171,10,3,11046,978,1112,1265,1502,1834,1841,1274,788,369,77,6
2017,12,읍면동,경기도 여주시 오학동,15493,1901,1599,1775,2596,2726,2383,1373,769,320,45,6,7710,1029,796,916,1262,1384,1191,670,340,111,9,2,7783,872,803,859,1334,1342,1192,703,429,209,36,4
2017,12,읍면동,경기도 여주시 점동면,4841,181,433,489,330,531,949,905,646,334,43,0,2506,108,227,283,184,294,512,461,305,119,13,0,2335,73,206,206,146,237,437,444,341,215,30,0
2017,12,읍면동,경기도 여주시 중앙동,19479,1762,2603,2520,2403,3641,3131,1876,1067,430,44,2,9694,915,1316,1308,1197,1822,1627,894,458,148,8,1,9785,847,1287,1212,1206,1819,1504,982,609,282,36,1
2017,12,읍면동,경기도 여주시 흥천면,5195,228,346,475,399,590,1096,972,696,345,46,2,2706,141,170,272,222,337,580,512,334,130,8,0,2489,87,176,203,177,253,516,460,362,215,38,2
2017,12,시군,경기도 연천군 ,45431,3434,3671,5839,4802,5625,7781,6528,5081,2294,342,34,23790,1759,1966,3733,2600,3105,4156,3307,2222,844,87,11,21641,1675,1705,2106,2202,2520,3625,3221,2859,1450,255,23
2017,12,읍면동,경기도 연천군 군남면,3503,156,226,359,253,376,677,633,539,252,30,2,1844,72,119,234,145,232,367,337,234,94,9,1,1659,84,107,125,108,144,310,296,305,158,21,1
2017,12,읍면동,경기도 연천군 미산면,1758,61,75,177,96,163,389,374,278,124,17,4,929,33,39,111,56,96,213,203,130,42,5,1,829,28,36,66,40,67,176,171,148,82,12,3
2017,12,읍면동,경기도 연천군 백학면,2836,140,198,287,220,306,554,483,446,184,18,0,1500,71,111,188,129,178,290,248,205,74,6,0,1336,69,87,99,91,128,264,235,241,110,12,0
2017,12,읍면동,경기도 연천군 신서면,2955,87,151,364,194,274,535,610,492,217,29,2,1577,42,77,268,119,174,296,290,215,86,9,1,1378,45,74,96,75,100,239,320,277,131,20,1
2017,12,읍면동,경기도 연천군 연천읍,8408,833,567,1407,1077,926,1212,1000,913,410,60,3,4559,430,311,982,600,530,672,480,379,159,16,0,3849,403,256,425,477,396,540,520,534,251,44,3
2017,12,읍면동,경기도 연천군 왕징면,1093,40,50,99,61,104,181,248,217,80,11,2,570,25,26,62,35,65,99,124,99,31,3,1,523,15,24,37,26,39,82,124,118,49,8,1
2017,12,읍면동,경기도 연천군 장남면,755,31,40,64,43,85,157,138,131,51,15,0,387,15,25,42,23,50,78,73,61,19,1,0,368,16,15,22,20,35,79,65,70,32,14,0
2017,12,읍면동,경기도 연천군 전곡읍,19756,1897,2113,2548,2479,2900,3219,2250,1483,729,122,16,10116,986,1111,1467,1278,1507,1673,1155,650,253,30,6,9640,911,1002,1081,1201,1393,1546,1095,833,476,92,10
2017,12,읍면동,경기도 연천군 중면,208,13,9,56,21,11,32,36,16,13,1,0,122,7,4,48,9,5,18,20,8,3,0,0,86,6,5,8,12,6,14,16,8,10,1,0
2017,12,읍면동,경기도 연천군 청산면,4159,176,242,478,358,480,825,756,566,234,39,5,2186,78,143,331,206,268,450,377,241,83,8,1,1973,98,99,147,152,212,375,379,325,151,31,4
2017,12,시군,경기도 오산시 ,213437,26649,24650,27494,40172,40001,28314,14578,8172,2982,390,35,109620,13741,12593,14643,21075,21089,14659,7159,3529,1045,80,7,103817,12908,12057,12851,19097,18912,13655,7419,4643,1937,310,28
2017,12,읍면동,경기도 오산시 남촌동,21814,1431,1545,4215,5668,3868,2647,1410,739,249,37,5,12532,727,798,2359,3576,2342,1541,734,357,90,7,1,9282,704,747,1856,2092,1526,1106,676,382,159,30,4
2017,12,읍면동,경기도 오산시 대원동,65991,8396,8053,8754,12012,12660,8694,4161,2354,790,111,6,33800,4301,4228,4678,6160,6566,4525,2046,993,275,28,0,32191,4095,3825,4076,5852,6094,4169,2115,1361,515,83,6
2017,12,읍면동,경기도 오산시 세마동,19867,2840,2337,2317,3491,3817,2631,1427,713,247,41,6,10142,1511,1171,1256,1674,2037,1341,719,331,92,9,1,9725,1329,1166,1061,1817,1780,1290,708,382,155,32,5
2017,12,읍면동,경기도 오산시 신장동,58627,8364,6554,6586,11126,10429,7835,4344,2382,886,113,8,29343,4307,3269,3433,5651,5409,3851,2102,1002,298,21,0,29284,4057,3285,3153,5475,5020,3984,2242,1380,588,92,8
2017,12,읍면동,경기도 오산시 중앙동,30301,3522,3894,3784,4903,5919,4222,2141,1311,537,63,5,15262,1803,1966,1974,2515,2996,2212,1038,557,190,10,1,15039,1719,1928,1810,2388,2923,2010,1103,754,347,53,4
2017,12,읍면동,경기도 오산시 초평동,16837,2096,2267,1838,2972,3308,2285,1095,673,273,25,5,8541,1092,1161,943,1499,1739,1189,520,289,100,5,4,8296,1004,1106,895,1473,1569,1096,575,384,173,20,1
2017,12,시군,경기도 용인시 ,1004081,108092,124062,121485,147517,197916,139599,85339,56043,20835,3039,154,498923,55467,64047,62769,71694,98531,71917,39675,25925,8106,775,17,505158,52625,60015,58716,75823,99385,67682,45664,30118,12729,2264,137
2017,12,구,경기도 용인시 기흥구 ,419429,49336,52595,48868,64135,84918,54872,33402,22151,7887,1210,55,207548,25327,27063,25279,30833,42281,27852,15236,10233,3133,306,5,211881,24009,25532,23589,33302,42637,27020,18166,11918,4754,904,50
2017,12,읍면동,경기도 용인시 기흥구 구갈동,27309,2244,2912,4502,4568,4909,4301,2139,1235,428,67,4,13732,1139,1481,2266,2412,2455,2209,1037,574,141,18,0,13577,1105,1431,2236,2156,2454,2092,1102,661,287,49,4
2017,12,읍면동,경기도 용인시 기흥구 구성동,40565,4595,5123,3892,5503,8487,5036,3934,2894,954,141,6,19659,2348,2625,2021,2541,4191,2451,1704,1324,430,23,1,20906,2247,2498,1871,2962,4296,2585,2230,1570,524,118,5
2017,12,읍면동,경기도 용인시 기흥구 기흥동,22471,2625,2361,2469,3628,4190,3198,2197,1290,447,63,3,11141,1331,1248,1307,1782,2128,1550,1009,619,148,19,0,11330,1294,1113,1162,1846,2062,1648,1188,671,299,44,3
2017,12,읍면동,경기도 용인시 기흥구 동백동,81180,11133,13313,7668,11323,19466,9065,4805,3191,1049,157,10,39767,5679,6879,3878,4930,9623,4784,2118,1433,400,41,2,41413,5454,6434,3790,6393,9843,4281,2687,1758,649,116,8
2017,12,읍면동,경기도 용인시 기흥구 마북동,32931,3244,3470,3988,4728,5808,4609,3477,2552,925,123,7,16163,1670,1757,2089,2312,2823,2290,1556,1231,398,37,0,16768,1574,1713,1899,2416,2985,2319,1921,1321,527,86,7
2017,12,읍면동,경기도 용인시 기흥구 보정동,36624,4101,4486,3915,5204,7437,4487,3405,2623,845,119,2,17977,2135,2269,2009,2408,3610,2295,1534,1298,391,28,0,18647,1966,2217,1906,2796,3827,2192,1871,1325,454,91,2
2017,12,읍면동,경기도 용인시 기흥구 상갈동,46186,4964,6038,5206,6605,9465,6163,3890,2771,941,135,8,23276,2596,3142,2687,3304,4829,3205,1779,1304,391,38,1,22910,2368,2896,2519,3301,4636,2958,2111,1467,550,97,7
2017,12,읍면동,경기도 용인시 기흥구 상하동,25261,2660,3267,3040,3467,5088,3707,2130,1352,477,69,4,12366,1359,1690,1580,1650,2465,1860,978,595,175,14,0,12895,1301,1577,1460,1817,2623,1847,1152,757,302,55,4
2017,12,읍면동,경기도 용인시 기흥구 서농동,25667,3958,2281,4507,5674,4033,2960,1349,654,208,42,1,13143,2038,1177,2433,2955,2091,1434,641,297,67,10,0,12524,1920,1104,2074,2719,1942,1526,708,357,141,32,1
2017,12,읍면동,경기도 용인시 기흥구 신갈동,36314,3711,4174,4481,5437,7102,5373,3073,2060,785,111,7,18011,1887,2122,2276,2682,3575,2795,1445,888,312,28,1,18303,1824,2052,2205,2755,3527,2578,1628,1172,473,83,6
2017,12,읍면동,경기도 용인시 기흥구 영덕동,44921,6101,5170,5200,7998,8933,5973,3003,1529,828,183,3,22313,3145,2673,2733,3857,4491,2979,1435,670,280,50,0,22608,2956,2497,2467,4141,4442,2994,1568,859,548,133,3
2017,12,구,경기도 용인시 수지구 ,353099,37999,46290,42198,50865,72106,46630,28793,20225,6959,994,40,172633,19524,23634,21220,23760,34907,23943,13004,9534,2844,259,4,180466,18475,22656,20978,27105,37199,22687,15789,10691,4115,735,36
2017,12,읍면동,경기도 용인시 수지구 동천동,36543,3948,4616,4406,5276,7597,5030,3108,1872,589,96,5,18035,2062,2348,2225,2470,3705,2562,1506,899,241,17,0,18508,1886,2268,2181,2806,3892,2468,1602,973,348,79,5
2017,12,읍면동,경기도 용인시 수지구 상현1동,47958,5248,6520,5775,6990,9848,6170,3857,2543,864,137,6,23290,2663,3330,2837,3236,4719,3222,1687,1215,349,32,0,24668,2585,3190,2938,3754,5129,2948,2170,1328,515,105,6
2017,12,읍면동,경기도 용인시 수지구 상현2동,33766,3514,4625,3762,4397,6839,4479,3057,2270,713,105,5,16434,1809,2375,1880,2013,3288,2310,1350,1082,292,35,0,17332,1705,2250,1882,2384,3551,2169,1707,1188,421,70,5
2017,12,읍면동,경기도 용인시 수지구 성복동,38677,3867,4668,4010,4521,7381,5217,4678,3240,933,157,5,18590,1960,2362,2067,1908,3525,2554,2054,1689,429,41,1,20087,1907,2306,1943,2613,3856,2663,2624,1551,504,116,4
2017,12,읍면동,경기도 용인시 수지구 신봉동,37944,4098,5418,3894,4622,8399,4919,3181,2476,827,106,4,18434,2058,2769,2012,2018,4034,2555,1380,1206,378,24,0,19510,2040,2649,1882,2604,4365,2364,1801,1270,449,82,4
2017,12,읍면동,경기도 용인시 수지구 죽전1동,59116,6594,7892,7363,8573,12164,7745,4331,3118,1167,161,8,28867,3407,4024,3711,4005,5897,3924,1986,1400,469,43,1,30249,3187,3868,3652,4568,6267,3821,2345,1718,698,118,7
2017,12,읍면동,경기도 용인시 수지구 죽전2동,19352,1903,1878,2848,3652,3355,2757,1541,967,406,45,0,9521,981,979,1379,1834,1631,1371,732,451,153,10,0,9831,922,899,1469,1818,1724,1386,809,516,253,35,0
2017,12,읍면동,경기도 용인시 수지구 풍덕천1동,36849,3557,4305,5225,6166,6942,5142,2746,1958,700,106,2,18416,1808,2239,2711,3191,3421,2637,1282,840,254,33,0,18433,1749,2066,2514,2975,3521,2505,1464,1118,446,73,2
2017,12,읍면동,경기도 용인시 수지구 풍덕천2동,42894,5270,6368,4915,6668,9581,5171,2294,1781,760,81,5,21046,2776,3208,2398,3085,4687,2808,1027,752,279,24,2,21848,2494,3160,2517,3583,4894,2363,1267,1029,481,57,3
2017,12,구,경기도 용인시 처인구 ,231553,20757,25177,30419,32517,40892,38097,23144,13667,5989,835,59,118742,10616,13350,16270,17101,21343,20122,11435,6158,2129,210,8,112811,10141,11827,14149,15416,19549,17975,11709,7509,3860,625,51
2017,12,읍면동,경기도 용인시 처인구 남사면,6901,291,531,693,644,995,1389,1101,779,410,63,5,3683,153,276,385,375,591,805,564,354,162,18,0,3218,138,255,308,269,404,584,537,425,248,45,5
2017,12,읍면동,경기도 용인시 처인구 동부동,14090,1002,1490,1994,1747,2475,2619,1563,825,322,48,5,7221,515,828,1061,938,1246,1343,787,374,117,12,0,6869,487,662,933,809,1229,1276,776,451,205,36,5
2017,12,읍면동,경기도 용인시 처인구 모현읍,26461,2454,2545,3332,3730,4552,4499,2968,1631,657,86,7,13928,1306,1339,1827,1970,2454,2481,1506,768,256,19,2,12533,1148,1206,1505,1760,2098,2018,1462,863,401,67,5
2017,12,읍면동,경기도 용인시 처인구 백암면,8790,336,676,990,770,1179,1767,1450,984,547,85,6,4624,182,365,556,455,692,962,751,437,201,22,1,4166,154,311,434,315,487,805,699,547,346,63,5
2017,12,읍면동,경기도 용인시 처인구 양지면,18267,1476,2011,2245,2513,3129,3170,2021,1073,536,87,6,9613,796,1082,1256,1360,1665,1681,1055,517,177,23,1,8654,680,929,989,1153,1464,1489,966,556,359,64,5
2017,12,읍면동,경기도 용인시 처인구 역삼동,36013,4222,3955,5349,6463,6265,5008,2643,1486,542,73,7,18114,2159,2065,2738,3325,3120,2506,1287,689,199,25,1,17899,2063,1890,2611,3138,3145,2502,1356,797,343,48,6
2017,12,읍면동,경기도 용인시 처인구 원삼면,7863,418,561,775,762,1112,1540,1335,885,420,51,4,4079,214,284,435,435,637,809,690,417,144,14,0,3784,204,277,340,327,475,731,645,468,276,37,4
2017,12,읍면동,경기도 용인시 처인구 유림동,32808,3464,4560,4046,4592,6733,4877,2384,1511,575,64,2,16555,1696,2411,2106,2318,3371,2635,1145,647,203,23,0,16253,1768,2149,1940,2274,3362,2242,1239,864,372,41,2
2017,12,읍면동,경기도 용인시 처인구 이동읍,21086,2005,2082,2195,2823,3686,3725,2389,1393,667,114,7,10732,1008,1090,1255,1452,2001,1946,1133,608,214,25,0,10354,997,992,940,1371,1685,1779,1256,785,453,89,7
2017,12,읍면동,경기도 용인시 처인구 중앙동,24841,1924,2501,4114,3531,4286,4123,2409,1317,552,75,9,12518,960,1334,2136,1862,2195,2081,1158,579,194,16,3,12323,964,1167,1978,1669,2091,2042,1251,738,358,59,6
2017,12,읍면동,경기도 용인시 처인구 포곡읍,34433,3165,4265,4686,4942,6480,5380,2881,1783,761,89,1,17675,1627,2276,2515,2611,3371,2873,1359,768,262,13,0,16758,1538,1989,2171,2331,3109,2507,1522,1015,499,76,1
2017,12,시군,경기도 의왕시 ,155767,13418,16077,22114,21521,26273,28077,16188,7954,3556,548,41,77736,6936,8217,11670,11134,12890,13828,8174,3595,1154,128,10,78031,6482,7860,10444,10387,13383,14249,8014,4359,2402,420,31
2017,12,읍면동,경기도 의왕시 고천동,12567,975,1129,1604,1804,1887,2265,1719,790,341,52,1,6333,504,564,873,967,939,1089,892,387,105,12,1,6234,471,565,731,837,948,1176,827,403,236,40,0
2017,12,읍면동,경기도 의왕시 내손1동,22397,1844,2550,3551,2777,3844,4372,2039,892,455,64,9,10980,936,1330,1825,1356,1804,2147,1032,384,153,12,1,11417,908,1220,1726,1421,2040,2225,1007,508,302,52,8
2017,12,읍면동,경기도 의왕시 내손2동,33252,3107,3092,5137,4859,5475,6090,3173,1462,732,119,6,16463,1571,1634,2691,2439,2648,3021,1617,606,212,23,1,16789,1536,1458,2446,2420,2827,3069,1556,856,520,96,5
2017,12,읍면동,경기도 의왕시 부곡동,26603,2025,2595,3819,3650,4374,4671,2767,1758,832,103,9,13546,1066,1291,2061,2062,2235,2354,1376,772,294,32,3,13057,959,1304,1758,1588,2139,2317,1391,986,538,71,6
2017,12,읍면동,경기도 의왕시 오전동,39409,3391,4580,5265,5239,6922,7075,4275,1842,684,130,6,19705,1768,2347,2792,2655,3374,3468,2179,877,220,23,2,19704,1623,2233,2473,2584,3548,3607,2096,965,464,107,4
2017,12,읍면동,경기도 의왕시 청계동,21539,2076,2131,2738,3192,3771,3604,2215,1210,512,80,10,10709,1091,1051,1428,1655,1890,1749,1078,569,170,26,2,10830,985,1080,1310,1537,1881,1855,1137,641,342,54,8
2017,12,시군,경기도 의정부시 ,441584,36425,46894,60291,59830,77367,75250,45250,28083,10628,1375,191,217944,18732,24218,30894,30345,38293,37495,21549,12268,3761,350,39,223640,17693,22676,29397,29485,39074,37755,23701,15815,6867,1025,152
2017,12,읍면동,경기도 의정부시 가능1동,24768,1427,2256,3535,3013,4067,4875,2956,1844,698,86,11,12442,743,1156,1862,1633,2067,2464,1429,812,255,20,1,12326,684,1100,1673,1380,2000,2411,1527,1032,443,66,10
2017,12,읍면동,경기도 의정부시 녹양동,23179,2050,2587,3126,3106,4120,3984,2267,1336,535,65,3,11560,1095,1371,1637,1577,2037,1963,1083,587,192,18,0,11619,955,1216,1489,1529,2083,2021,1184,749,343,47,3
2017,12,읍면동,경기도 의정부시 송산1동,31682,2524,3544,4332,3900,5689,5639,3203,1889,823,127,12,15665,1256,1837,2287,1991,2789,2855,1571,786,264,28,1,16017,1268,1707,2045,1909,2900,2784,1632,1103,559,99,11
2017,12,읍면동,경기도 의정부시 송산2동,68080,8583,8728,8108,10862,13366,9449,4755,2915,1162,147,5,33359,4426,4403,4087,5229,6564,4777,2216,1227,399,29,2,34721,4157,4325,4021,5633,6802,4672,2539,1688,763,118,3
2017,12,읍면동,경기도 의정부시 신곡1동,43626,3276,4901,6173,5393,7668,7995,4463,2623,1009,115,10,21488,1695,2484,3238,2768,3613,3996,2195,1130,334,32,3,22138,1581,2417,2935,2625,4055,3999,2268,1493,675,83,7
2017,12,읍면동,경기도 의정부시 신곡2동,46746,3766,6039,6758,5466,8481,8334,4218,2477,1054,145,8,22659,1940,3152,3419,2652,3940,4088,2029,1046,350,42,1,24087,1826,2887,3339,2814,4541,4246,2189,1431,704,103,7
2017,12,읍면동,경기도 의정부시 의정부1동,20322,944,1388,3160,2855,3178,3980,2636,1498,577,78,28,10515,501,691,1581,1618,1766,2082,1351,687,209,24,5,9807,443,697,1579,1237,1412,1898,1285,811,368,54,23
2017,12,읍면동,경기도 의정부시 의정부2동,27748,1628,2252,4536,4198,4605,4899,2973,1926,641,82,8,13821,859,1198,2291,2229,2321,2417,1410,824,241,28,3,13927,769,1054,2245,1969,2284,2482,1563,1102,400,54,5
2017,12,읍면동,경기도 의정부시 의정부3동,10452,452,672,1775,1509,1655,1952,1265,805,308,39,20,5334,233,355,876,819,938,1064,594,321,117,13,4,5118,219,317,899,690,717,888,671,484,191,26,16
2017,12,읍면동,경기도 의정부시 자금동,29989,2570,3244,4027,3897,5290,5260,2982,1845,760,93,21,14740,1291,1714,2070,1934,2595,2595,1438,804,268,22,9,15249,1279,1530,1957,1963,2695,2665,1544,1041,492,71,12
2017,12,읍면동,경기도 의정부시 장암동,20390,1700,2189,2360,2688,3567,3345,2333,1523,602,73,10,9783,841,1158,1225,1300,1752,1605,1060,645,187,9,1,10607,859,1031,1135,1388,1815,1740,1273,878,415,64,9
2017,12,읍면동,경기도 의정부시 호원1동,35953,2850,2957,4656,5368,5791,5602,4681,3004,902,122,20,17626,1495,1507,2261,2764,2964,2648,2160,1443,350,29,5,18327,1355,1450,2395,2604,2827,2954,2521,1561,552,93,15
2017,12,읍면동,경기도 의정부시 호원2동,37294,3220,4071,4792,4909,6394,6007,4006,2808,970,110,7,18189,1622,2077,2465,2387,3141,2944,1852,1276,392,31,2,19105,1598,1994,2327,2522,3253,3063,2154,1532,578,79,5
2017,12,읍면동,경기도 의정부시 흥선동,21355,1435,2066,2953,2666,3496,3929,2512,1590,587,93,28,10763,735,1115,1595,1444,1806,1997,1161,680,203,25,2,10592,700,951,1358,1222,1690,1932,1351,910,384,68,26
2017,12,시군,경기도 이천시 ,213142,21562,24250,27446,31769,35509,33511,20354,12304,5623,760,54,108815,11160,12650,14683,16582,18234,17542,10286,5537,1936,194,11,104327,10402,11600,12763,15187,17275,15969,10068,6767,3687,566,43
2017,12,읍면동,경기도 이천시 관고동,10575,754,992,1594,1503,1656,1986,1191,628,241,28,2,5297,407,468,804,811,831,1023,607,265,75,5,1,5278,347,524,790,692,825,963,584,363,166,23,1
2017,12,읍면동,경기도 이천시 대월면,13779,1460,1340,2066,2398,2092,1894,1282,852,331,57,7,6907,773,666,1008,1219,1097,1002,644,371,112,13,2,6872,687,674,1058,1179,995,892,638,481,219,44,5
2017,12,읍면동,경기도 이천시 마장면,10559,1013,1007,1429,1546,1504,1614,1234,773,372,61,6,5695,536,520,849,884,869,891,648,350,132,16,0,4864,477,487,580,662,635,723,586,423,240,45,6
2017,12,읍면동,경기도 이천시 모가면,4646,195,308,470,427,548,992,797,580,280,47,2,2473,111,178,280,248,312,538,423,267,102,14,0,2173,84,130,190,179,236,454,374,313,178,33,2
2017,12,읍면동,경기도 이천시 백사면,10683,803,950,1363,1219,1618,2038,1317,870,437,63,5,5468,427,505,720,657,831,1071,675,408,155,19,0,5215,376,445,643,562,787,967,642,462,282,44,5
2017,12,읍면동,경기도 이천시 부발읍,37348,4616,4971,4560,6416,6916,4988,2649,1507,641,78,6,19080,2320,2594,2403,3232,3562,2711,1349,670,223,16,0,18268,2296,2377,2157,3184,3354,2277,1300,837,418,62,6
2017,12,읍면동,경기도 이천시 설성면,5101,241,299,523,461,592,1012,897,684,349,41,2,2676,114,144,307,271,368,551,473,317,121,9,1,2425,127,155,216,190,224,461,424,367,228,32,1
2017,12,읍면동,경기도 이천시 신둔면,12299,961,1122,1512,1613,1931,2371,1477,862,375,71,4,6482,522,600,814,879,1057,1261,782,408,138,20,1,5817,439,522,698,734,874,1110,695,454,237,51,3
2017,12,읍면동,경기도 이천시 율면,2862,90,154,228,196,282,558,565,446,302,39,2,1437,51,69,125,117,175,297,274,210,108,10,1,1425,39,85,103,79,107,261,291,236,194,29,1
2017,12,읍면동,경기도 이천시 장호원읍,15562,1253,1650,1672,1829,2272,2672,2056,1354,717,78,9,7864,656,863,948,929,1186,1362,1019,622,247,28,4,7698,597,787,724,900,1086,1310,1037,732,470,50,5
2017,12,읍면동,경기도 이천시 중리동,14333,1162,1106,2374,2390,2104,2425,1545,848,331,46,2,7811,625,603,1438,1447,1135,1250,762,412,125,14,0,6522,537,503,936,943,969,1175,783,436,206,32,2
2017,12,읍면동,경기도 이천시 증포동,51157,7303,8074,5977,8516,10241,6582,2503,1312,580,67,2,25464,3741,4257,3052,4088,4931,3449,1233,524,175,13,1,25693,3562,3817,2925,4428,5310,3133,1270,788,405,54,1
2017,12,읍면동,경기도 이천시 창전동,18347,1292,1868,2985,2537,2911,3276,2011,1027,398,38,4,9053,654,963,1558,1373,1387,1542,982,450,137,7,0,9294,638,905,1427,1164,1524,1734,1029,577,261,31,4
2017,12,읍면동,경기도 이천시 호법면,5891,419,409,693,718,842,1103,830,561,269,46,1,3108,223,220,377,427,493,594,415,263,86,10,0,2783,196,189,316,291,349,509,415,298,183,36,1
2017,12,시군,경기도 파주시 ,437848,46810,48896,54042,67442,78210,64453,38934,26427,10975,1494,165,222312,23869,25314,28272,35746,40443,33847,18867,11515,4011,384,44,215536,22941,23582,25770,31696,37767,30606,20067,14912,6964,1110,121
2017,12,읍면동,경기도 파주시 광탄면,12107,571,826,1513,1162,1577,2641,1850,1244,609,99,15,6513,306,440,900,677,908,1480,999,579,196,24,4,5594,265,386,613,485,669,1161,851,665,413,75,11
2017,12,읍면동,경기도 파주시 교하동,42639,4967,5904,4435,6305,9025,5824,3252,1942,846,125,14,21579,2540,3110,2387,3074,4574,3147,1582,854,288,21,2,21060,2427,2794,2048,3231,4451,2677,1670,1088,558,104,12
2017,12,읍면동,경기도 파주시 금촌1동,23284,1497,1886,3485,3404,3654,4290,2619,1657,682,98,12,12241,777,985,1906,1971,2003,2320,1305,701,245,24,4,11043,720,901,1579,1433,1651,1970,1314,956,437,74,8
2017,12,읍면동,경기도 파주시 금촌2동,35502,4561,4844,4212,5939,6816,4586,2252,1590,610,84,8,17480,2363,2499,2048,3026,3332,2334,1013,635,212,17,1,18022,2198,2345,2164,2913,3484,2252,1239,955,398,67,7
2017,12,읍면동,경기도 파주시 금촌3동,28698,3065,3226,3942,4508,4815,4310,2492,1606,644,88,2,14677,1546,1715,2049,2446,2458,2251,1220,717,248,27,0,14021,1519,1511,1893,2062,2357,2059,1272,889,396,61,2
2017,12,읍면동,경기도 파주시 문산읍,50432,6080,4875,6206,9144,7723,6840,4404,3458,1497,183,22,25716,3077,2549,3190,5089,4129,3503,2070,1464,582,52,11,24716,3003,2326,3016,4055,3594,3337,2334,1994,915,131,11
2017,12,읍면동,경기도 파주시 법원읍,11830,555,1019,1421,1129,1675,2371,1742,1256,574,78,10,6226,288,563,815,660,943,1277,895,561,199,23,2,5604,267,456,606,469,732,1094,847,695,375,55,8
2017,12,읍면동,경기도 파주시 운정1동,45176,6246,5930,4793,7373,9206,5900,3118,1850,670,84,6,22139,3170,2959,2358,3495,4600,2982,1493,823,237,21,1,23037,3076,2971,2435,3878,4606,2918,1625,1027,433,63,5
2017,12,읍면동,경기도 파주시 운정2동,41506,5772,5632,4506,6993,8524,4808,2706,1805,669,89,2,20221,2938,2864,2182,3395,4240,2381,1202,732,263,23,1,21285,2834,2768,2324,3598,4284,2427,1504,1073,406,66,1
2017,12,읍면동,경기도 파주시 운정3동,63024,8523,8038,6625,10616,12909,8142,4312,2752,991,113,3,30819,4324,4115,3307,5069,6425,4036,1965,1187,365,26,0,32205,4199,3923,3318,5547,6484,4106,2347,1565,626,87,3
2017,12,읍면동,경기도 파주시 월롱면,11922,267,369,4285,2671,1136,1362,969,551,275,34,3,7380,142,206,2346,2252,751,803,531,249,93,7,0,4542,125,163,1939,419,385,559,438,302,182,27,3
2017,12,읍면동,경기도 파주시 장단출장소,623,45,43,71,56,92,113,82,89,30,2,0,316,17,23,32,31,60,61,36,42,13,1,0,307,28,20,39,25,32,52,46,47,17,1,0
2017,12,읍면동,경기도 파주시 적성면,7902,688,636,917,955,1002,1388,1064,873,334,43,2,4138,346,348,521,531,561,760,531,402,128,10,0,3764,342,288,396,424,441,628,533,471,206,33,2
2017,12,읍면동,경기도 파주시 조리읍,31151,2197,3358,3917,3484,5137,5903,3676,2349,971,148,11,15766,1104,1687,2119,1838,2596,3127,1819,1071,357,44,4,15385,1093,1671,1798,1646,2541,2776,1857,1278,614,104,7
2017,12,읍면동,경기도 파주시 진동면,172,12,7,2,12,22,30,38,33,14,2,0,92,4,3,2,6,11,19,20,19,7,1,0,80,8,4,0,6,11,11,18,14,7,1,0
2017,12,읍면동,경기도 파주시 탄현면,14085,942,1179,1644,1847,2491,2471,1666,1200,552,89,4,7583,496,636,911,1107,1406,1399,837,557,208,26,0,6502,446,543,733,740,1085,1072,829,643,344,63,4
2017,12,읍면동,경기도 파주시 파주읍,13733,689,876,1621,1564,1962,2618,2010,1548,719,84,42,7337,360,476,942,926,1184,1489,1012,644,266,27,11,6396,329,400,679,638,778,1129,998,904,453,57,31
2017,12,읍면동,경기도 파주시 파평면,4062,133,248,447,280,444,856,682,624,288,51,9,2089,71,136,257,153,262,478,337,278,104,10,3,1973,62,112,190,127,182,378,345,346,184,41,6
2017,12,시군,경기도 평택시 ,481530,47498,53409,63462,73437,87004,75848,41898,26093,11208,1467,206,246618,24305,27693,34326,39080,45582,39753,20331,11241,3861,385,61,234912,23193,25716,29136,34357,41422,36095,21567,14852,7347,1082,145
2017,12,읍면동,경기도 평택시 고덕면,11051,1042,1003,1459,1493,1790,1864,1211,791,345,48,5,5772,525,544,834,799,969,1004,624,352,109,11,1,5279,517,459,625,694,821,860,587,439,236,37,4
2017,12,읍면동,경기도 평택시 비전1동,55427,6973,6900,7261,10382,10721,7419,3284,1700,693,85,9,28085,3577,3553,3709,5408,5410,3847,1587,742,234,16,2,27342,3396,3347,3552,4974,5311,3572,1697,958,459,69,7
2017,12,읍면동,경기도 평택시 비전2동,60063,6812,7929,8253,9267,11598,8886,4039,2222,921,122,14,30239,3534,4170,4284,4661,5695,4581,1951,973,364,24,2,29824,3278,3759,3969,4606,5903,4305,2088,1249,557,98,12
2017,12,읍면동,경기도 평택시 서정동,29733,2143,3175,4368,4055,5312,5192,2843,1837,717,76,15,14912,1098,1644,2346,2177,2688,2602,1303,770,254,24,6,14821,1045,1531,2022,1878,2624,2590,1540,1067,463,52,9
2017,12,읍면동,경기도 평택시 서탄면,4018,188,269,411,457,512,822,640,463,235,20,1,2175,95,151,228,276,317,476,334,208,87,3,0,1843,93,118,183,181,195,346,306,255,148,17,1
2017,12,읍면동,경기도 평택시 세교동,21644,1784,2656,3296,2649,3922,3889,1799,1117,473,55,4,10949,919,1398,1776,1393,1901,2025,880,469,168,19,1,10695,865,1258,1520,1256,2021,1864,919,648,305,36,3
2017,12,읍면동,경기도 평택시 송북동,23291,2108,2561,3229,3210,4025,4105,2118,1291,546,88,10,11545,1047,1317,1692,1604,2061,2070,1016,518,191,24,5,11746,1061,1244,1537,1606,1964,2035,1102,773,355,64,5
2017,12,읍면동,경기도 평택시 송탄동,15480,1922,1690,1851,2440,2956,2473,1158,648,288,48,6,8086,1009,874,1012,1238,1598,1341,598,309,94,11,2,7394,913,816,839,1202,1358,1132,560,339,194,37,4
2017,12,읍면동,경기도 평택시 신장1동,6705,662,497,825,1123,1107,1020,746,493,189,34,9,3233,326,267,419,599,605,467,301,170,66,8,5,3472,336,230,406,524,502,553,445,323,123,26,4
2017,12,읍면동,경기도 평택시 신장2동,6294,247,416,788,694,908,1232,923,724,303,41,18,3120,133,207,437,386,520,614,423,282,102,8,8,3174,114,209,351,308,388,618,500,442,201,33,10
2017,12,읍면동,경기도 평택시 신평동,24431,1554,2399,3913,3405,4083,4468,2434,1511,588,66,10,12236,779,1258,2038,1854,2027,2222,1166,656,217,16,3,12195,775,1141,1875,1551,2056,2246,1268,855,371,50,7
2017,12,읍면동,경기도 평택시 안중읍,42712,4863,6363,5031,6327,8882,5694,2840,1807,780,116,9,21730,2421,3228,2724,3254,4555,3131,1376,758,252,30,1,20982,2442,3135,2307,3073,4327,2563,1464,1049,528,86,8
2017,12,읍면동,경기도 평택시 오성면,7267,458,628,844,722,1033,1445,979,729,376,49,4,3788,225,335,470,408,593,787,500,322,119,28,1,3479,233,293,374,314,440,658,479,407,257,21,3
2017,12,읍면동,경기도 평택시 원평동,12265,930,967,1854,1880,1919,2115,1324,870,344,48,14,6253,474,502,985,1063,976,1117,617,390,112,12,5,6012,456,465,869,817,943,998,707,480,232,36,9
2017,12,읍면동,경기도 평택시 중앙동,45864,4228,6222,6543,6085,8934,7385,3438,2047,857,112,13,23055,2165,3181,3597,3100,4405,3790,1676,834,271,32,4,22809,2063,3041,2946,2985,4529,3595,1762,1213,586,80,9
2017,12,읍면동,경기도 평택시 지산동,11888,935,1060,2099,2202,2079,1644,994,614,233,23,5,6175,463,535,1174,1242,1099,839,490,253,76,3,1,5713,472,525,925,960,980,805,504,361,157,20,4
2017,12,읍면동,경기도 평택시 진위면,12292,793,1019,1679,1683,1952,2200,1529,983,404,44,6,6519,404,524,943,989,1093,1176,776,469,137,7,1,5773,389,495,736,694,859,1024,753,514,267,37,5
2017,12,읍면동,경기도 평택시 청북읍,25832,4729,2576,2189,5944,4312,2702,1764,1021,495,95,5,13568,2471,1328,1197,3018,2523,1447,899,507,151,27,0,12264,2258,1248,992,2926,1789,1255,865,514,344,68,5
2017,12,읍면동,경기도 평택시 통복동,4430,183,347,565,437,712,913,680,417,154,20,2,2248,95,183,321,256,363,458,323,190,55,4,0,2182,88,164,244,181,349,455,357,227,99,16,2
2017,12,읍면동,경기도 평택시 팽성읍,29034,1900,2089,3202,3507,4627,5464,3951,2818,1274,163,39,14799,970,1088,1828,1963,2608,2851,1805,1156,469,48,13,14235,930,1001,1374,1544,2019,2613,2146,1662,805,115,26
2017,12,읍면동,경기도 평택시 포승읍,25856,2815,2243,3216,4950,4870,3779,2114,1212,584,67,6,15004,1463,1199,1973,3073,3113,2265,1131,565,203,19,0,10852,1352,1044,1243,1877,1757,1514,983,647,381,48,6
2017,12,읍면동,경기도 평택시 현덕면,5953,229,400,586,525,750,1137,1090,778,409,47,2,3127,112,207,339,319,463,643,555,348,130,11,0,2826,117,193,247,206,287,494,535,430,279,36,2
2017,12,시군,경기도 포천시 ,152925,10982,15084,18595,16706,24024,30244,19163,12103,5217,742,65,80375,5665,7979,10369,9125,12944,16671,10231,5318,1852,198,23,72550,5317,7105,8226,7581,11080,13573,8932,6785,3365,544,42
2017,12,읍면동,경기도 포천시 가산면,8087,287,577,899,693,1219,2041,1266,695,356,53,1,4677,133,312,516,440,754,1269,782,339,120,12,0,3410,154,265,383,253,465,772,484,356,236,41,1
2017,12,읍면동,경기도 포천시 관인면,3097,109,188,299,184,324,640,600,521,200,29,3,1581,50,90,163,104,189,341,312,242,79,8,3,1516,59,98,136,80,135,299,288,279,121,21,0
2017,12,읍면동,경기도 포천시 군내면,7371,417,553,842,777,1020,1590,1132,670,328,40,2,4011,222,291,493,462,570,913,633,298,119,9,1,3360,195,262,349,315,450,677,499,372,209,31,1
2017,12,읍면동,경기도 포천시 내촌면,5017,181,296,552,425,719,1216,820,534,248,25,1,2857,86,162,335,272,451,730,478,234,101,8,0,2160,95,134,217,153,268,486,342,300,147,17,1
2017,12,읍면동,경기도 포천시 선단동,14502,891,1388,1915,1680,2578,3141,1661,824,380,40,4,7750,503,716,1036,940,1406,1766,895,358,124,4,2,6752,388,672,879,740,1172,1375,766,466,256,36,2
2017,12,읍면동,경기도 포천시 소흘읍,46294,3849,5937,6033,5215,8545,8819,4331,2402,1007,144,12,23587,1942,3133,3175,2625,4276,4756,2254,1048,341,35,2,22707,1907,2804,2858,2590,4269,4063,2077,1354,666,109,10
2017,12,읍면동,경기도 포천시 신북면,13033,962,1211,1545,1481,1921,2605,1782,1015,431,75,5,7024,509,641,881,815,1094,1481,973,467,139,23,1,6009,453,570,664,666,827,1124,809,548,292,52,4
2017,12,읍면동,경기도 포천시 영북면,9169,801,598,1040,1155,1052,1588,1277,1087,471,86,14,4788,404,329,628,647,628,829,658,460,176,25,4,4381,397,269,412,508,424,759,619,627,295,61,10
2017,12,읍면동,경기도 포천시 영중면,5319,267,379,507,422,679,1150,922,715,240,35,3,2863,136,196,293,246,416,663,502,306,94,10,1,2456,131,183,214,176,263,487,420,409,146,25,2
2017,12,읍면동,경기도 포천시 이동면,6464,638,490,790,879,760,1025,898,656,288,38,2,3451,325,260,522,502,445,558,437,287,102,13,0,3013,313,230,268,377,315,467,461,369,186,25,2
2017,12,읍면동,경기도 포천시 일동면,10476,815,913,1122,1175,1414,1846,1532,1072,506,74,7,5405,427,491,634,666,781,970,775,454,178,24,5,5071,388,422,488,509,633,876,757,618,328,50,2
2017,12,읍면동,경기도 포천시 창수면,2331,68,147,207,150,277,501,457,380,126,16,2,1299,37,88,138,98,169,278,255,172,57,7,0,1032,31,59,69,52,108,223,202,208,69,9,2
2017,12,읍면동,경기도 포천시 포천동,19094,1509,2247,2578,2145,3221,3553,2061,1222,475,74,9,9665,791,1198,1399,1120,1601,1829,1030,511,165,17,4,9429,718,1049,1179,1025,1620,1724,1031,711,310,57,5
2017,12,읍면동,경기도 포천시 화현면,2671,188,160,266,325,295,529,424,310,161,13,0,1417,100,72,156,188,164,288,247,142,57,3,0,1254,88,88,110,137,131,241,177,168,104,10,0
2017,12,시군,경기도 하남시 ,232487,25982,20992,27575,39791,39500,36439,25677,11622,4065,762,82,116889,13265,10783,14350,19960,20620,17984,12791,5639,1299,180,18,115598,12717,10209,13225,19831,18880,18455,12886,5983,2766,582,64
2017,12,읍면동,경기도 하남시 감북동,3984,171,263,490,506,579,893,612,330,120,15,5,2238,97,149,296,298,336,508,338,166,44,5,1,1746,74,114,194,208,243,385,274,164,76,10,4
2017,12,읍면동,경기도 하남시 덕풍1동,17589,1204,1537,2469,2636,2702,3261,2275,1086,343,68,8,8871,621,826,1284,1431,1366,1548,1135,530,114,15,1,8718,583,711,1185,1205,1336,1713,1140,556,229,53,7
2017,12,읍면동,경기도 하남시 덕풍2동,20274,1274,1628,2915,3002,2953,3891,2786,1270,463,87,5,10209,648,840,1559,1643,1494,1931,1378,571,127,18,0,10065,626,788,1356,1359,1459,1960,1408,699,336,69,5
2017,12,읍면동,경기도 하남시 덕풍3동,27106,2517,2981,3366,3836,4888,4463,3001,1448,512,84,10,13531,1317,1548,1779,1953,2455,2142,1472,675,170,18,2,13575,1200,1433,1587,1883,2433,2321,1529,773,342,66,8
2017,12,읍면동,경기도 하남시 미사1동,27335,4543,2638,2566,5586,5041,3225,2377,960,336,63,0,13621,2340,1324,1287,2691,2707,1524,1138,494,101,15,0,13714,2203,1314,1279,2895,2334,1701,1239,466,235,48,0
2017,12,읍면동,경기도 하남시 미사2동,40467,6902,3795,3521,8531,7950,4593,3223,1390,470,91,1,20089,3552,1962,1771,3936,4260,2243,1559,677,112,17,0,20378,3350,1833,1750,4595,3690,2350,1664,713,358,74,1
2017,12,읍면동,경기도 하남시 신장1동,6606,355,487,1045,1056,964,1274,843,408,146,23,5,3413,167,263,568,618,511,637,422,171,48,7,1,3193,188,224,477,438,453,637,421,237,98,16,4
2017,12,읍면동,경기도 하남시 신장2동,45178,4127,4370,5508,7020,7287,7398,5676,2730,901,152,9,22397,2052,2258,2865,3557,3617,3574,2743,1351,338,42,0,22781,2075,2112,2643,3463,3670,3824,2933,1379,563,110,9
2017,12,읍면동,경기도 하남시 위례동,17323,2343,1446,2530,3314,3011,2767,1357,398,125,31,1,8468,1186,677,1259,1524,1525,1334,708,210,34,10,1,8855,1157,769,1271,1790,1486,1433,649,188,91,21,0
2017,12,읍면동,경기도 하남시 천현동,8037,489,509,986,1161,1170,1519,1327,596,228,42,10,4328,239,266,531,691,695,823,706,293,73,9,2,3709,250,243,455,470,475,696,621,303,155,33,8
2017,12,읍면동,경기도 하남시 초이동,3942,203,248,484,483,604,862,617,301,120,20,0,2277,117,125,282,301,370,524,353,155,47,3,0,1665,86,123,202,182,234,338,264,146,73,17,0
2017,12,읍면동,경기도 하남시 춘궁동,3900,164,212,468,493,558,819,650,362,141,26,7,2201,87,123,266,302,353,481,352,176,52,8,1,1699,77,89,202,191,205,338,298,186,89,18,6
2017,12,읍면동,경기도 하남시 풍산동,10746,1690,878,1227,2167,1793,1474,933,343,160,60,21,5246,842,422,603,1015,931,715,487,170,39,13,9,5500,848,456,624,1152,862,759,446,173,121,47,12
2017,12,시군,경기도 화성시 ,691086,94709,81282,79448,129851,131628,87371,48095,26109,11042,1463,88,357381,48398,41656,42084,67112,70803,47380,24018,11809,3763,329,29,333705,46311,39626,37364,62739,60825,39991,24077,14300,7279,1134,59
2017,12,읍면동,경기도 화성시 기배동,14571,1855,2137,1521,2181,3010,1974,1100,569,193,30,1,7442,962,1148,778,1061,1581,1024,554,266,63,5,0,7129,893,989,743,1120,1429,950,546,303,130,25,1
2017,12,읍면동,경기도 화성시 남양읍,32298,3510,3068,3965,5627,5406,5135,3051,1654,768,111,3,17378,1820,1597,2259,3182,3063,2824,1584,742,285,22,0,14920,1690,1471,1706,2445,2343,2311,1467,912,483,89,3
2017,12,읍면동,경기도 화성시 동탄1동,53398,8100,7721,6819,10942,11501,5190,1853,905,317,48,2,27000,4153,3971,3354,5376,5833,2888,887,418,107,13,0,26398,3947,3750,3465,5566,5668,2302,966,487,210,35,2
2017,12,읍면동,경기도 화성시 동탄2동,37353,5763,6449,3527,5813,8939,4040,1617,860,301,42,2,18396,2912,3261,1820,2554,4461,2181,750,349,100,7,1,18957,2851,3188,1707,3259,4478,1859,867,511,201,35,1
2017,12,읍면동,경기도 화성시 동탄3동,43903,7858,5693,4868,10182,8784,3358,1809,991,311,47,2,22074,3991,2959,2417,5095,4565,1737,765,424,111,10,0,21829,3867,2734,2451,5087,4219,1621,1044,567,200,37,2
2017,12,읍면동,경기도 화성시 동탄4동,91439,17881,11034,8760,21692,18557,7905,3586,1427,522,73,2,45695,9145,5545,4210,10406,9790,4149,1656,622,157,15,0,45744,8736,5489,4550,11286,8767,3756,1930,805,365,58,2
2017,12,읍면동,경기도 화성시 동탄면,19615,3609,1477,2249,5456,2978,2082,1085,445,203,30,1,10125,1829,785,1139,2913,1583,1044,550,216,61,5,0,9490,1780,692,1110,2543,1395,1038,535,229,142,25,1
2017,12,읍면동,경기도 화성시 마도면,6760,357,458,724,750,1039,1405,1022,664,303,34,4,3861,192,250,440,486,664,835,543,330,116,4,1,2899,165,208,284,264,375,570,479,334,187,30,3
2017,12,읍면동,경기도 화성시 매송면,8033,551,603,1007,904,1225,1571,1116,714,309,31,2,4202,293,314,563,496,693,851,575,305,101,10,1,3831,258,289,444,408,532,720,541,409,208,21,1
2017,12,읍면동,경기도 화성시 반월동,31009,5289,3683,3802,6512,5577,3719,1569,572,241,44,1,15715,2691,1889,1967,3228,2897,1888,785,279,80,10,1,15294,2598,1794,1835,3284,2680,1831,784,293,161,34,0
2017,12,읍면동,경기도 화성시 병점1동,29213,3673,3681,4061,5420,5543,3560,1892,1009,335,39,0,14722,1900,1871,2110,2740,2797,1870,897,422,107,8,0,14491,1773,1810,1951,2680,2746,1690,995,587,228,31,0
2017,12,읍면동,경기도 화성시 병점2동,26151,3576,4486,2615,4239,5870,2786,1423,789,318,49,0,12793,1827,2247,1285,2028,2905,1462,620,305,105,9,0,13358,1749,2239,1330,2211,2965,1324,803,484,213,40,0
2017,12,읍면동,경기도 화성시 봉담읍,74009,9517,9645,8289,11826,14846,10253,5521,2882,1059,160,11,37410,4716,4872,4409,5778,7785,5402,2753,1322,333,35,5,36599,4801,4773,3880,6048,7061,4851,2768,1560,726,125,6
2017,12,읍면동,경기도 화성시 비봉면,5920,270,383,632,573,776,1291,968,634,345,46,2,3289,133,205,395,355,469,761,551,289,120,9,2,2631,137,178,237,218,307,530,417,345,225,37,0
2017,12,읍면동,경기도 화성시 서신면,7117,233,369,620,582,928,1686,1349,822,453,67,8,3920,124,199,371,354,597,964,718,390,179,21,3,3197,109,170,249,228,331,722,631,432,274,46,5
2017,12,읍면동,경기도 화성시 송산면,11235,617,870,1121,1029,1607,2284,1745,1233,628,93,8,6007,323,457,669,605,957,1273,895,572,234,22,0,5228,294,413,452,424,650,1011,850,661,394,71,8
2017,12,읍면동,경기도 화성시 양감면,4191,146,224,430,443,545,1008,710,428,236,19,2,2489,75,130,270,311,376,642,396,202,84,3,0,1702,71,94,160,132,169,366,314,226,152,16,2
2017,12,읍면동,경기도 화성시 우정읍,18107,1327,1629,2010,2102,2973,3379,2325,1514,754,89,5,9715,688,800,1207,1190,1786,1866,1194,695,263,23,3,8392,639,829,803,912,1187,1513,1131,819,491,66,2
2017,12,읍면동,경기도 화성시 장안면,10621,555,725,1083,1092,1516,2274,1663,1111,537,60,5,6021,308,384,657,690,979,1374,885,511,213,16,4,4600,247,341,426,402,537,900,778,600,324,44,1
2017,12,읍면동,경기도 화성시 정남면,11913,630,927,1409,1357,1919,2513,1603,989,496,64,6,6759,348,484,855,853,1214,1492,871,465,162,14,1,5154,282,443,554,504,705,1021,732,524,334,50,5
2017,12,읍면동,경기도 화성시 진안동,39096,4566,3699,6397,9128,6696,4509,2390,1221,417,72,1,20834,2374,1900,3368,5250,3705,2353,1190,535,137,21,1,18262,2192,1799,3029,3878,2991,2156,1200,686,280,51,0
2017,12,읍면동,경기도 화성시 팔탄면,10283,459,564,1167,1185,1645,2440,1486,850,425,55,7,6098,246,291,766,775,1109,1501,846,401,150,13,0,4185,213,273,401,410,536,939,640,449,275,42,7
2017,12,읍면동,경기도 화성시 향남읍,80328,11907,9179,9206,17081,15269,8954,4851,2655,1109,110,7,42559,6087,4740,4988,9352,8567,4876,2367,1210,345,22,5,37769,5820,4439,4218,7729,6702,4078,2484,1445,764,88,2
2017,12,읍면동,경기도 화성시 화산동,24523,2460,2578,3166,3735,4479,4055,2361,1171,462,50,6,12877,1261,1357,1787,2034,2427,2123,1186,539,150,12,1,11646,1199,1221,1379,1701,2052,1932,1175,632,312,38,5
2017,11,도,경기도  ,12858161,1227621,1415137,1716240,1939137,2311765,2071709,1185263,675281,274295,38365,3348,6467553,629799,731060,898958,988176,1171159,1059406,584931,299477,94502,9258,827,6390608,597822,684077,817282,950961,1140606,1012303,600332,375804,179793,29107,2521
2017,11,시군,경기도 가평군 ,62981,4021,5406,6386,6440,8769,11813,9813,6791,3087,418,37,32250,2060,2826,3610,3399,4765,6182,5041,3088,1158,106,15,30731,1961,2580,2776,3041,4004,5631,4772,3703,1929,312,22
2017,11,읍면동,경기도 가평군 가평읍,19806,1356,1965,2256,1982,3035,3571,2611,1984,917,118,11,10103,700,1042,1246,1044,1625,1870,1312,890,335,36,3,9703,656,923,1010,938,1410,1701,1299,1094,582,82,8
2017,11,읍면동,경기도 가평군 북면,3994,193,211,280,347,449,794,806,590,280,40,4,2041,91,121,163,192,278,402,415,261,106,10,2,1953,102,90,117,155,171,392,391,329,174,30,2
2017,11,읍면동,경기도 가평군 상면,5565,193,419,570,398,634,1204,1088,684,329,41,5,2815,99,179,336,215,339,653,546,323,114,8,3,2750,94,240,234,183,295,551,542,361,215,33,2
2017,11,읍면동,경기도 가평군 설악면,9244,605,869,803,857,1176,1812,1554,995,499,70,4,4673,296,436,442,434,631,932,812,473,202,13,2,4571,309,433,361,423,545,880,742,522,297,57,2
2017,11,읍면동,경기도 가평군 조종면,9946,854,743,1084,1282,1299,1739,1469,1001,411,57,7,5287,450,382,676,683,711,936,819,456,156,15,3,4659,404,361,408,599,588,803,650,545,255,42,4
2017,11,읍면동,경기도 가평군 청평면,14426,820,1199,1393,1574,2176,2693,2285,1537,651,92,6,7331,424,666,747,831,1181,1389,1137,685,245,24,2,7095,396,533,646,743,995,1304,1148,852,406,68,4
2017,11,시군,경기도 고양시 ,1042065,89148,117479,146607,140759,193910,178449,89970,56615,25565,3308,255,511644,45782,60586,74750,68592,93835,89777,44585,23724,9086,861,66,530421,43366,56893,71857,72167,100075,88672,45385,32891,16479,2447,189
2017,11,구,경기도 고양시 덕양구 ,448590,40113,44788,60369,64042,79689,76334,42996,27402,11185,1505,167,222603,20622,23110,31143,32110,39976,38577,21067,11662,3928,370,38,225987,19491,21678,29226,31932,39713,37757,21929,15740,7257,1135,129
2017,11,읍면동,경기도 고양시 덕양구 고양동,32826,3098,3685,3662,4404,6163,5027,3590,2233,839,112,13,16479,1616,1910,1951,2195,3178,2596,1704,968,331,26,4,16347,1482,1775,1711,2209,2985,2431,1886,1265,508,86,9
2017,11,읍면동,경기도 고양시 덕양구 관산동,35678,2643,3167,4311,4794,5933,6517,4421,2736,962,162,32,18110,1358,1688,2291,2540,3177,3325,2162,1231,296,36,6,17568,1285,1479,2020,2254,2756,3192,2259,1505,666,126,26
2017,11,읍면동,경기도 고양시 덕양구 능곡동,19172,1345,1731,2679,2359,3183,3787,2143,1371,487,74,13,9807,736,928,1426,1236,1635,1970,1068,623,172,11,2,9365,609,803,1253,1123,1548,1817,1075,748,315,63,11
2017,11,읍면동,경기도 고양시 덕양구 대덕동,2486,116,175,272,283,360,534,381,248,94,19,4,1388,58,90,152,165,225,324,216,114,37,6,1,1098,58,85,120,118,135,210,165,134,57,13,3
2017,11,읍면동,경기도 고양시 덕양구 성사1동,24476,1944,2281,3307,3213,4409,4421,2537,1583,671,99,11,12080,998,1186,1713,1587,2271,2230,1208,626,231,29,1,12396,946,1095,1594,1626,2138,2191,1329,957,440,70,10
2017,11,읍면동,경기도 고양시 덕양구 성사2동,12319,911,1289,1608,1654,2049,2126,1275,964,392,51,0,5996,456,685,843,837,975,1014,637,395,142,12,0,6323,455,604,765,817,1074,1112,638,569,250,39,0
2017,11,읍면동,경기도 고양시 덕양구 신도동,19644,2229,1191,2477,3707,2944,3033,2147,1359,488,58,11,9633,1145,620,1236,1851,1519,1426,1027,629,165,11,4,10011,1084,571,1241,1856,1425,1607,1120,730,323,47,7
2017,11,읍면동,경기도 고양시 덕양구 원신동,21987,3239,1585,2524,4292,3544,3217,2074,1039,405,62,6,10675,1651,782,1255,2095,1788,1471,1004,477,138,13,1,11312,1588,803,1269,2197,1756,1746,1070,562,267,49,5
2017,11,읍면동,경기도 고양시 덕양구 주교동,17042,848,1724,2422,1796,2964,3491,1961,1254,510,66,6,8795,472,942,1313,1003,1539,1855,977,507,163,22,2,8247,376,782,1109,793,1425,1636,984,747,347,44,4
2017,11,읍면동,경기도 고양시 덕양구 창릉동,13327,1678,1198,1397,2236,2309,1979,1470,737,270,43,10,6743,865,614,700,1065,1238,1031,762,348,114,5,1,6584,813,584,697,1171,1071,948,708,389,156,38,9
2017,11,읍면동,경기도 고양시 덕양구 행신1동,23937,2016,2576,3450,3255,4329,4245,2098,1344,544,76,4,11682,1023,1292,1755,1640,2095,2112,1017,535,193,18,2,12255,993,1284,1695,1615,2234,2133,1081,809,351,58,2
2017,11,읍면동,경기도 고양시 덕양구 행신2동,34811,2944,3721,5412,5342,6176,5917,2594,1817,776,105,7,17223,1552,1911,2812,2681,2948,3010,1308,723,249,28,1,17588,1392,1810,2600,2661,3228,2907,1286,1094,527,77,6
2017,11,읍면동,경기도 고양시 덕양구 행신3동,49363,3972,6077,7141,5811,9596,8836,3953,2604,1212,155,6,24017,2025,3052,3661,2884,4554,4439,1930,1045,387,40,0,25346,1947,3025,3480,2927,5042,4397,2023,1559,825,115,6
2017,11,읍면동,경기도 고양시 덕양구 행주동,21399,1154,1692,3262,2850,3561,4335,2394,1439,639,68,5,11000,606,865,1753,1573,1876,2306,1199,602,210,9,1,10399,548,827,1509,1277,1685,2029,1195,837,429,59,4
2017,11,읍면동,경기도 고양시 덕양구 화전동,5876,490,459,736,847,804,944,819,520,207,35,15,3185,259,238,423,477,467,553,430,235,86,12,5,2691,231,221,313,370,337,391,389,285,121,23,10
2017,11,읍면동,경기도 고양시 덕양구 화정1동,40551,2808,4666,6450,4863,7504,7171,3267,2516,1153,145,8,19707,1444,2379,3231,2396,3495,3641,1586,1026,461,47,1,20844,1364,2287,3219,2467,4009,3530,1681,1490,692,98,7
2017,11,읍면동,경기도 고양시 덕양구 화정2동,35097,3453,4503,4645,4857,7370,5395,2336,1673,789,76,0,17078,1758,2353,2343,2264,3532,2710,1144,665,288,21,0,18019,1695,2150,2302,2593,3838,2685,1192,1008,501,55,0
2017,11,읍면동,경기도 고양시 덕양구 효자동,2518,223,152,286,374,347,409,356,234,97,27,13,1324,115,89,149,203,190,215,187,113,42,15,6,1194,108,63,137,171,157,194,169,121,55,12,7
2017,11,읍면동,경기도 고양시 덕양구 흥도동,36081,5002,2916,4328,7105,6144,4950,3180,1731,650,72,3,17681,2485,1486,2136,3418,3274,2349,1501,800,223,9,0,18400,2517,1430,2192,3687,2870,2601,1679,931,427,63,3
2017,11,구,경기도 고양시 일산동구 ,293696,22998,33766,43984,39581,55949,51183,24064,14206,6974,947,44,143318,11844,17445,22108,18951,26550,25602,12111,5972,2467,252,16,150378,11154,16321,21876,20630,29399,25581,11953,8234,4507,695,28
2017,11,읍면동,경기도 고양시 일산동구 고봉동,21045,1517,1724,2680,2765,3524,4106,2581,1443,606,96,3,11010,777,924,1466,1508,1912,2171,1385,664,189,12,2,10035,740,800,1214,1257,1612,1935,1196,779,417,84,1
2017,11,읍면동,경기도 고양시 일산동구 마두1동,26191,1743,3861,4267,2526,5034,4897,1974,1160,647,74,8,12705,899,1989,2128,1157,2286,2489,1002,507,233,12,3,13486,844,1872,2139,1369,2748,2408,972,653,414,62,5
2017,11,읍면동,경기도 고양시 일산동구 마두2동,17364,1443,2535,2467,1702,3395,3049,1200,904,591,77,1,8236,742,1275,1240,724,1520,1519,618,350,219,28,1,9128,701,1260,1227,978,1875,1530,582,554,372,49,0
2017,11,읍면동,경기도 고양시 일산동구 백석1동,33202,2617,3691,5267,5315,6156,5565,2524,1342,636,85,4,15953,1333,1919,2565,2632,2819,2641,1257,530,241,15,1,17249,1284,1772,2702,2683,3337,2924,1267,812,395,70,3
2017,11,읍면동,경기도 고양시 일산동구 백석2동,22048,1217,1730,3499,4051,4350,3649,1838,1103,534,73,4,10644,640,904,1659,1972,2112,1819,916,438,159,24,1,11404,577,826,1840,2079,2238,1830,922,665,375,49,3
2017,11,읍면동,경기도 고양시 일산동구 식사동,33007,3827,4688,4314,3915,7170,5229,2144,1152,505,62,1,16138,1973,2357,2187,1639,3437,2754,1113,482,172,24,0,16869,1854,2331,2127,2276,3733,2475,1031,670,333,38,1
2017,11,읍면동,경기도 고양시 일산동구 장항1동,3096,157,163,332,344,443,750,539,266,80,18,4,1742,81,79,186,183,290,440,295,151,31,5,1,1354,76,84,146,161,153,310,244,115,49,13,3
2017,11,읍면동,경기도 고양시 일산동구 장항2동,27111,1601,2007,4562,5298,5513,4309,1883,1195,653,89,1,13217,801,1051,2193,2529,2684,2189,967,501,264,38,0,13894,800,956,2369,2769,2829,2120,916,694,389,51,1
2017,11,읍면동,경기도 고양시 일산동구 정발산동,26580,1874,2944,4408,3504,4692,4730,2365,1361,610,87,5,12854,945,1532,2234,1743,2160,2284,1125,592,212,24,3,13726,929,1412,2174,1761,2532,2446,1240,769,398,63,2
2017,11,읍면동,경기도 고양시 일산동구 중산동,44189,3135,5255,6817,4898,7918,8431,3891,2399,1247,190,8,21512,1650,2758,3540,2389,3654,4119,1928,981,443,47,3,22677,1485,2497,3277,2509,4264,4312,1963,1418,804,143,5
2017,11,읍면동,경기도 고양시 일산동구 풍산동,39863,3867,5168,5371,5263,7754,6468,3125,1881,865,96,5,19307,2003,2657,2710,2475,3676,3177,1505,776,304,23,1,20556,1864,2511,2661,2788,4078,3291,1620,1105,561,73,4
2017,11,구,경기도 고양시 일산서구 ,299779,26037,38925,42254,37136,58272,50932,22910,15007,7406,856,44,145723,13316,20031,21499,17531,27309,25598,11407,6090,2691,239,12,154056,12721,18894,20755,19605,30963,25334,11503,8917,4715,617,32
2017,11,읍면동,경기도 고양시 일산서구 대화동,32538,2065,3433,5913,4532,5586,5804,2716,1625,762,98,4,15687,1066,1811,2862,2271,2590,2800,1312,674,271,29,1,16851,999,1622,3051,2261,2996,3004,1404,951,491,69,3
2017,11,읍면동,경기도 고양시 일산서구 송산동,49664,5239,6719,6059,6331,10285,7864,3862,2255,915,127,8,24534,2659,3378,3175,2929,5048,4059,1956,956,341,29,4,25130,2580,3341,2884,3402,5237,3805,1906,1299,574,98,4
2017,11,읍면동,경기도 고양시 일산서구 송포동,18040,1530,2499,2397,1941,3537,3141,1527,1005,425,37,1,8969,782,1304,1295,885,1632,1653,778,455,177,8,0,9071,748,1195,1102,1056,1905,1488,749,550,248,29,1
2017,11,읍면동,경기도 고양시 일산서구 일산1동,29820,2711,3508,4218,3911,5429,5116,2504,1670,664,79,10,14541,1361,1786,2155,1904,2565,2538,1239,708,266,18,1,15279,1350,1722,2063,2007,2864,2578,1265,962,398,61,9
2017,11,읍면동,경기도 고양시 일산서구 일산2동,20674,1358,2059,3140,2345,3530,4323,2050,1215,592,59,3,10150,667,1084,1581,1177,1708,2168,1034,511,202,18,0,10524,691,975,1559,1168,1822,2155,1016,704,390,41,3
2017,11,읍면동,경기도 고양시 일산서구 일산3동,38186,3198,6619,5297,3779,8473,6354,2316,1291,765,90,4,18552,1650,3399,2713,1688,3802,3252,1230,517,272,29,0,19634,1548,3220,2584,2091,4671,3102,1086,774,493,61,4
2017,11,읍면동,경기도 고양시 일산서구 주엽1동,29806,2482,3920,3937,3615,5744,4885,2312,1757,1048,102,4,14143,1242,2046,1989,1650,2629,2374,1130,665,383,34,1,15663,1240,1874,1948,1965,3115,2511,1182,1092,665,68,3
2017,11,읍면동,경기도 고양시 일산서구 주엽2동,31184,2464,3838,4227,3693,5784,5223,2578,2039,1179,151,8,14662,1242,1948,2116,1748,2589,2545,1260,749,416,44,5,16522,1222,1890,2111,1945,3195,2678,1318,1290,763,107,3
2017,11,읍면동,경기도 고양시 일산서구 탄현동,49867,4990,6330,7066,6989,9904,8222,3045,2150,1056,113,2,24485,2647,3275,3613,3279,4746,4209,1468,855,363,30,0,25382,2343,3055,3453,3710,5158,4013,1577,1295,693,83,2
2017,11,시군,경기도 과천시 ,57638,4468,7062,7988,6966,10044,10067,5796,3295,1638,274,40,28134,2286,3706,4216,3427,4705,4953,2827,1392,550,67,5,29504,2182,3356,3772,3539,5339,5114,2969,1903,1088,207,35
2017,11,읍면동,경기도 과천시 갈현동,11400,1216,1628,1367,1320,2334,1793,926,556,221,35,4,5554,609,832,737,561,1125,898,473,232,81,6,0,5846,607,796,630,759,1209,895,453,324,140,29,4
2017,11,읍면동,경기도 과천시 과천동,9514,726,719,1265,1657,1498,1539,1214,635,221,38,2,4894,365,378,688,941,791,741,598,306,78,8,0,4620,361,341,577,716,707,798,616,329,143,30,2
2017,11,읍면동,경기도 과천시 문원동,8167,710,1057,935,1033,1536,1271,850,518,214,34,9,3959,374,562,481,511,734,624,386,217,62,7,1,4208,336,495,454,522,802,647,464,301,152,27,8
2017,11,읍면동,경기도 과천시 별양동,11182,671,1507,1757,1061,1836,2180,1081,610,408,61,10,5317,330,799,925,485,790,1076,521,239,134,17,1,5865,341,708,832,576,1046,1104,560,371,274,44,9
2017,11,읍면동,경기도 과천시 부림동,10482,702,1365,1559,1177,1823,1975,973,543,321,41,3,5090,361,716,814,598,826,977,469,220,96,13,0,5392,341,649,745,579,997,998,504,323,225,28,3
2017,11,읍면동,경기도 과천시 중앙동,6893,443,786,1105,718,1017,1309,752,433,253,65,12,3320,247,419,571,331,439,637,380,178,99,16,3,3573,196,367,534,387,578,672,372,255,154,49,9
2017,11,시군,경기도 광명시 ,333521,30600,36632,42966,51259,60057,53245,33833,17227,6710,877,115,165188,15719,18899,22564,25644,29980,26269,16289,7488,2108,204,24,168333,14881,17733,20402,25615,30077,26976,17544,9739,4602,673,91
2017,11,읍면동,경기도 광명시 광명1동,13835,861,1281,2024,1980,2219,2409,1707,955,362,34,3,6889,454,685,1098,1070,1105,1147,811,367,143,9,0,6946,407,596,926,910,1114,1262,896,588,219,25,3
2017,11,읍면동,경기도 광명시 광명2동,10989,619,929,1526,1533,1708,2030,1473,846,290,32,3,5398,310,459,804,840,852,983,653,383,102,12,0,5591,309,470,722,693,856,1047,820,463,188,20,3
2017,11,읍면동,경기도 광명시 광명3동,10100,502,714,1444,1466,1568,1878,1406,825,261,29,7,4904,249,375,748,759,778,908,611,370,94,9,3,5196,253,339,696,707,790,970,795,455,167,20,4
2017,11,읍면동,경기도 광명시 광명4동,14899,953,1154,2076,2382,2271,2581,2028,1070,312,56,16,7269,484,566,1096,1224,1116,1223,959,475,111,11,4,7630,469,588,980,1158,1155,1358,1069,595,201,45,12
2017,11,읍면동,경기도 광명시 광명5동,15421,1251,1543,1919,2323,2705,2518,1787,966,367,37,5,7667,622,815,1043,1203,1391,1214,839,425,110,4,1,7754,629,728,876,1120,1314,1304,948,541,257,33,4
2017,11,읍면동,경기도 광명시 광명6동,15050,1386,1527,1945,2215,2565,2523,1680,853,303,46,7,7429,673,783,1000,1101,1312,1233,832,385,96,13,1,7621,713,744,945,1114,1253,1290,848,468,207,33,6
2017,11,읍면동,경기도 광명시 광명7동,20469,1408,2099,2872,2965,3220,3645,2552,1223,428,51,6,10322,708,1105,1552,1585,1625,1774,1254,567,141,11,0,10147,700,994,1320,1380,1595,1871,1298,656,287,40,6
2017,11,읍면동,경기도 광명시 소하1동,32380,3733,4323,3710,4546,6409,4740,2985,1330,521,67,16,15964,1917,2241,1950,2094,3179,2332,1475,612,146,14,4,16416,1816,2082,1760,2452,3230,2408,1510,718,375,53,12
2017,11,읍면동,경기도 광명시 소하2동,38344,3949,4134,5108,6216,6724,5901,3688,1857,673,83,11,19368,2038,2114,2760,3163,3491,2962,1781,821,215,19,4,18976,1911,2020,2348,3053,3233,2939,1907,1036,458,64,7
2017,11,읍면동,경기도 광명시 철산1동,13808,1443,1749,1771,2103,2699,2124,1117,536,227,39,0,6827,742,892,934,1007,1310,1074,545,239,77,7,0,6981,701,857,837,1096,1389,1050,572,297,150,32,0
2017,11,읍면동,경기도 광명시 철산2동,16005,922,1489,2579,2479,2648,3031,1693,797,328,35,4,8153,495,788,1359,1324,1317,1564,837,359,98,11,1,7852,427,701,1220,1155,1331,1467,856,438,230,24,3
2017,11,읍면동,경기도 광명시 철산3동,36042,3728,4795,4679,4971,6915,5774,3124,1371,581,95,9,17750,1930,2472,2406,2303,3340,2836,1611,626,197,28,1,18292,1798,2323,2273,2668,3575,2938,1513,745,384,67,8
2017,11,읍면동,경기도 광명시 철산4동,14415,1366,1399,1868,2704,2580,2131,1431,684,226,25,1,7204,696,743,971,1369,1315,1054,689,287,76,4,0,7211,670,656,897,1335,1265,1077,742,397,150,21,1
2017,11,읍면동,경기도 광명시 하안1동,27655,3179,3430,3336,3860,5495,4367,2373,1099,437,74,5,13898,1657,1760,1805,1819,2787,2229,1203,499,126,12,1,13757,1522,1670,1531,2041,2708,2138,1170,600,311,62,4
2017,11,읍면동,경기도 광명시 하안2동,15538,1595,1524,1709,3246,2961,2009,1277,737,420,52,8,7453,806,762,828,1661,1476,951,563,287,104,13,2,8085,789,762,881,1585,1485,1058,714,450,316,39,6
2017,11,읍면동,경기도 광명시 하안3동,22416,2169,2432,2565,3685,4117,3202,2226,1313,622,79,6,10702,1132,1261,1274,1835,2006,1561,983,468,164,18,0,11714,1037,1171,1291,1850,2111,1641,1243,845,458,61,6
2017,11,읍면동,경기도 광명시 하안4동,13766,1445,1983,1602,2305,2978,1876,851,490,210,25,1,6673,757,1007,799,1127,1418,936,395,180,48,6,0,7093,688,976,803,1178,1560,940,456,310,162,19,1
2017,11,읍면동,경기도 광명시 학온동,2389,91,127,233,280,275,506,435,275,142,18,7,1318,49,71,137,160,162,288,248,138,60,3,2,1071,42,56,96,120,113,218,187,137,82,15,5
2017,11,시군,경기도 광주시 ,343820,35071,33729,40593,58268,60376,55408,35535,17631,6197,942,70,176478,17976,17434,21354,30552,32042,28331,17985,8400,2202,182,20,167342,17095,16295,19239,27716,28334,27077,17550,9231,3995,760,50
2017,11,읍면동,경기도 광주시 경안동,40768,3871,4335,5370,6248,7370,6864,3979,1953,671,92,15,20813,1993,2235,2814,3239,3825,3575,1971,904,238,13,6,19955,1878,2100,2556,3009,3545,3289,2008,1049,433,79,9
2017,11,읍면동,경기도 광주시 곤지암읍,23254,1710,2253,2843,3032,4044,4443,2742,1448,624,97,18,12360,901,1178,1574,1630,2234,2410,1486,689,231,23,4,10894,809,1075,1269,1402,1810,2033,1256,759,393,74,14
2017,11,읍면동,경기도 광주시 광남동,52800,6296,5649,5807,9276,9840,7876,4951,2283,711,107,4,26972,3210,2944,2968,4761,5202,3984,2491,1139,251,20,2,25828,3086,2705,2839,4515,4638,3892,2460,1144,460,87,2
2017,11,읍면동,경기도 광주시 남종면,1601,57,91,115,131,193,326,322,246,105,15,0,825,26,50,55,75,111,176,168,118,41,5,0,776,31,41,60,56,82,150,154,128,64,10,0
2017,11,읍면동,경기도 광주시 남한산성면,2939,243,231,263,278,466,543,456,290,138,29,2,1540,110,121,138,156,270,304,245,141,49,6,0,1399,133,110,125,122,196,239,211,149,89,23,2
2017,11,읍면동,경기도 광주시 도척면,9084,654,682,955,1095,1445,1751,1369,738,326,66,3,4983,358,362,557,621,861,998,731,351,131,12,1,4101,296,320,398,474,584,753,638,387,195,54,2
2017,11,읍면동,경기도 광주시 송정동,59438,5661,5924,7801,9501,10608,10274,5896,2704,925,134,10,30084,2857,2977,4138,4980,5464,5085,3005,1219,333,24,2,29354,2804,2947,3663,4521,5144,5189,2891,1485,592,110,8
2017,11,읍면동,경기도 광주시 오포읍,97296,11102,8293,11660,20533,16327,14024,9190,4464,1454,239,10,49511,5698,4266,6003,10836,8632,6897,4470,2159,495,51,4,47785,5404,4027,5657,9697,7695,7127,4720,2305,959,188,6
2017,11,읍면동,경기도 광주시 초월읍,42647,4316,5087,4651,6490,7817,6848,4267,2281,792,95,3,22259,2223,2662,2474,3392,4184,3704,2247,1081,276,16,0,20388,2093,2425,2177,3098,3633,3144,2020,1200,516,79,3
2017,11,읍면동,경기도 광주시 퇴촌면,13993,1161,1184,1128,1684,2266,2459,2363,1224,451,68,5,7131,600,639,633,862,1259,1198,1171,599,157,12,1,6862,561,545,495,822,1007,1261,1192,625,294,56,4
2017,11,시군,경기도 구리시 ,198680,17244,21346,27626,28600,35543,34569,18988,10464,3725,511,64,98744,8847,11042,14246,14299,17385,17467,9428,4605,1286,118,21,99936,8397,10304,13380,14301,18158,17102,9560,5859,2439,393,43
2017,11,읍면동,경기도 구리시 갈매동,20018,2898,1331,2330,4512,2977,2882,1918,849,272,48,1,9882,1466,659,1162,2265,1516,1349,971,411,74,8,1,10136,1432,672,1168,2247,1461,1533,947,438,198,40,0
2017,11,읍면동,경기도 구리시 교문1동,17504,992,1464,2386,2447,2883,3442,2138,1257,406,67,22,8980,527,741,1281,1322,1504,1811,1036,579,152,19,8,8524,465,723,1105,1125,1379,1631,1102,678,254,48,14
2017,11,읍면동,경기도 구리시 교문2동,23982,2181,3316,3169,2927,4722,3917,2151,1117,430,46,6,11651,1083,1694,1635,1342,2213,1959,1058,498,158,10,1,12331,1098,1622,1534,1585,2509,1958,1093,619,272,36,5
2017,11,읍면동,경기도 구리시 동구동,40974,3893,5141,5762,5463,7732,7011,3236,1904,732,93,7,20233,2010,2669,2988,2658,3659,3528,1651,783,265,20,2,20741,1883,2472,2774,2805,4073,3483,1585,1121,467,73,5
2017,11,읍면동,경기도 구리시 수택1동,21973,1282,1950,3402,2935,3511,4421,2601,1338,460,67,6,10922,693,991,1724,1540,1724,2215,1300,573,147,14,1,11051,589,959,1678,1395,1787,2206,1301,765,313,53,5
2017,11,읍면동,경기도 구리시 수택2동,25967,1531,2598,4066,3395,4274,4969,2927,1559,567,70,11,12980,793,1370,2096,1819,2122,2502,1405,676,182,12,3,12987,738,1228,1970,1576,2152,2467,1522,883,385,58,8
2017,11,읍면동,경기도 구리시 수택3동,23402,2172,2809,3042,3448,4822,3710,1850,1087,400,57,5,11814,1095,1511,1600,1683,2401,1951,941,474,144,12,2,11588,1077,1298,1442,1765,2421,1759,909,613,256,45,3
2017,11,읍면동,경기도 구리시 인창동,24860,2295,2737,3469,3473,4622,4217,2167,1353,458,63,6,12282,1180,1407,1760,1670,2246,2152,1066,611,164,23,3,12578,1115,1330,1709,1803,2376,2065,1101,742,294,40,3
2017,11,시군,경기도 군포시 ,281736,26258,30782,38786,43206,49316,47439,25264,13519,6234,883,49,139959,13473,15883,20076,22028,24167,23454,12674,5784,2171,236,13,141777,12785,14899,18710,21178,25149,23985,12590,7735,4063,647,36
2017,11,읍면동,경기도 군포시 광정동,26689,2366,3320,3573,3745,5015,4225,2159,1282,861,136,7,12962,1228,1713,1808,1837,2401,2086,1072,498,288,29,2,13727,1138,1607,1765,1908,2614,2139,1087,784,573,107,5
2017,11,읍면동,경기도 군포시 군포1동,34393,2558,3270,5143,5081,5852,6397,3623,1731,635,94,9,18044,1326,1750,2802,2885,3029,3330,1904,776,220,19,3,16349,1232,1520,2341,2196,2823,3067,1719,955,415,75,6
2017,11,읍면동,경기도 군포시 군포2동,56788,6377,6828,7763,8742,10131,9393,4450,2114,839,142,9,28313,3327,3431,4023,4346,4944,4683,2255,974,293,35,2,28475,3050,3397,3740,4396,5187,4710,2195,1140,546,107,7
2017,11,읍면동,경기도 군포시 궁내동,22225,2313,3532,2687,2525,4846,3336,1476,931,504,74,1,10829,1212,1790,1393,1149,2247,1702,741,380,189,26,0,11396,1101,1742,1294,1376,2599,1634,735,551,315,48,1
2017,11,읍면동,경기도 군포시 금정동,19069,1181,1552,3035,2801,3081,3748,2285,994,341,44,7,9829,609,799,1576,1561,1652,1875,1193,453,96,12,3,9240,572,753,1459,1240,1429,1873,1092,541,245,32,4
2017,11,읍면동,경기도 군포시 대야동,10048,1008,1056,1252,1326,1834,1760,1010,538,237,24,3,5145,517,560,695,673,917,906,530,251,84,11,1,4903,491,496,557,653,917,854,480,287,153,13,2
2017,11,읍면동,경기도 군포시 산본1동,18464,1137,1262,2887,2889,2634,3589,2247,1214,523,76,6,9208,557,661,1548,1616,1341,1697,1088,526,154,20,0,9256,580,601,1339,1273,1293,1892,1159,688,369,56,6
2017,11,읍면동,경기도 군포시 산본2동,29523,3061,3295,4177,4383,4969,5119,2593,1250,578,96,2,14383,1584,1692,2135,2075,2353,2466,1305,531,222,20,0,15140,1477,1603,2042,2308,2616,2653,1288,719,356,76,2
2017,11,읍면동,경기도 군포시 수리동,18705,1643,2020,2362,2892,3191,3068,1628,1183,634,81,3,8982,791,1057,1155,1438,1538,1497,764,462,252,27,1,9723,852,963,1207,1454,1653,1571,864,721,382,54,2
2017,11,읍면동,경기도 군포시 오금동,24357,2737,2735,2863,4671,4461,3393,1778,1140,526,53,0,11998,1384,1444,1465,2317,2189,1632,866,491,195,15,0,12359,1353,1291,1398,2354,2272,1761,912,649,331,38,0
2017,11,읍면동,경기도 군포시 재궁동,21475,1877,1912,3044,4151,3302,3411,2015,1142,556,63,2,10266,938,986,1476,2131,1556,1580,956,442,178,22,1,11209,939,926,1568,2020,1746,1831,1059,700,378,41,1
2017,11,시군,경기도 김포시 ,390216,48294,41434,41801,65642,71080,56337,36181,20501,7808,1090,48,195813,24680,21261,21722,32013,37086,29026,17568,9392,2786,264,15,194403,23614,20173,20079,33629,33994,27311,18613,11109,5022,826,33
2017,11,읍면동,경기도 김포시 고촌읍,26955,2866,2564,2945,4033,4665,4327,3253,1604,602,86,10,13603,1519,1333,1554,1942,2443,2151,1653,773,220,13,2,13352,1347,1231,1391,2091,2222,2176,1600,831,382,73,8
2017,11,읍면동,경기도 김포시 구래동,44338,8243,3484,3758,11571,7308,4223,3342,1808,523,76,2,21753,4144,1738,1799,5645,3974,1937,1444,870,184,17,1,22585,4099,1746,1959,5926,3334,2286,1898,938,339,59,1
2017,11,읍면동,경기도 김포시 김포본동,51761,4426,6672,7011,6213,9682,8919,4726,2830,1112,160,10,25560,2177,3522,3604,3014,4632,4598,2338,1214,413,46,2,26201,2249,3150,3407,3199,5050,4321,2388,1616,699,114,8
2017,11,읍면동,경기도 김포시 대곶면,10119,398,680,1068,947,1522,2387,1644,959,435,78,1,5785,213,367,628,588,973,1447,911,468,170,20,0,4334,185,313,440,359,549,940,733,491,265,58,1
2017,11,읍면동,경기도 김포시 사우동,21528,1526,2323,3166,2785,3889,3857,2120,1307,495,58,2,10825,805,1245,1632,1460,1915,2006,1017,552,183,10,0,10703,721,1078,1534,1325,1974,1851,1103,755,312,48,2
2017,11,읍면동,경기도 김포시 양촌읍,26482,2482,2319,2743,4054,4402,4600,3218,1808,737,112,7,13946,1236,1206,1525,2210,2525,2505,1644,818,240,33,4,12536,1246,1113,1218,1844,1877,2095,1574,990,497,79,3
2017,11,읍면동,경기도 김포시 운양동,37427,6631,3751,3197,8235,7188,3988,2600,1304,466,67,0,18425,3436,1892,1596,3778,3810,1948,1174,626,150,15,0,19002,3195,1859,1601,4457,3378,2040,1426,678,316,52,0
2017,11,읍면동,경기도 김포시 월곶면,5690,209,311,566,516,726,1276,1094,642,296,51,3,3148,105,156,353,317,448,732,605,318,103,10,1,2542,104,155,213,199,278,544,489,324,193,41,2
2017,11,읍면동,경기도 김포시 장기동,40902,6873,4529,3821,8440,8212,4407,2705,1409,450,55,1,20039,3505,2223,1895,3953,4283,2176,1225,622,147,10,0,20863,3368,2306,1926,4487,3929,2231,1480,787,303,45,1
2017,11,읍면동,경기도 김포시 장기본동,36832,5811,4919,3314,6726,7692,3919,2475,1440,462,73,1,17995,2955,2490,1645,3064,3906,1931,1137,684,166,17,0,18837,2856,2429,1669,3662,3786,1988,1338,756,296,56,1
2017,11,읍면동,경기도 김포시 통진읍,27491,2163,2633,3511,3471,4515,5253,3166,1827,852,98,2,14482,1105,1381,2022,1907,2478,2827,1646,790,307,17,2,13009,1058,1252,1489,1564,2037,2426,1520,1037,545,81,0
2017,11,읍면동,경기도 김포시 풍무동,52048,6323,6676,5733,7887,10205,7265,4355,2560,919,119,6,25556,3274,3399,2895,3687,5062,3675,2018,1179,331,35,1,26492,3049,3277,2838,4200,5143,3590,2337,1381,588,84,5
2017,11,읍면동,경기도 김포시 하성면,8643,343,573,968,764,1074,1916,1483,1003,459,57,3,4696,206,309,574,448,637,1093,756,478,172,21,2,3947,137,264,394,316,437,823,727,525,287,36,1
2017,11,시군,경기도 남양주시 ,665572,67987,77211,78295,93316,124581,104266,65433,38477,13976,1862,168,332235,34929,39758,40767,45495,63243,53484,31628,17449,4997,447,38,333337,33058,37453,37528,47821,61338,50782,33805,21028,8979,1415,130
2017,11,읍면동,경기도 남양주시 금곡동,21385,1193,1706,3143,2703,3017,4460,2791,1597,689,75,11,10902,621,903,1734,1495,1546,2241,1402,704,229,22,5,10483,572,803,1409,1208,1471,2219,1389,893,460,53,6
2017,11,읍면동,경기도 남양주시 도농동,38277,3558,4377,5224,5153,6585,6168,4135,2171,790,104,12,18601,1828,2159,2681,2457,3144,2974,2011,1036,287,22,2,19676,1730,2218,2543,2696,3441,3194,2124,1135,503,82,10
2017,11,읍면동,경기도 남양주시 별내동,69277,9417,6162,8559,13217,11672,9966,6268,2855,997,160,4,33966,4762,3068,4351,6382,5875,4747,3094,1345,310,31,1,35311,4655,3094,4208,6835,5797,5219,3174,1510,687,129,3
2017,11,읍면동,경기도 남양주시 별내면,20809,1608,2294,2534,2361,3805,3472,2426,1615,605,75,14,10393,841,1207,1275,1216,1901,1814,1159,713,240,24,3,10416,767,1087,1259,1145,1904,1658,1267,902,365,51,11
2017,11,읍면동,경기도 남양주시 수동면,9319,461,813,914,807,1308,1864,1623,980,442,98,9,4899,258,460,513,438,715,1019,834,489,142,26,5,4420,203,353,401,369,593,845,789,491,300,72,4
2017,11,읍면동,경기도 남양주시 양정동,5057,243,277,595,618,651,1104,910,463,168,21,7,2807,116,143,342,358,403,633,502,234,73,3,0,2250,127,134,253,260,248,471,408,229,95,18,7
2017,11,읍면동,경기도 남양주시 오남읍,54910,5523,7317,6160,6912,11371,8321,4812,3228,1117,142,7,27494,2848,3764,3227,3342,5814,4409,2284,1404,366,34,2,27416,2675,3553,2933,3570,5557,3912,2528,1824,751,108,5
2017,11,읍면동,경기도 남양주시 와부읍,68569,6220,8599,8160,8296,13358,10788,6894,4481,1514,234,25,33833,3177,4412,4223,3954,6506,5559,3233,2103,593,68,5,34736,3043,4187,3937,4342,6852,5229,3661,2378,921,166,20
2017,11,읍면동,경기도 남양주시 조안면,4423,253,313,474,460,612,886,762,445,189,28,1,2308,141,159,253,240,343,468,405,220,73,5,1,2115,112,154,221,220,269,418,357,225,116,23,0
2017,11,읍면동,경기도 남양주시 지금동,19207,1905,2271,2280,2719,3768,2994,1925,952,328,54,11,9466,955,1189,1172,1307,1889,1493,917,422,113,5,4,9741,950,1082,1108,1412,1879,1501,1008,530,215,49,7
2017,11,읍면동,경기도 남양주시 진건읍,26763,1531,2603,3873,2942,4132,5619,3255,1907,778,107,16,13857,819,1359,2099,1565,2168,3038,1677,827,276,29,0,12906,712,1244,1774,1377,1964,2581,1578,1080,502,78,16
2017,11,읍면동,경기도 남양주시 진접읍,95830,11179,11851,10099,13538,18736,14274,8830,5234,1877,200,12,48422,5773,6160,5357,6501,9787,7439,4247,2399,703,53,3,47408,5406,5691,4742,7037,8949,6835,4583,2835,1174,147,9
2017,11,읍면동,경기도 남양주시 퇴계원면,31826,2471,3166,4587,4172,4917,6081,3668,1971,695,94,4,15843,1217,1634,2394,2146,2468,2962,1891,861,254,16,0,15983,1254,1532,2193,2026,2449,3119,1777,1110,441,78,4
2017,11,읍면동,경기도 남양주시 평내동,40945,4511,5888,4443,5759,8754,5640,3161,1954,739,91,5,20081,2289,2978,2242,2672,4349,2960,1486,836,247,22,0,20864,2222,2910,2201,3087,4405,2680,1675,1118,492,69,5
2017,11,읍면동,경기도 남양주시 호평동,51328,6894,6942,5049,8119,11130,6092,3741,2429,814,113,5,25158,3576,3565,2572,3705,5570,3118,1633,1095,296,26,2,26170,3318,3377,2477,4414,5560,2974,2108,1334,518,87,3
2017,11,읍면동,경기도 남양주시 화도읍,94719,9547,11495,10799,13293,18633,14505,8774,5479,1947,222,25,47557,4946,5970,5594,6566,9647,7594,4089,2416,682,48,5,47162,4601,5525,5205,6727,8986,6911,4685,3063,1265,174,20
2017,11,읍면동,경기도 남양주시 화도읍동부출장소,12928,1473,1137,1402,2247,2132,2032,1458,716,287,44,0,6648,762,628,738,1151,1118,1016,764,345,113,13,0,6280,711,509,664,1096,1014,1016,694,371,174,31,0
2017,11,시군,경기도 동두천시 ,97084,8060,9949,11182,12108,16271,16252,10976,8390,3380,443,73,48341,4105,5140,5941,6180,8461,8431,5255,3446,1237,127,18,48743,3955,4809,5241,5928,7810,7821,5721,4944,2143,316,55
2017,11,읍면동,경기도 동두천시 보산동,3366,193,262,364,361,493,657,486,398,134,16,2,1621,99,143,205,182,259,332,216,147,35,3,0,1745,94,119,159,179,234,325,270,251,99,13,2
2017,11,읍면동,경기도 동두천시 불현동,27830,2346,3136,3456,3473,4624,4754,2901,2168,863,96,13,13689,1182,1557,1847,1743,2289,2441,1404,892,307,24,3,14141,1164,1579,1609,1730,2335,2313,1497,1276,556,72,10
2017,11,읍면동,경기도 동두천시 상패동,5454,281,334,570,560,821,1070,880,625,267,38,8,2869,144,174,324,327,465,604,439,286,91,13,2,2585,137,160,246,233,356,466,441,339,176,25,6
2017,11,읍면동,경기도 동두천시 생연1동,7289,564,665,838,912,1102,1324,894,691,262,33,4,3641,302,336,452,472,567,668,447,280,105,11,1,3648,262,329,386,440,535,656,447,411,157,22,3
2017,11,읍면동,경기도 동두천시 생연2동,12006,1006,1311,1273,1412,2060,1955,1334,1122,481,44,8,5939,530,717,672,690,1099,980,602,430,205,12,2,6067,476,594,601,722,961,975,732,692,276,32,6
2017,11,읍면동,경기도 동두천시 소요동,9173,515,581,1025,974,1310,1802,1401,1052,436,62,15,4776,258,321,589,521,752,984,687,481,163,16,4,4397,257,260,436,453,558,818,714,571,273,46,11
2017,11,읍면동,경기도 동두천시 송내동,26361,2969,3339,3031,3910,5089,3482,2153,1655,635,93,5,12930,1489,1715,1521,1943,2586,1761,996,665,226,25,3,13431,1480,1624,1510,1967,2503,1721,1157,990,409,68,2
2017,11,읍면동,경기도 동두천시 중앙동,5605,186,321,625,506,772,1208,927,679,302,61,18,2876,101,177,331,302,444,661,464,265,105,23,3,2729,85,144,294,204,328,547,463,414,197,38,15
2017,11,시군,경기도 부천시 ,849361,68805,83501,125514,130044,141904,153222,87271,40324,16350,2233,193,423596,35290,43095,64898,66668,70998,75498,43695,17846,5067,499,42,425765,33515,40406,60616,63376,70906,77724,43576,22478,11283,1734,151
2017,11,읍면동,경기도 부천시 고강1동,16320,1046,1557,2560,2090,2846,3206,1675,913,384,40,3,8155,494,808,1361,1107,1452,1615,812,375,118,12,1,8165,552,749,1199,983,1394,1591,863,538,266,28,2
2017,11,읍면동,경기도 부천시 고강본동,30246,1928,3173,4206,4054,5438,5481,3268,1932,684,75,7,15273,997,1655,2205,2200,2821,2769,1571,803,238,13,1,14973,931,1518,2001,1854,2617,2712,1697,1129,446,62,6
2017,11,읍면동,경기도 부천시 괴안동,21851,1622,2158,3228,3055,3630,3933,2355,1151,623,90,6,10740,821,1111,1698,1551,1777,1923,1163,478,194,22,2,11111,801,1047,1530,1504,1853,2010,1192,673,429,68,4
2017,11,읍면동,경기도 부천시 도당동,24181,1660,2611,3804,3111,4290,4898,2314,1062,393,36,2,12448,851,1377,2052,1648,2194,2574,1194,434,119,5,0,11733,809,1234,1752,1463,2096,2324,1120,628,274,31,2
2017,11,읍면동,경기도 부천시 범박동,39458,5499,4288,4389,7254,6783,5469,3523,1549,585,108,11,19578,2796,2195,2220,3501,3449,2705,1783,729,175,24,1,19880,2703,2093,2169,3753,3334,2764,1740,820,410,84,10
2017,11,읍면동,경기도 부천시 상1동,25715,2703,2624,3338,4907,4450,3987,2373,933,351,49,0,12664,1410,1346,1649,2444,2186,1839,1242,428,108,12,0,13051,1293,1278,1689,2463,2264,2148,1131,505,243,37,0
2017,11,읍면동,경기도 부천시 상2동,31795,3883,4308,4326,5175,6039,4928,1908,807,358,61,2,15560,1951,2234,2183,2403,2833,2533,974,332,106,10,1,16235,1932,2074,2143,2772,3206,2395,934,475,252,51,1
2017,11,읍면동,경기도 부천시 상3동,33152,3199,4798,5097,3998,6640,6161,2049,788,361,61,0,16498,1639,2444,2713,1800,3067,3254,1135,345,91,10,0,16654,1560,2354,2384,2198,3573,2907,914,443,270,51,0
2017,11,읍면동,경기도 부천시 상동,20064,1247,2028,3330,2588,3106,3948,2250,1042,444,74,7,9977,648,1097,1702,1280,1517,1927,1194,451,142,16,3,10087,599,931,1628,1308,1589,2021,1056,591,302,58,4
2017,11,읍면동,경기도 부천시 성곡동,44040,3108,4874,6637,5472,7588,8618,4409,2244,954,126,10,22165,1606,2489,3534,2834,3808,4368,2261,949,287,27,2,21875,1502,2385,3103,2638,3780,4250,2148,1295,667,99,8
2017,11,읍면동,경기도 부천시 소사동,9094,510,474,1181,1373,1304,1724,1417,791,258,56,6,4446,285,236,612,745,681,803,644,354,74,12,0,4648,225,238,569,628,623,921,773,437,184,44,6
2017,11,읍면동,경기도 부천시 소사본3동,32832,2713,3440,4641,4671,5143,6144,3809,1530,632,100,9,16124,1348,1721,2458,2334,2495,2962,1881,718,186,21,0,16708,1365,1719,2183,2337,2648,3182,1928,812,446,79,9
2017,11,읍면동,경기도 부천시 소사본동,25853,1670,1845,3979,3871,3738,4941,3438,1655,604,103,9,12991,850,933,2077,2118,1921,2401,1686,778,196,28,3,12862,820,912,1902,1753,1817,2540,1752,877,408,75,6
2017,11,읍면동,경기도 부천시 송내1동,23884,1888,2087,3669,3808,3627,4313,2790,1186,446,65,5,11815,964,1103,1904,1949,1773,2024,1401,529,157,10,1,12069,924,984,1765,1859,1854,2289,1389,657,289,55,4
2017,11,읍면동,경기도 부천시 송내2동,28140,2427,2849,4169,4302,4729,4904,2885,1281,532,57,5,13936,1236,1531,2151,2170,2353,2310,1412,592,160,19,2,14204,1191,1318,2018,2132,2376,2594,1473,689,372,38,3
2017,11,읍면동,경기도 부천시 신흥동,19481,1201,1690,3024,2677,3329,4074,2139,947,336,53,11,10480,660,921,1662,1498,1856,2227,1144,398,104,9,1,9001,541,769,1362,1179,1473,1847,995,549,232,44,10
2017,11,읍면동,경기도 부천시 심곡1동,13379,768,968,2065,2364,2136,2435,1587,733,286,34,3,6930,407,506,1076,1351,1120,1231,762,371,94,11,1,6449,361,462,989,1013,1016,1204,825,362,192,23,2
2017,11,읍면동,경기도 부천시 심곡2동,18683,959,1071,3336,3740,3087,3074,2032,967,366,43,8,9694,480,519,1625,2107,1752,1610,1000,463,126,11,1,8989,479,552,1711,1633,1335,1464,1032,504,240,32,7
2017,11,읍면동,경기도 부천시 심곡3동,13559,868,1230,2134,1985,2244,2700,1493,644,228,23,10,6939,452,648,1136,1098,1161,1354,737,267,76,7,3,6620,416,582,998,887,1083,1346,756,377,152,16,7
2017,11,읍면동,경기도 부천시 심곡본1동,18391,1015,1426,2721,2750,2906,3531,2360,1177,444,52,9,9223,518,714,1426,1520,1500,1701,1141,531,161,8,3,9168,497,712,1295,1230,1406,1830,1219,646,283,44,6
2017,11,읍면동,경기도 부천시 심곡본동,17796,1084,1356,2495,2712,2824,3134,2382,1293,446,66,4,8844,582,717,1286,1444,1447,1468,1131,604,152,12,1,8952,502,639,1209,1268,1377,1666,1251,689,294,54,3
2017,11,읍면동,경기도 부천시 약대동,19611,1932,1793,2982,3382,3168,3633,1763,667,251,33,7,9892,996,920,1569,1726,1593,1778,919,305,74,9,3,9719,936,873,1413,1656,1575,1855,844,362,177,24,4
2017,11,읍면동,경기도 부천시 역곡1동,19411,1777,1776,2448,3186,3196,3166,2255,1089,456,56,6,9612,901,892,1246,1590,1697,1510,1113,501,147,15,0,9799,876,884,1202,1596,1499,1656,1142,588,309,41,6
2017,11,읍면동,경기도 부천시 역곡2동,20081,1720,1657,2950,3490,3268,3220,2205,1074,421,66,10,9871,865,841,1549,1743,1687,1522,1022,467,157,16,2,10210,855,816,1401,1747,1581,1698,1183,607,264,50,8
2017,11,읍면동,경기도 부천시 역곡3동,24399,1771,1966,3397,3888,3897,4184,2958,1608,643,78,9,12026,901,995,1751,2049,1987,1994,1392,715,216,23,3,12373,870,971,1646,1839,1910,2190,1566,893,427,55,6
2017,11,읍면동,경기도 부천시 오정동,23175,2085,2218,3317,3703,3777,4178,2461,992,393,46,5,12043,1100,1217,1773,2023,1992,2096,1266,447,116,12,1,11132,985,1001,1544,1680,1785,2082,1195,545,277,34,4
2017,11,읍면동,경기도 부천시 원미1동,17896,1221,1671,2678,2509,2926,3476,2103,927,328,51,6,9146,637,900,1435,1337,1517,1725,1049,413,114,16,3,8750,584,771,1243,1172,1409,1751,1054,514,214,35,3
2017,11,읍면동,경기도 부천시 원미2동,13809,884,1111,1975,1868,2161,2763,1839,858,315,32,3,6955,454,541,1041,1017,1116,1373,898,402,104,9,0,6854,430,570,934,851,1045,1390,941,456,211,23,3
2017,11,읍면동,경기도 부천시 원종1동,24118,1649,2365,3692,3222,3966,4737,2626,1277,517,64,3,12156,855,1223,1962,1723,1953,2365,1344,552,162,16,1,11962,794,1142,1730,1499,2013,2372,1282,725,355,48,2
2017,11,읍면동,경기도 부천시 원종2동,24180,1709,2709,3835,3117,4400,4601,2061,1167,518,61,2,12074,878,1400,1985,1625,2204,2337,1049,446,140,10,0,12106,831,1309,1850,1492,2196,2264,1012,721,378,51,2
2017,11,읍면동,경기도 부천시 중1동,35356,2970,3577,5770,6407,6233,5970,2801,1034,523,69,2,17156,1535,1808,2774,3107,2972,2828,1507,458,149,18,0,18200,1435,1769,2996,3300,3261,3142,1294,576,374,51,2
2017,11,읍면동,경기도 부천시 중2동,33396,2754,3574,5336,5039,5244,6223,3387,1190,559,89,1,16353,1463,1833,2705,2455,2457,2888,1816,555,160,21,0,17043,1291,1741,2631,2584,2787,3335,1571,635,399,68,1
2017,11,읍면동,경기도 부천시 중3동,25504,2284,2538,3774,4390,3977,4525,2307,1099,550,60,0,12235,1142,1273,1868,2154,1865,2169,1132,482,139,11,0,13269,1142,1265,1906,2236,2112,2356,1175,617,411,49,0
2017,11,읍면동,경기도 부천시 중4동,20180,1752,1971,2954,3725,3291,3391,1822,826,383,62,3,9599,882,1003,1429,1862,1498,1614,850,341,109,11,0,10581,870,968,1525,1863,1793,1777,972,485,274,51,3
2017,11,읍면동,경기도 부천시 중동,24895,2182,2502,3871,3468,4221,4663,2461,1029,437,54,7,12216,1090,1319,1943,1696,2093,2240,1227,469,130,8,1,12679,1092,1183,1928,1772,2128,2423,1234,560,307,46,6
2017,11,읍면동,경기도 부천시 춘의동,15436,1117,1218,2206,2693,2302,2889,1766,862,341,40,2,7782,596,625,1138,1459,1204,1461,843,364,86,5,1,7654,521,593,1068,1234,1098,1428,923,498,255,35,1
2017,11,시군,경기도 성남시 ,968014,80524,100167,136097,150913,171278,156406,95797,52504,20662,3268,398,479520,41385,51583,69346,75701,84981,78191,46710,23585,7157,787,94,488494,39139,48584,66751,75212,86297,78215,49087,28919,13505,2481,304
2017,11,구,경기도 성남시 분당구 ,500566,45943,59700,69520,77724,93911,74789,41993,23902,11203,1811,70,242618,23589,30741,34506,36998,44087,37034,20441,10730,4029,453,10,257948,22354,28959,35014,40726,49824,37755,21552,13172,7174,1358,60
2017,11,읍면동,경기도 성남시 분당구 구미1동,18580,1482,2037,2946,2935,3354,2958,1496,871,436,64,1,8993,773,1054,1427,1422,1571,1449,740,368,175,13,1,9587,709,983,1519,1513,1783,1509,756,503,261,51,0
2017,11,읍면동,경기도 성남시 분당구 구미동,33064,2600,3363,4665,5066,5804,5214,3048,2019,1085,189,11,15983,1327,1726,2350,2469,2711,2584,1452,896,419,49,0,17081,1273,1637,2315,2597,3093,2630,1596,1123,666,140,11
2017,11,읍면동,경기도 성남시 분당구 금곡동,30130,2303,2836,4375,5055,4921,4648,3041,1856,956,135,4,14231,1167,1442,2103,2408,2322,2195,1451,786,325,32,0,15899,1136,1394,2272,2647,2599,2453,1590,1070,631,103,4
2017,11,읍면동,경기도 성남시 분당구 백현동,29294,3903,3519,3835,4927,5158,4382,2109,962,440,56,3,14234,2018,1842,1860,2276,2453,2172,1007,455,133,17,1,15060,1885,1677,1975,2651,2705,2210,1102,507,307,39,2
2017,11,읍면동,경기도 성남시 분당구 분당동,27914,2386,3411,4148,4006,5343,4205,2413,1292,605,101,4,13614,1221,1780,2076,1920,2516,2027,1198,610,236,29,1,14300,1165,1631,2072,2086,2827,2178,1215,682,369,72,3
2017,11,읍면동,경기도 성남시 분당구 삼평동,25533,3211,3290,3119,3840,5029,3789,1920,931,354,46,4,12432,1653,1675,1563,1757,2427,1873,945,421,108,9,1,13101,1558,1615,1556,2083,2602,1916,975,510,246,37,3
2017,11,읍면동,경기도 성남시 분당구 서현1동,32709,2788,4518,4640,4601,6677,4659,2358,1550,785,130,3,15798,1439,2335,2280,2100,3088,2390,1154,668,315,29,0,16911,1349,2183,2360,2501,3589,2269,1204,882,470,101,3
2017,11,읍면동,경기도 성남시 분당구 서현2동,19603,1628,2660,3029,2474,3770,3295,1534,754,395,61,3,9600,852,1371,1581,1182,1680,1657,781,348,135,12,1,10003,776,1289,1448,1292,2090,1638,753,406,260,49,2
2017,11,읍면동,경기도 성남시 분당구 수내1동,18138,1307,2472,2362,2668,3898,2488,1316,948,593,81,5,8691,669,1310,1178,1211,1758,1304,586,408,240,27,0,9447,638,1162,1184,1457,2140,1184,730,540,353,54,5
2017,11,읍면동,경기도 성남시 분당구 수내2동,10940,1137,2078,1085,975,2795,1388,751,456,231,43,1,5316,569,1037,583,402,1303,766,358,203,80,15,0,5624,568,1041,502,573,1492,622,393,253,151,28,1
2017,11,읍면동,경기도 성남시 분당구 수내3동,14967,1203,2652,2036,1778,3604,2081,922,463,189,38,1,7431,621,1394,1040,860,1683,1091,453,222,52,15,0,7536,582,1258,996,918,1921,990,469,241,137,23,1
2017,11,읍면동,경기도 성남시 분당구 야탑1동,18269,1547,1515,2904,3202,2932,2834,1912,985,358,78,2,8936,753,780,1478,1556,1454,1331,958,467,137,22,0,9333,794,735,1426,1646,1478,1503,954,518,221,56,2
2017,11,읍면동,경기도 성남시 분당구 야탑2동,17565,1383,1967,2416,2443,2963,2726,1985,1140,472,67,3,8409,699,1015,1204,1127,1361,1296,978,547,167,15,0,9156,684,952,1212,1316,1602,1430,1007,593,305,52,3
2017,11,읍면동,경기도 성남시 분당구 야탑3동,31232,2736,2692,4615,6104,4902,4923,2992,1540,615,107,6,15380,1402,1354,2386,3251,2399,2301,1454,645,170,17,1,15852,1334,1338,2229,2853,2503,2622,1538,895,445,90,5
2017,11,읍면동,경기도 성남시 분당구 운중동,20885,2359,2318,2581,3137,3995,3368,1972,747,336,72,0,10200,1186,1197,1264,1447,1940,1672,1014,368,102,10,0,10685,1173,1121,1317,1690,2055,1696,958,379,234,62,0
2017,11,읍면동,경기도 성남시 분당구 이매1동,27172,2578,3613,3673,3843,5162,4127,2245,1263,569,96,3,13266,1329,1861,1883,1814,2413,2052,1123,573,194,24,0,13906,1249,1752,1790,2029,2749,2075,1122,690,375,72,3
2017,11,읍면동,경기도 성남시 분당구 이매2동,14468,1115,2027,2039,1474,2742,2348,1471,800,385,64,3,7103,606,1095,1058,651,1230,1184,747,375,142,15,0,7365,509,932,981,823,1512,1164,724,425,243,49,3
2017,11,읍면동,경기도 성남시 분당구 정자1동,31031,2233,3526,4695,5547,6047,4257,2302,1668,657,96,3,14593,1120,1762,2060,2481,2740,2188,1100,796,313,31,2,16438,1113,1764,2635,3066,3307,2069,1202,872,344,65,1
2017,11,읍면동,경기도 성남시 분당구 정자2동,17369,1218,1740,2261,3443,2936,2515,1459,1075,606,112,4,8184,665,922,1073,1752,1310,1221,643,401,166,30,1,9185,553,818,1188,1691,1626,1294,816,674,440,82,3
2017,11,읍면동,경기도 성남시 분당구 정자3동,16450,1533,2078,2276,2469,3154,2448,1158,808,456,70,0,7908,813,1044,1137,1182,1440,1200,559,340,173,20,0,8542,720,1034,1139,1287,1714,1248,599,468,283,50,0
2017,11,읍면동,경기도 성남시 분당구 정자동,21035,1827,2161,3297,4075,3567,2907,1872,928,345,54,2,10457,936,1089,1639,2126,1726,1429,915,451,133,13,0,10578,891,1072,1658,1949,1841,1478,957,477,212,41,2
2017,11,읍면동,경기도 성남시 분당구 판교동,24218,3466,3227,2523,3662,5158,3229,1717,846,335,51,4,11859,1771,1656,1283,1604,2562,1652,825,382,114,9,1,12359,1695,1571,1240,2058,2596,1577,892,464,221,42,3
2017,11,구,경기도 성남시 수정구 ,236780,17494,19779,33893,37708,39122,40581,27558,14950,4797,721,177,120130,8927,10232,17782,20086,20816,20455,13283,6720,1603,179,47,116650,8567,9547,16111,17622,18306,20126,14275,8230,3194,542,130
2017,11,읍면동,경기도 성남시 수정구 고등동,1815,97,62,221,279,236,375,320,166,46,13,0,940,46,28,126,151,137,194,151,84,18,5,0,875,51,34,95,128,99,181,169,82,28,8,0
2017,11,읍면동,경기도 성남시 수정구 단대동,16870,1433,1462,2327,2692,2735,2792,1924,1062,365,68,10,8372,741,790,1189,1400,1391,1352,883,473,135,15,3,8498,692,672,1138,1292,1344,1440,1041,589,230,53,7
2017,11,읍면동,경기도 성남시 수정구 복정동,12596,1203,774,2203,3633,2051,1229,925,410,132,30,6,6762,629,347,1154,2041,1259,629,436,215,41,9,2,5834,574,427,1049,1592,792,600,489,195,91,21,4
2017,11,읍면동,경기도 성남시 수정구 산성동,14400,960,1271,1924,2130,2546,2399,1735,1061,310,39,25,7432,518,666,1006,1166,1398,1240,816,487,116,10,9,6968,442,605,918,964,1148,1159,919,574,194,29,16
2017,11,읍면동,경기도 성남시 수정구 수진1동,13661,574,994,1777,1750,2236,2738,1983,1162,359,70,18,6991,295,535,950,1003,1194,1398,957,515,121,16,7,6670,279,459,827,747,1042,1340,1026,647,238,54,11
2017,11,읍면동,경기도 성남시 수정구 수진2동,17873,1107,1463,2613,2599,2809,3280,2292,1298,345,53,14,9020,553,799,1363,1401,1457,1607,1089,607,125,16,3,8853,554,664,1250,1198,1352,1673,1203,691,220,37,11
2017,11,읍면동,경기도 성남시 수정구 시흥동,3375,245,202,413,569,473,564,536,265,91,14,3,1755,136,106,225,309,270,267,273,132,34,3,0,1620,109,96,188,260,203,297,263,133,57,11,3
2017,11,읍면동,경기도 성남시 수정구 신촌동,4827,642,468,732,946,773,543,442,198,72,11,0,2526,335,248,441,501,426,266,200,84,22,3,0,2301,307,220,291,445,347,277,242,114,50,8,0
2017,11,읍면동,경기도 성남시 수정구 신흥1동,14279,650,947,2108,2111,2398,2762,1895,1041,299,50,18,7373,327,503,1146,1184,1336,1423,906,441,91,13,3,6906,323,444,962,927,1062,1339,989,600,208,37,15
2017,11,읍면동,경기도 성남시 수정구 신흥2동,12094,949,1197,1546,1789,2026,2185,1468,664,219,36,15,6137,464,622,814,910,1052,1120,739,329,76,6,5,5957,485,575,732,879,974,1065,729,335,143,30,10
2017,11,읍면동,경기도 성남시 수정구 신흥3동,11268,507,785,1742,1660,1853,2155,1452,846,225,37,6,5845,252,410,923,932,1048,1120,699,376,71,14,0,5423,255,375,819,728,805,1035,753,470,154,23,6
2017,11,읍면동,경기도 성남시 수정구 양지동,10450,761,1115,1371,1436,1826,1776,1178,721,230,31,5,5195,387,592,687,764,936,893,537,315,74,9,1,5255,374,523,684,672,890,883,641,406,156,22,4
2017,11,읍면동,경기도 성남시 수정구 위례동,39664,4692,3593,5305,7052,6507,6470,3736,1584,639,84,2,19557,2371,1780,2746,3380,3320,3140,1908,712,185,15,0,20107,2321,1813,2559,3672,3187,3330,1828,872,454,69,2
2017,11,읍면동,경기도 성남시 수정구 태평1동,17368,825,1138,2971,2842,2627,2988,2246,1281,394,46,10,8814,425,569,1496,1600,1433,1479,1074,581,143,13,1,8554,400,569,1475,1242,1194,1509,1172,700,251,33,9
2017,11,읍면동,경기도 성남시 수정구 태평2동,16287,912,1445,2480,2151,2790,2935,1973,1129,397,60,15,8236,505,753,1299,1168,1459,1487,930,487,128,14,6,8051,407,692,1181,983,1331,1448,1043,642,269,46,9
2017,11,읍면동,경기도 성남시 수정구 태평3동,14812,872,1266,2077,2084,2509,2767,1802,1024,352,44,15,7521,410,667,1106,1130,1301,1451,889,436,115,13,3,7291,462,599,971,954,1208,1316,913,588,237,31,12
2017,11,읍면동,경기도 성남시 수정구 태평4동,15141,1065,1597,2083,1985,2727,2623,1651,1038,322,35,15,7654,533,817,1111,1046,1399,1389,796,446,108,5,4,7487,532,780,972,939,1328,1234,855,592,214,30,11
2017,11,구,경기도 성남시 중원구 ,230668,17087,20688,32684,35481,38245,41036,26246,13652,4662,736,151,116772,8869,10610,17058,18617,20078,20702,12986,6135,1525,155,37,113896,8218,10078,15626,16864,18167,20334,13260,7517,3137,581,114
2017,11,읍면동,경기도 성남시 중원구 금광1동,8943,610,685,1199,1462,1428,1700,1082,551,170,28,28,4679,331,335,639,803,781,894,557,268,59,7,5,4264,279,350,560,659,647,806,525,283,111,21,23
2017,11,읍면동,경기도 성남시 중원구 금광2동,26945,1689,2460,4286,4014,4457,4686,3117,1628,519,78,11,13104,866,1179,2044,2016,2247,2303,1520,727,182,18,2,13841,823,1281,2242,1998,2210,2383,1597,901,337,60,9
2017,11,읍면동,경기도 성남시 중원구 도촌동,27781,3405,2868,3396,4930,4854,4070,2544,1164,457,92,1,13575,1735,1489,1745,2361,2472,1868,1216,523,150,16,0,14206,1670,1379,1651,2569,2382,2202,1328,641,307,76,1
2017,11,읍면동,경기도 성남시 중원구 상대원1동,27987,2094,2362,3902,4632,4729,4998,3169,1497,521,73,10,14483,1097,1211,2129,2499,2592,2544,1564,669,159,17,2,13504,997,1151,1773,2133,2137,2454,1605,828,362,56,8
2017,11,읍면동,경기도 성남시 중원구 상대원2동,15639,822,1282,2164,2037,2638,3219,1987,1085,334,61,10,8073,442,645,1166,1109,1439,1713,978,473,95,12,1,7566,380,637,998,928,1199,1506,1009,612,239,49,9
2017,11,읍면동,경기도 성남시 중원구 상대원3동,13946,839,1176,2019,1938,2300,2787,1691,853,291,44,8,7248,438,624,1077,1086,1217,1456,882,384,75,6,3,6698,401,552,942,852,1083,1331,809,469,216,38,5
2017,11,읍면동,경기도 성남시 중원구 성남동,32170,1868,2451,5007,5374,4866,5707,3883,2112,773,105,24,16537,945,1270,2622,2944,2607,2892,1977,983,275,15,7,15633,923,1181,2385,2430,2259,2815,1906,1129,498,90,17
2017,11,읍면동,경기도 성남시 중원구 은행1동,11961,912,1478,1707,1586,2240,1904,1184,680,231,36,3,5902,479,708,881,814,1127,959,549,308,70,6,1,6059,433,770,826,772,1113,945,635,372,161,30,2
2017,11,읍면동,경기도 성남시 중원구 은행2동,27239,1964,2701,3753,3751,4729,4691,3027,1893,621,92,17,13526,1040,1393,1965,2012,2384,2326,1385,791,205,22,3,13713,924,1308,1788,1739,2345,2365,1642,1102,416,70,14
2017,11,읍면동,경기도 성남시 중원구 중앙동,15783,1154,1115,1840,2430,2611,2967,2091,1121,355,66,33,8304,612,614,971,1271,1471,1632,1044,513,136,27,13,7479,542,501,869,1159,1140,1335,1047,608,219,39,20
2017,11,읍면동,경기도 성남시 중원구 하대원동,22274,1730,2110,3411,3327,3393,4307,2471,1068,390,61,6,11341,884,1142,1819,1702,1741,2115,1314,496,119,9,0,10933,846,968,1592,1625,1652,2192,1157,572,271,52,6
2017,11,시군,경기도 수원시 ,1202310,114631,133525,185840,196564,215149,188204,94332,50321,20473,3022,249,605702,59061,69287,97834,101150,107470,95296,46265,21932,6635,706,66,596608,55570,64238,88006,95414,107679,92908,48067,28389,13838,2316,183
2017,11,구,경기도 수원시 권선구 ,364418,36220,36950,54649,63229,62386,59134,29925,15001,5991,867,66,183745,18542,19339,28292,32778,31578,29636,14796,6640,1931,194,19,180673,17678,17611,26357,30451,30808,29498,15129,8361,4060,673,47
2017,11,읍면동,경기도 수원시 권선구 곡선동,29441,2306,2767,5970,6435,5294,4206,1437,664,312,47,3,15473,1133,1435,3113,3608,2829,2217,748,288,88,12,2,13968,1173,1332,2857,2827,2465,1989,689,376,224,35,1
2017,11,읍면동,경기도 수원시 권선구 구운동,27000,1965,2646,4378,3953,4485,5014,2623,1329,530,72,5,13644,1002,1336,2301,2129,2260,2497,1338,582,182,16,1,13356,963,1310,2077,1824,2225,2517,1285,747,348,56,4
2017,11,읍면동,경기도 수원시 권선구 권선1동,25163,1710,2180,4590,4695,4057,4401,2108,941,420,55,6,12751,865,1190,2299,2489,2044,2230,1080,414,127,11,2,12412,845,990,2291,2206,2013,2171,1028,527,293,44,4
2017,11,읍면동,경기도 수원시 권선구 권선2동,51738,6871,5975,7480,9596,9122,7679,3196,1205,518,92,4,25580,3535,3182,3814,4611,4390,3707,1634,531,155,19,2,26158,3336,2793,3666,4985,4732,3972,1562,674,363,73,2
2017,11,읍면동,경기도 수원시 권선구 금곡동,44713,5718,5322,5832,7386,8077,6951,2976,1633,731,86,1,22237,2984,2839,2990,3580,3946,3490,1457,683,251,17,0,22476,2734,2483,2842,3806,4131,3461,1519,950,480,69,1
2017,11,읍면동,경기도 수원시 권선구 서둔동,41233,3334,4032,6346,6683,6865,6927,4058,2133,740,107,8,20902,1729,2094,3283,3608,3550,3486,1986,915,227,22,2,20331,1605,1938,3063,3075,3315,3441,2072,1218,513,85,6
2017,11,읍면동,경기도 수원시 권선구 세류1동,10874,1051,728,1627,2059,1554,1889,1130,568,224,35,9,5477,567,391,826,1104,793,919,533,254,80,9,1,5397,484,337,801,955,761,970,597,314,144,26,8
2017,11,읍면동,경기도 수원시 권선구 세류2동,25770,1535,2042,4076,4243,4178,4669,2878,1523,537,83,6,13161,779,1083,2133,2375,2175,2315,1395,701,177,25,3,12609,756,959,1943,1868,2003,2354,1483,822,360,58,3
2017,11,읍면동,경기도 수원시 권선구 세류3동,23267,1522,2090,3358,3522,3955,4121,2671,1415,516,87,10,11643,708,1109,1776,1883,2058,1996,1263,646,182,22,0,11624,814,981,1582,1639,1897,2125,1408,769,334,65,10
2017,11,읍면동,경기도 수원시 권선구 입북동,18165,2375,2164,2082,2976,3639,2655,1306,673,262,33,0,9142,1180,1102,1130,1416,1898,1363,652,308,85,8,0,9023,1195,1062,952,1560,1741,1292,654,365,177,25,0
2017,11,읍면동,경기도 수원시 권선구 평동,37145,3240,3957,5432,5506,6280,6580,3490,1797,744,107,12,18901,1695,2035,2896,2901,3114,3401,1762,833,240,20,4,18244,1545,1922,2536,2605,3166,3179,1728,964,504,87,8
2017,11,읍면동,경기도 수원시 권선구 호매실동,29909,4593,3047,3478,6175,4880,4042,2052,1120,457,63,2,14834,2365,1543,1731,3074,2521,2015,948,485,137,13,2,15075,2228,1504,1747,3101,2359,2027,1104,635,320,50,0
2017,11,구,경기도 수원시 영통구 ,349281,39931,44231,55515,63260,66832,46924,18824,9204,3970,567,23,175963,20565,22804,29061,32055,32874,24101,9286,3883,1207,121,6,173318,19366,21427,26454,31205,33958,22823,9538,5321,2763,446,17
2017,11,읍면동,경기도 수원시 영통구 광교1동,49940,6598,7027,6721,9293,10634,6008,2204,952,435,65,3,24636,3389,3492,3227,4394,5249,3221,1122,388,136,17,1,25304,3209,3535,3494,4899,5385,2787,1082,564,299,48,2
2017,11,읍면동,경기도 수원시 영통구 광교2동,25677,3932,2547,2630,5698,4438,3209,1905,957,312,49,0,12376,1977,1293,1276,2733,2201,1507,867,425,86,11,0,13301,1955,1254,1354,2965,2237,1702,1038,532,226,38,0
2017,11,읍면동,경기도 수원시 영통구 매탄1동,20403,1798,2482,3339,3060,3718,3212,1623,798,326,43,4,10248,917,1291,1859,1545,1794,1592,773,356,113,8,0,10155,881,1191,1480,1515,1924,1620,850,442,213,35,4
2017,11,읍면동,경기도 수원시 영통구 매탄2동,16236,1291,1998,2478,2277,2960,2749,1420,744,278,38,3,8099,693,1030,1260,1183,1451,1355,694,333,92,8,0,8137,598,968,1218,1094,1509,1394,726,411,186,30,3
2017,11,읍면동,경기도 수원시 영통구 매탄3동,38571,3807,5144,7131,6301,7418,5196,2071,985,455,60,3,19985,1957,2635,3955,3454,3636,2738,1058,415,123,14,0,18586,1850,2509,3176,2847,3782,2458,1013,570,332,46,3
2017,11,읍면동,경기도 수원시 영통구 매탄4동,23951,2032,2942,3944,3877,4418,3711,1746,829,387,62,3,11882,1060,1486,2097,1969,2147,1809,854,340,101,17,2,12069,972,1456,1847,1908,2271,1902,892,489,286,45,1
2017,11,읍면동,경기도 수원시 영통구 영통1동,41690,4762,5601,6577,7180,8387,5701,1931,1016,464,69,2,20924,2462,2925,3445,3531,4089,2945,953,398,163,11,2,20766,2300,2676,3132,3649,4298,2756,978,618,301,58,0
2017,11,읍면동,경기도 수원시 영통구 영통2동,46532,5690,6478,6712,8699,9353,6167,1849,987,529,66,2,23235,2906,3390,3347,4357,4509,3244,925,381,160,16,0,23297,2784,3088,3365,4342,4844,2923,924,606,369,50,2
2017,11,읍면동,경기도 수원시 영통구 원천동,24718,2520,2313,5071,5473,4079,2837,1438,690,255,41,1,12978,1290,1291,2706,2993,2192,1436,680,307,73,9,1,11740,1230,1022,2365,2480,1887,1401,758,383,182,32,0
2017,11,읍면동,경기도 수원시 영통구 태장동,61563,7501,7699,10912,11402,11427,8134,2637,1246,529,74,2,31600,3914,3971,5889,5896,5606,4254,1360,540,160,10,0,29963,3587,3728,5023,5506,5821,3880,1277,706,369,64,2
2017,11,구,경기도 수원시 장안구 ,293997,24814,34445,45805,40153,53119,48852,24937,14533,6299,959,81,147919,12861,17944,24916,20424,26175,24706,12228,6316,2095,233,21,146078,11953,16501,20889,19729,26944,24146,12709,8217,4204,726,60
2017,11,읍면동,경기도 수원시 장안구 송죽동,20726,1542,2093,3059,3359,3491,3662,1991,1024,434,67,4,10287,780,1089,1551,1734,1730,1800,993,448,144,17,1,10439,762,1004,1508,1625,1761,1862,998,576,290,50,3
2017,11,읍면동,경기도 수원시 장안구 연무동,19460,1032,1604,2919,2525,2894,3560,2462,1645,689,114,16,9901,557,818,1628,1455,1557,1755,1156,733,212,28,2,9559,475,786,1291,1070,1337,1805,1306,912,477,86,14
2017,11,읍면동,경기도 수원시 장안구 영화동,21543,1207,1529,2984,3126,3452,4199,2852,1565,519,89,21,10825,606,767,1548,1709,1805,2082,1373,717,194,18,6,10718,601,762,1436,1417,1647,2117,1479,848,325,71,15
2017,11,읍면동,경기도 수원시 장안구 율천동,44493,3956,5115,9659,6629,7368,6336,2975,1588,758,100,9,23442,2024,2717,5918,3460,3675,3207,1477,661,270,28,5,21051,1932,2398,3741,3169,3693,3129,1498,927,488,72,4
2017,11,읍면동,경기도 수원시 장안구 정자1동,34405,3548,4236,4851,4745,6586,5537,2717,1412,669,96,8,17094,1819,2263,2556,2311,3210,2799,1305,611,195,22,3,17311,1729,1973,2295,2434,3376,2738,1412,801,474,74,5
2017,11,읍면동,경기도 수원시 장안구 정자2동,32004,2669,3882,4582,4442,5799,5311,2781,1781,655,99,3,15884,1390,2019,2448,2206,2827,2644,1316,760,249,24,1,16120,1279,1863,2134,2236,2972,2667,1465,1021,406,75,2
2017,11,읍면동,경기도 수원시 장안구 정자3동,44790,4812,7751,6080,5404,10318,6515,2009,1249,569,80,3,22284,2515,3906,3148,2472,4940,3563,1024,529,169,18,0,22506,2297,3845,2932,2932,5378,2952,985,720,400,62,3
2017,11,읍면동,경기도 수원시 장안구 조원1동,31366,2282,3525,4727,4008,5499,5465,3027,1829,870,129,5,15785,1217,1859,2465,2139,2723,2752,1514,803,283,30,0,15581,1065,1666,2262,1869,2776,2713,1513,1026,587,99,5
2017,11,읍면동,경기도 수원시 장안구 조원2동,20189,1839,2460,3243,2312,3445,3730,1523,984,551,98,4,9775,966,1277,1671,1039,1538,1862,769,418,200,34,1,10414,873,1183,1572,1273,1907,1868,754,566,351,64,3
2017,11,읍면동,경기도 수원시 장안구 파장동,25021,1927,2250,3701,3603,4267,4537,2600,1456,585,87,8,12642,987,1229,1983,1899,2170,2242,1301,636,179,14,2,12379,940,1021,1718,1704,2097,2295,1299,820,406,73,6
2017,11,구,경기도 수원시 팔달구 ,194614,13666,17899,29871,29922,32812,33294,20646,11583,4213,629,79,98075,7093,9200,15565,15893,16843,16853,9955,5093,1402,158,20,96539,6573,8699,14306,14029,15969,16441,10691,6490,2811,471,59
2017,11,읍면동,경기도 수원시 팔달구 고등동,10193,497,757,1388,1403,1677,1854,1401,897,267,43,9,5187,267,391,706,801,887,935,659,424,99,12,6,5006,230,366,682,602,790,919,742,473,168,31,3
2017,11,읍면동,경기도 수원시 팔달구 매교동,10419,498,669,1418,1543,1558,2062,1438,888,288,52,5,5426,257,352,776,874,882,1064,715,390,102,11,3,4993,241,317,642,669,676,998,723,498,186,41,2
2017,11,읍면동,경기도 수원시 팔달구 매산동,11075,559,640,2002,1873,1589,1983,1379,740,257,46,7,5759,275,339,1024,1041,866,1031,716,349,100,15,3,5316,284,301,978,832,723,952,663,391,157,31,4
2017,11,읍면동,경기도 수원시 팔달구 우만1동,22269,1417,1975,3473,3531,3633,3780,2447,1393,544,67,9,11080,750,1047,1830,1949,1834,1804,1140,553,153,17,3,11189,667,928,1643,1582,1799,1976,1307,840,391,50,6
2017,11,읍면동,경기도 수원시 팔달구 우만2동,18307,1612,2207,3445,2764,3141,2732,1374,720,270,41,1,9239,838,1189,1949,1385,1502,1350,638,302,76,10,0,9068,774,1018,1496,1379,1639,1382,736,418,194,31,1
2017,11,읍면동,경기도 수원시 팔달구 인계동,43652,3370,3672,7291,8320,7484,6823,3899,1962,716,101,14,22214,1699,1937,3699,4443,3970,3419,1922,887,214,22,2,21438,1671,1735,3592,3877,3514,3404,1977,1075,502,79,12
2017,11,읍면동,경기도 수원시 팔달구 지동,13813,684,1086,1692,1793,2235,2608,1985,1248,427,47,8,7018,369,573,905,977,1219,1345,941,541,139,8,1,6795,315,513,787,816,1016,1263,1044,707,288,39,7
2017,11,읍면동,경기도 수원시 팔달구 행궁동,11194,403,644,1321,1347,1707,2302,1874,1125,390,72,9,5914,205,321,711,774,1017,1269,917,538,135,27,0,5280,198,323,610,573,690,1033,957,587,255,45,9
2017,11,읍면동,경기도 수원시 팔달구 화서1동,25059,1997,2633,3443,3370,4429,4270,2776,1470,572,87,12,12175,1018,1279,1739,1716,2172,2074,1323,622,209,22,1,12884,979,1354,1704,1654,2257,2196,1453,848,363,65,11
2017,11,읍면동,경기도 수원시 팔달구 화서2동,28633,2629,3616,4398,3978,5359,4880,2073,1140,482,73,5,14063,1415,1772,2226,1933,2494,2562,984,487,175,14,1,14570,1214,1844,2172,2045,2865,2318,1089,653,307,59,4
2017,11,시군,경기도 시흥시 ,417274,40240,49422,58805,62352,81807,71655,29932,15765,6329,902,65,218776,20719,25435,32019,33458,43230,39275,15723,6690,2013,194,20,198498,19521,23987,26786,28894,38577,32380,14209,9075,4316,708,45
2017,11,읍면동,경기도 시흥시 과림동,2105,53,60,194,214,233,561,473,215,87,13,2,1268,29,26,121,131,169,344,287,120,35,4,2,837,24,34,73,83,64,217,186,95,52,9,0
2017,11,읍면동,경기도 시흥시 군자동,25245,2396,2816,3359,3842,4548,4272,2267,1207,472,57,9,13190,1235,1465,1824,2125,2476,2270,1118,528,138,9,2,12055,1161,1351,1535,1717,2072,2002,1149,679,334,48,7
2017,11,읍면동,경기도 시흥시 능곡동,15990,1615,2538,1837,1774,3471,2599,1109,712,278,56,1,7892,842,1230,973,810,1695,1403,555,289,88,7,0,8098,773,1308,864,964,1776,1196,554,423,190,49,1
2017,11,읍면동,경기도 시흥시 대야동,32152,2079,3479,5060,3758,5430,6762,3159,1571,721,126,7,16369,1091,1787,2648,2011,2699,3555,1711,620,222,23,2,15783,988,1692,2412,1747,2731,3207,1448,951,499,103,5
2017,11,읍면동,경기도 시흥시 매화동,13544,1052,1622,1844,1475,2556,2477,1274,844,348,50,2,7022,525,859,1008,755,1337,1385,669,364,102,18,0,6522,527,763,836,720,1219,1092,605,480,246,32,2
2017,11,읍면동,경기도 시흥시 목감동,26163,3625,2123,2929,5311,4120,3883,2426,1169,496,74,7,13237,1818,1090,1499,2706,2226,1965,1233,530,156,11,3,12926,1807,1033,1430,2605,1894,1918,1193,639,340,63,4
2017,11,읍면동,경기도 시흥시 신천동,41247,2633,4828,6631,4666,7398,8611,3774,1877,712,106,11,21173,1366,2482,3539,2491,3692,4590,2008,763,219,23,0,20074,1267,2346,3092,2175,3706,4021,1766,1114,493,83,11
2017,11,읍면동,경기도 시흥시 신현동,11343,778,1064,1638,1242,1861,2419,1275,697,316,47,6,5939,398,550,908,670,983,1287,701,310,109,19,4,5404,380,514,730,572,878,1132,574,387,207,28,2
2017,11,읍면동,경기도 시흥시 연성동,24464,2207,3727,3397,2755,5380,4056,1480,1027,377,53,5,12469,1112,1975,1773,1349,2655,2283,736,438,133,13,2,11995,1095,1752,1624,1406,2725,1773,744,589,244,40,3
2017,11,읍면동,경기도 시흥시 월곶동,16249,1946,1565,1688,2977,3282,2413,1379,708,257,33,1,8456,987,831,886,1546,1782,1278,711,336,93,6,0,7793,959,734,802,1431,1500,1135,668,372,164,27,1
2017,11,읍면동,경기도 시흥시 은행동,29863,2539,4264,4581,3373,5823,5639,2058,1059,477,43,7,14991,1310,2207,2437,1645,2782,2970,1085,410,135,8,2,14872,1229,2057,2144,1728,3041,2669,973,649,342,35,5
2017,11,읍면동,경기도 시흥시 장곡동,18726,2152,3461,2346,2219,4411,2732,696,483,195,30,1,9397,1121,1795,1192,992,2150,1553,346,170,64,13,1,9329,1031,1666,1154,1227,2261,1179,350,313,131,17,0
2017,11,읍면동,경기도 시흥시 정왕1동,26423,2196,2457,3870,4964,5765,4432,1736,721,246,35,1,15312,1113,1242,2304,3096,3527,2671,960,314,78,6,1,11111,1083,1215,1566,1868,2238,1761,776,407,168,29,0
2017,11,읍면동,경기도 시흥시 정왕2동,33792,3603,4653,5143,4831,6964,5500,1662,986,408,40,2,17499,1910,2382,2746,2495,3545,3012,863,396,141,8,1,16293,1693,2271,2397,2336,3419,2488,799,590,267,32,1
2017,11,읍면동,경기도 시흥시 정왕3동,25934,2467,2733,3605,4452,5298,4504,1719,792,311,53,0,14472,1258,1419,2027,2649,3099,2626,947,345,92,10,0,11462,1209,1314,1578,1803,2199,1878,772,447,219,43,0
2017,11,읍면동,경기도 시흥시 정왕4동,49726,7110,6624,6454,8883,10185,6855,2071,1067,417,59,1,25112,3713,3376,3381,4275,5084,3669,1022,440,142,10,0,24614,3397,3248,3073,4608,5101,3186,1049,627,275,49,1
2017,11,읍면동,경기도 시흥시 정왕본동,24308,1789,1408,4229,5616,5082,3940,1374,630,211,27,2,14978,891,719,2753,3712,3329,2414,771,317,66,6,0,9330,898,689,1476,1904,1753,1526,603,313,145,21,2
2017,11,시군,경기도 안산시 ,679159,54959,79296,107949,94979,126604,122254,52707,26862,11809,1638,102,348337,28028,41026,57466,50731,63806,64548,27219,11466,3686,341,20,330822,26931,38270,50483,44248,62798,57706,25488,15396,8123,1297,82
2017,11,구,경기도 안산시 단원구 ,307555,25085,36511,47596,43015,57941,56392,24211,11121,4974,656,53,158797,12769,18923,25476,23058,29398,29948,12707,4873,1497,137,11,148758,12316,17588,22120,19957,28543,26444,11504,6248,3477,519,42
2017,11,읍면동,경기도 안산시 단원구 고잔동,20794,1454,2510,3463,2734,3704,3850,1740,905,382,48,4,10426,726,1301,1845,1464,1797,1944,857,363,124,5,0,10368,728,1209,1618,1270,1907,1906,883,542,258,43,4
2017,11,읍면동,경기도 안산시 단원구 대부동,8363,325,458,825,718,957,1942,1636,974,446,74,8,4390,169,255,475,428,553,985,852,510,145,15,3,3973,156,203,350,290,404,957,784,464,301,59,5
2017,11,읍면동,경기도 안산시 단원구 백운동,19874,1517,2258,2958,2499,3417,4027,2091,783,278,39,7,10120,761,1160,1581,1298,1687,2048,1105,387,83,10,0,9754,756,1098,1377,1201,1730,1979,986,396,195,29,7
2017,11,읍면동,경기도 안산시 단원구 선부1동,11689,939,1102,1662,1885,1979,2182,1133,511,271,24,1,6016,483,562,952,1089,1021,1085,575,176,64,8,1,5673,456,540,710,796,958,1097,558,335,207,16,0
2017,11,읍면동,경기도 안산시 단원구 선부2동,22106,1495,2557,3395,2855,4432,4349,1763,846,353,58,3,11993,793,1357,1843,1607,2459,2519,909,387,101,17,1,10113,702,1200,1552,1248,1973,1830,854,459,252,41,2
2017,11,읍면동,경기도 안산시 단원구 선부3동,35262,2953,4362,5733,5186,6662,6371,2388,1056,498,48,5,18018,1483,2288,3043,2743,3304,3300,1284,424,141,7,1,17244,1470,2074,2690,2443,3358,3071,1104,632,357,41,4
2017,11,읍면동,경기도 안산시 단원구 신길동,24903,2422,2955,3489,3871,4696,4280,1957,835,349,47,2,13253,1251,1499,1956,2158,2539,2304,1031,407,99,9,0,11650,1171,1456,1533,1713,2157,1976,926,428,250,38,2
2017,11,읍면동,경기도 안산시 단원구 와동,44126,3589,5198,6905,6689,8701,7639,3060,1569,689,83,4,23153,1886,2698,3723,3721,4592,4141,1548,621,204,19,0,20973,1703,2500,3182,2968,4109,3498,1512,948,485,64,4
2017,11,읍면동,경기도 안산시 단원구 원곡동,7719,426,341,745,901,1620,1854,998,575,233,20,6,4502,219,181,437,541,1012,1180,550,282,91,8,1,3217,207,160,308,360,608,674,448,293,142,12,5
2017,11,읍면동,경기도 안산시 단원구 중앙동,21529,1651,2414,3817,3402,3829,3769,1691,618,290,43,5,10695,811,1243,1936,1728,1858,1869,896,265,80,7,2,10834,840,1171,1881,1674,1971,1900,795,353,210,36,3
2017,11,읍면동,경기도 안산시 단원구 초지동,42726,4231,5714,6091,6482,8639,6710,2739,1384,632,99,5,21861,2144,2924,3329,3424,4277,3568,1394,585,198,17,1,20865,2087,2790,2762,3058,4362,3142,1345,799,434,82,4
2017,11,읍면동,경기도 안산시 단원구 호수동,48464,4083,6642,8513,5793,9305,9419,3015,1065,553,73,3,24370,2043,3455,4356,2857,4299,5005,1706,466,167,15,1,24094,2040,3187,4157,2936,5006,4414,1309,599,386,58,2
2017,11,구,경기도 안산시 상록구 ,371604,29874,42785,60353,51964,68663,65862,28496,15741,6835,982,49,189540,15259,22103,31990,27673,34408,34600,14512,6593,2189,204,9,182064,14615,20682,28363,24291,34255,31262,13984,9148,4646,778,40
2017,11,읍면동,경기도 안산시 상록구 반월동,19755,1624,1657,2539,2797,3153,3640,2489,1329,468,54,5,10030,831,830,1368,1504,1646,1827,1236,630,148,8,2,9725,793,827,1171,1293,1507,1813,1253,699,320,46,3
2017,11,읍면동,경기도 안산시 상록구 본오1동,43328,3865,5390,6513,6224,8582,7220,2922,1827,706,77,2,22223,1940,2759,3489,3307,4405,3882,1436,760,229,15,1,21105,1925,2631,3024,2917,4177,3338,1486,1067,477,62,1
2017,11,읍면동,경기도 안산시 상록구 본오2동,30293,2267,3934,4838,3767,5931,5317,2177,1391,601,69,1,14980,1158,1969,2437,1931,2869,2720,1116,571,192,17,0,15313,1109,1965,2401,1836,3062,2597,1061,820,409,52,1
2017,11,읍면동,경기도 안산시 상록구 본오3동,22931,1617,2433,3880,3315,4097,4263,1730,1042,484,70,0,11387,813,1230,1953,1765,2030,2096,892,421,174,13,0,11544,804,1203,1927,1550,2067,2167,838,621,310,57,0
2017,11,읍면동,경기도 안산시 상록구 부곡동,24299,2031,2790,3860,3097,4597,4484,1841,1111,434,52,2,12444,1049,1423,2044,1594,2332,2473,940,436,144,8,1,11855,982,1367,1816,1503,2265,2011,901,675,290,44,1
2017,11,읍면동,경기도 안산시 상록구 사동,38439,2955,4138,6634,6175,7235,6228,2319,1608,966,171,10,19997,1545,2181,3553,3500,3729,3385,1170,596,290,45,3,18442,1410,1957,3081,2675,3506,2843,1149,1012,676,126,7
2017,11,읍면동,경기도 안산시 상록구 사이동,35243,3391,4594,5460,4821,6633,6072,2489,1190,516,74,3,17851,1712,2396,2878,2497,3247,3179,1282,491,152,17,0,17392,1679,2198,2582,2324,3386,2893,1207,699,364,57,3
2017,11,읍면동,경기도 안산시 상록구 성포동,26406,1985,3268,4675,3039,4362,5349,2213,916,505,89,5,13016,1021,1695,2502,1466,1934,2652,1179,388,153,25,1,13390,964,1573,2173,1573,2428,2697,1034,528,352,64,4
2017,11,읍면동,경기도 안산시 상록구 안산동,10022,779,914,1359,1268,1605,1961,1286,579,230,36,5,5201,394,475,727,680,867,1043,662,261,83,8,1,4821,385,439,632,588,738,918,624,318,147,28,4
2017,11,읍면동,경기도 안산시 상록구 월피동,44639,3352,5590,7751,5641,8307,8393,3109,1622,762,106,6,22890,1745,2987,4178,2996,4005,4469,1619,652,221,18,0,21749,1607,2603,3573,2645,4302,3924,1490,970,541,88,6
2017,11,읍면동,경기도 안산시 상록구 이동,28453,1887,2236,5323,5108,5019,4792,2282,1266,458,75,7,15059,962,1211,2804,2913,2693,2589,1143,564,170,10,0,13394,925,1025,2519,2195,2326,2203,1139,702,288,65,7
2017,11,읍면동,경기도 안산시 상록구 일동,28322,2518,3205,4065,4318,5530,4560,2203,1362,490,69,2,14367,1246,1591,2120,2283,2920,2396,1050,579,169,13,0,13955,1272,1614,1945,2035,2610,2164,1153,783,321,56,2
2017,11,읍면동,경기도 안산시 상록구 해양동,19474,1603,2636,3456,2394,3612,3583,1436,498,215,40,1,10095,843,1356,1937,1237,1731,1889,787,244,64,7,0,9379,760,1280,1519,1157,1881,1694,649,254,151,33,1
2017,11,시군,경기도 안성시 ,183207,16820,19529,21215,25694,30709,29497,19867,12812,6239,781,44,93792,8639,10180,11549,13649,16394,15463,10004,5618,2106,181,9,89415,8181,9349,9666,12045,14315,14034,9863,7194,4133,600,35
2017,11,읍면동,경기도 안성시 고삼면,2051,69,115,218,166,242,409,381,280,153,18,0,1077,33,59,137,102,151,204,199,135,54,3,0,974,36,56,81,64,91,205,182,145,99,15,0
2017,11,읍면동,경기도 안성시 공도읍,57335,7584,7664,5874,9866,11568,7153,4100,2396,1032,98,0,28718,3862,3955,3056,4908,5984,3646,1955,992,339,21,0,28617,3722,3709,2818,4958,5584,3507,2145,1404,693,77,0
2017,11,읍면동,경기도 안성시 금광면,8378,745,881,815,1036,1329,1363,1051,737,374,43,4,4133,392,472,419,512,710,675,523,300,119,10,1,4245,353,409,396,524,619,688,528,437,255,33,3
2017,11,읍면동,경기도 안성시 대덕면,16747,1811,1213,2274,3509,2716,2431,1514,821,397,58,3,9303,957,612,1300,2075,1623,1398,785,389,149,15,0,7444,854,601,974,1434,1093,1033,729,432,248,43,3
2017,11,읍면동,경기도 안성시 미양면,6521,422,434,628,840,897,1162,1014,703,368,48,5,3476,216,219,370,505,560,606,556,318,116,9,1,3045,206,215,258,335,337,556,458,385,252,39,4
2017,11,읍면동,경기도 안성시 보개면,5974,241,428,650,560,713,1216,959,753,401,48,5,3171,129,268,360,342,430,650,511,332,141,8,0,2803,112,160,290,218,283,566,448,421,260,40,5
2017,11,읍면동,경기도 안성시 삼죽면,3806,136,378,443,327,403,728,650,484,236,18,3,2006,76,184,255,199,242,394,339,218,97,2,0,1800,60,194,188,128,161,334,311,266,139,16,3
2017,11,읍면동,경기도 안성시 서운면,3784,144,210,421,343,469,761,675,485,254,21,1,2012,78,128,251,196,278,423,338,223,92,4,1,1772,66,82,170,147,191,338,337,262,162,17,0
2017,11,읍면동,경기도 안성시 안성1동,12292,757,1220,1660,1359,1760,2345,1544,1086,488,67,6,6151,392,606,876,749,892,1194,757,489,178,16,2,6141,365,614,784,610,868,1151,787,597,310,51,4
2017,11,읍면동,경기도 안성시 안성2동,19120,1792,2333,2426,2665,3483,3116,1768,1005,474,55,3,9603,920,1208,1311,1346,1806,1590,857,414,131,18,2,9517,872,1125,1115,1319,1677,1526,911,591,343,37,1
2017,11,읍면동,경기도 안성시 안성3동,21180,1801,2804,3053,2433,3776,3636,1910,1186,505,72,4,10533,919,1501,1630,1199,1788,1887,932,499,161,17,0,10647,882,1303,1423,1234,1988,1749,978,687,344,55,4
2017,11,읍면동,경기도 안성시 양성면,5494,214,300,568,467,693,1135,982,626,431,76,2,2862,104,151,356,273,399,628,517,289,132,13,0,2632,110,149,212,194,294,507,465,337,299,63,2
2017,11,읍면동,경기도 안성시 원곡면,5066,350,370,541,633,743,1004,712,457,215,39,2,2703,179,199,306,361,446,535,383,206,76,11,1,2363,171,171,235,272,297,469,329,251,139,28,1
2017,11,읍면동,경기도 안성시 일죽면,8096,422,615,810,778,964,1552,1444,941,490,78,2,4186,224,327,444,456,556,818,746,421,170,23,1,3910,198,288,366,322,408,734,698,520,320,55,1
2017,11,읍면동,경기도 안성시 죽산면,7363,332,564,834,712,953,1486,1163,852,421,42,4,3858,158,291,478,426,529,815,606,393,151,11,0,3505,174,273,356,286,424,671,557,459,270,31,4
2017,11,시군,경기도 안양시 ,588619,47950,62891,86072,86441,101278,103288,58432,28744,11787,1584,152,292204,24517,32621,44701,44136,49313,50717,29334,12691,3749,386,39,296415,23433,30270,41371,42305,51965,52571,29098,16053,8038,1198,113
2017,11,구,경기도 안양시 동안구 ,333549,28838,39772,48011,48562,60844,56701,29675,13956,6249,863,78,164122,14748,20589,24864,24162,28871,27708,14982,6043,1931,205,19,169427,14090,19183,23147,24400,31973,28993,14693,7913,4318,658,59
2017,11,읍면동,경기도 안양시 동안구 갈산동,11881,886,1613,1754,1308,2130,2095,1195,561,287,45,7,5803,430,830,929,631,972,1028,612,257,97,13,4,6078,456,783,825,677,1158,1067,583,304,190,32,3
2017,11,읍면동,경기도 안양시 동안구 관양1동,39455,3018,3782,6344,5679,6202,7221,4083,2102,905,111,8,19371,1584,1936,3350,2980,2962,3383,1977,884,285,29,1,20084,1434,1846,2994,2699,3240,3838,2106,1218,620,82,7
2017,11,읍면동,경기도 안양시 동안구 관양2동,20160,1631,1767,3041,3423,3395,3494,1915,1028,412,50,4,10208,790,887,1648,1828,1722,1771,936,464,151,11,0,9952,841,880,1393,1595,1673,1723,979,564,261,39,4
2017,11,읍면동,경기도 안양시 동안구 귀인동,17502,1606,3498,2162,1457,4233,2629,1063,561,259,33,1,8648,872,1835,1067,603,1971,1400,552,237,103,8,0,8854,734,1663,1095,854,2262,1229,511,324,156,25,1
2017,11,읍면동,경기도 안양시 동안구 달안동,12091,1129,955,1615,2784,2131,1645,963,549,291,28,1,5608,596,499,752,1385,970,707,428,194,73,4,0,6483,533,456,863,1399,1161,938,535,355,218,24,1
2017,11,읍면동,경기도 안양시 동안구 범계동,16219,1336,2518,2246,2006,3365,2573,1100,681,337,54,3,7824,668,1347,1104,920,1516,1307,539,296,115,12,0,8395,668,1171,1142,1086,1849,1266,561,385,222,42,3
2017,11,읍면동,경기도 안양시 동안구 부림동,25749,2729,2718,3176,5390,5109,3598,1712,901,372,43,1,12463,1373,1412,1530,2686,2458,1687,834,356,117,9,1,13286,1356,1306,1646,2704,2651,1911,878,545,255,34,0
2017,11,읍면동,경기도 안양시 동안구 부흥동,18408,1727,2492,2316,2574,3675,2758,1662,745,399,56,4,8893,902,1313,1178,1225,1741,1291,815,316,100,12,0,9515,825,1179,1138,1349,1934,1467,847,429,299,44,4
2017,11,읍면동,경기도 안양시 동안구 비산1동,23176,2279,2749,3129,3219,4170,3978,2263,939,369,64,17,11310,1178,1389,1582,1557,2006,1891,1141,436,112,17,1,11866,1101,1360,1547,1662,2164,2087,1122,503,257,47,16
2017,11,읍면동,경기도 안양시 동안구 비산2동,12439,984,1344,1938,1698,2096,2328,1240,536,213,54,8,6088,489,697,1013,822,978,1127,628,246,72,14,2,6351,495,647,925,876,1118,1201,612,290,141,40,6
2017,11,읍면동,경기도 안양시 동안구 비산3동,24882,1648,2480,4031,3283,3872,4810,2696,1326,642,90,4,12418,859,1291,2193,1743,1849,2346,1359,576,177,23,2,12464,789,1189,1838,1540,2023,2464,1337,750,465,67,2
2017,11,읍면동,경기도 안양시 동안구 신촌동,13981,1059,1999,2154,1688,2544,2597,1232,479,206,23,0,6903,525,1046,1111,830,1137,1299,665,224,61,5,0,7078,534,953,1043,858,1407,1298,567,255,145,18,0
2017,11,읍면동,경기도 안양시 동안구 평안동,25132,2796,4142,2837,3587,5841,3276,1470,753,384,42,4,12356,1409,2193,1460,1636,2798,1664,774,289,118,11,4,12776,1387,1949,1377,1951,3043,1612,696,464,266,31,0
2017,11,읍면동,경기도 안양시 동안구 평촌동,16401,1705,2090,2365,2112,3186,2866,1199,593,259,22,4,8080,881,1063,1245,971,1466,1479,619,250,97,7,2,8321,824,1027,1120,1141,1720,1387,580,343,162,15,2
2017,11,읍면동,경기도 안양시 동안구 호계1동,6307,484,468,879,1096,1092,1162,683,305,109,26,3,3347,266,245,465,620,596,637,351,142,22,2,1,2960,218,223,414,476,496,525,332,163,87,24,2
2017,11,읍면동,경기도 안양시 동안구 호계2동,25561,1894,2600,4220,3804,3917,4941,2684,1007,434,55,5,12613,955,1318,2205,1936,1848,2365,1391,455,130,10,0,12948,939,1282,2015,1868,2069,2576,1293,552,304,45,5
2017,11,읍면동,경기도 안양시 동안구 호계3동,24205,1927,2557,3804,3454,3886,4730,2515,890,371,67,4,12189,971,1288,2032,1789,1881,2326,1361,421,101,18,1,12016,956,1269,1772,1665,2005,2404,1154,469,270,49,3
2017,11,구,경기도 안양시 만안구 ,255070,19112,23119,38061,37879,40434,46587,28757,14788,5538,721,74,128082,9769,12032,19837,19974,20442,23009,14352,6648,1818,181,20,126988,9343,11087,18224,17905,19992,23578,14405,8140,3720,540,54
2017,11,읍면동,경기도 안양시 만안구 박달1동,16719,1020,1461,2424,2104,2817,3272,2010,1146,405,54,6,8426,512,728,1268,1139,1477,1666,993,503,123,15,2,8293,508,733,1156,965,1340,1606,1017,643,282,39,4
2017,11,읍면동,경기도 안양시 만안구 박달2동,23392,2302,2554,3664,3660,3682,4074,2150,856,403,46,1,11748,1190,1341,1927,1882,1787,1977,1124,384,123,13,0,11644,1112,1213,1737,1778,1895,2097,1026,472,280,33,1
2017,11,읍면동,경기도 안양시 만안구 석수1동,20839,1801,1845,2878,3107,3344,3757,2306,1203,512,77,9,10256,936,966,1499,1522,1650,1784,1165,554,160,17,3,10583,865,879,1379,1585,1694,1973,1141,649,352,60,6
2017,11,읍면동,경기도 안양시 만안구 석수2동,33728,2701,3194,4872,4854,5527,6142,3611,2005,728,86,8,16934,1381,1709,2496,2502,2792,3107,1787,898,245,16,1,16794,1320,1485,2376,2352,2735,3035,1824,1107,483,70,7
2017,11,읍면동,경기도 안양시 만안구 석수3동,15072,1304,1737,2177,1961,2582,2772,1442,760,297,38,2,7572,641,908,1209,986,1294,1420,713,314,82,5,0,7500,663,829,968,975,1288,1352,729,446,215,33,2
2017,11,읍면동,경기도 안양시 만안구 안양1동,18297,1564,1821,2789,2892,3003,3165,1875,825,309,52,2,9071,779,911,1466,1451,1467,1543,947,378,109,20,0,9226,785,910,1323,1441,1536,1622,928,447,200,32,2
2017,11,읍면동,경기도 안양시 만안구 안양2동,22044,1321,1824,3505,3084,3312,4242,2747,1464,483,55,7,11092,688,955,1750,1655,1671,2128,1383,677,167,15,3,10952,633,869,1755,1429,1641,2114,1364,787,316,40,4
2017,11,읍면동,경기도 안양시 만안구 안양3동,17685,1099,1582,2708,2503,2733,3340,2235,1071,370,37,7,8828,559,847,1404,1363,1388,1573,1084,483,118,8,1,8857,540,735,1304,1140,1345,1767,1151,588,252,29,6
2017,11,읍면동,경기도 안양시 만안구 안양4동,7373,371,567,1144,1021,1137,1299,931,623,250,30,0,3712,186,302,554,584,594,665,460,258,101,8,0,3661,185,265,590,437,543,634,471,365,149,22,0
2017,11,읍면동,경기도 안양시 만안구 안양5동,13856,748,1089,1983,1881,2087,2675,1802,1098,437,51,5,6984,427,578,1017,1046,1067,1340,882,481,135,10,1,6872,321,511,966,835,1020,1335,920,617,302,41,4
2017,11,읍면동,경기도 안양시 만안구 안양6동,19337,1176,1360,2887,3395,2973,3438,2395,1227,427,49,10,10004,589,670,1546,1913,1590,1738,1204,566,165,19,4,9333,587,690,1341,1482,1383,1700,1191,661,262,30,6
2017,11,읍면동,경기도 안양시 만안구 안양7동,16184,1760,1507,2303,3014,2675,2674,1448,564,188,43,8,8130,908,787,1161,1527,1334,1332,723,281,64,10,3,8054,852,720,1142,1487,1341,1342,725,283,124,33,5
2017,11,읍면동,경기도 안양시 만안구 안양8동,12013,641,933,1931,1826,1830,2266,1538,728,275,43,2,6177,326,480,1069,1071,962,1069,774,341,76,9,0,5836,315,453,862,755,868,1197,764,387,199,34,2
2017,11,읍면동,경기도 안양시 만안구 안양9동,18531,1304,1645,2796,2577,2732,3471,2267,1218,454,60,7,9148,647,850,1471,1333,1369,1667,1113,530,150,16,2,9383,657,795,1325,1244,1363,1804,1154,688,304,44,5
2017,11,시군,경기도 양주시 ,211828,20398,24367,24324,27563,38510,34311,22416,13980,5226,692,41,107466,10413,12537,12987,13998,19892,18085,11077,6405,1900,162,10,104362,9985,11830,11337,13565,18618,16226,11339,7575,3326,530,31
2017,11,읍면동,경기도 양주시 광적면,12547,831,1074,1502,1309,2034,2605,1676,1039,427,46,4,6750,433,576,866,735,1131,1476,891,480,151,11,0,5797,398,498,636,574,903,1129,785,559,276,35,4
2017,11,읍면동,경기도 양주시 남면,7533,513,535,911,870,1005,1504,1136,654,335,66,4,4148,264,271,559,514,617,859,648,296,105,13,2,3385,249,264,352,356,388,645,488,358,230,53,2
2017,11,읍면동,경기도 양주시 백석읍,28085,2054,3123,3530,2936,4808,5293,3364,2058,813,100,6,14222,1055,1639,1866,1539,2407,2769,1699,927,296,24,1,13863,999,1484,1664,1397,2401,2524,1665,1131,517,76,5
2017,11,읍면동,경기도 양주시 양주1동,5983,278,405,706,544,829,1236,1015,650,283,36,1,3100,152,215,366,308,454,645,556,288,108,7,1,2883,126,190,340,236,375,591,459,362,175,29,0
2017,11,읍면동,경기도 양주시 양주2동,53433,7102,7651,4778,7699,11438,6347,4483,2952,862,116,5,26228,3620,3833,2449,3562,5862,3196,1998,1373,316,19,0,27205,3482,3818,2329,4137,5576,3151,2485,1579,546,97,5
2017,11,읍면동,경기도 양주시 은현면,6540,231,434,769,628,872,1524,1089,653,296,42,2,3676,126,224,463,394,530,879,612,324,113,11,0,2864,105,210,306,234,342,645,477,329,183,31,2
2017,11,읍면동,경기도 양주시 장흥면,10270,599,619,1187,1233,1264,1970,1885,1022,412,74,5,5252,305,329,655,702,696,970,913,507,153,19,3,5018,294,290,532,531,568,1000,972,515,259,55,2
2017,11,읍면동,경기도 양주시 회천1동,10136,740,930,1562,1263,1621,1883,1136,692,267,34,8,5242,368,461,903,673,819,1027,577,315,91,6,2,4894,372,469,659,590,802,856,559,377,176,28,6
2017,11,읍면동,경기도 양주시 회천2동,28149,2286,3175,3802,3383,5009,5326,2813,1705,577,69,4,14284,1205,1651,2012,1730,2557,2789,1372,749,204,15,0,13865,1081,1524,1790,1653,2452,2537,1441,956,373,54,4
2017,11,읍면동,경기도 양주시 회천3동,29425,3004,4583,3491,3680,6190,4174,1987,1600,649,66,1,14561,1482,2374,1783,1787,3035,2225,927,670,251,26,1,14864,1522,2209,1708,1893,3155,1949,1060,930,398,40,0
2017,11,읍면동,경기도 양주시 회천4동,19727,2760,1838,2086,4018,3440,2449,1832,955,305,43,1,10003,1403,964,1065,2054,1784,1250,884,476,112,11,0,9724,1357,874,1021,1964,1656,1199,948,479,193,32,1
2017,11,시군,경기도 양평군 ,115038,8287,10140,10920,11980,16699,21066,18137,11883,5134,745,47,57989,4251,5409,6002,6067,8814,10764,8967,5663,1845,198,9,57049,4036,4731,4918,5913,7885,10302,9170,6220,3289,547,38
2017,11,읍면동,경기도 양평군 강상면,9660,952,851,835,1279,1525,1642,1366,826,323,57,4,4809,478,444,447,630,779,813,662,415,127,14,0,4851,474,407,388,649,746,829,704,411,196,43,4
2017,11,읍면동,경기도 양평군 강하면,4541,201,290,363,397,551,924,1008,564,203,40,0,2292,101,164,201,222,284,451,484,291,83,11,0,2249,100,126,162,175,267,473,524,273,120,29,0
2017,11,읍면동,경기도 양평군 개군면,5018,268,346,429,442,626,994,896,687,292,37,1,2524,129,184,255,238,339,507,425,343,95,8,1,2494,139,162,174,204,287,487,471,344,197,29,0
2017,11,읍면동,경기도 양평군 단월면,3742,152,215,307,318,444,748,745,566,221,25,1,1919,70,132,172,181,263,360,398,260,79,4,0,1823,82,83,135,137,181,388,347,306,142,21,1
2017,11,읍면동,경기도 양평군 서종면,9039,665,749,646,890,1406,1723,1714,853,326,64,3,4529,337,405,348,436,719,849,850,445,118,21,1,4510,328,344,298,454,687,874,864,408,208,43,2
2017,11,읍면동,경기도 양평군 양동면,4645,187,224,348,335,473,940,999,697,385,51,6,2315,100,123,184,177,274,502,502,308,134,11,0,2330,87,101,164,158,199,438,497,389,251,40,6
2017,11,읍면동,경기도 양평군 양서면,12448,797,1036,1179,1323,1784,2314,2070,1309,549,83,4,6289,376,568,657,680,946,1168,1014,646,212,20,2,6159,421,468,522,643,838,1146,1056,663,337,63,2
2017,11,읍면동,경기도 양평군 양평읍,30805,2697,3470,3547,3770,5153,5317,3543,2239,930,127,12,15427,1401,1797,1901,1852,2600,2757,1755,1013,312,36,3,15378,1296,1673,1646,1918,2553,2560,1788,1226,618,91,9
2017,11,읍면동,경기도 양평군 옥천면,7435,532,514,729,792,1033,1415,1287,786,303,39,5,3786,282,272,422,401,573,711,610,392,113,9,1,3649,250,242,307,391,460,704,677,394,190,30,4
2017,11,읍면동,경기도 양평군 용문면,17191,1414,1793,1763,1754,2488,2867,2414,1789,798,107,4,8762,744,965,983,886,1325,1501,1195,842,289,31,1,8429,670,828,780,868,1163,1366,1219,947,509,76,3
2017,11,읍면동,경기도 양평군 지평면,6782,289,458,518,441,807,1405,1298,992,504,68,2,3424,167,249,283,231,464,718,674,440,172,26,0,3358,122,209,235,210,343,687,624,552,332,42,2
2017,11,읍면동,경기도 양평군 청운면,3732,133,194,256,239,409,777,797,575,300,47,5,1913,66,106,149,133,248,427,398,268,111,7,0,1819,67,88,107,106,161,350,399,307,189,40,5
2017,11,시군,경기도 여주시 ,111975,8615,10965,12297,13171,17236,19950,14864,9775,4440,626,36,56625,4496,5577,6666,6789,9057,10365,7501,4458,1582,121,13,55350,4119,5388,5631,6382,8179,9585,7363,5317,2858,505,23
2017,11,읍면동,경기도 여주시 가남읍,15949,1312,1524,1685,2180,2437,2749,2075,1294,600,87,6,8235,669,778,924,1188,1324,1452,1064,592,223,18,3,7714,643,746,761,992,1113,1297,1011,702,377,69,3
2017,11,읍면동,경기도 여주시 강천면,4021,147,299,370,325,532,792,747,491,273,43,2,2067,80,161,202,183,303,432,367,242,93,3,1,1954,67,138,168,142,229,360,380,249,180,40,1
2017,11,읍면동,경기도 여주시 금사면,3068,123,186,247,229,359,633,655,418,185,31,2,1559,57,103,142,132,190,338,318,201,73,5,0,1509,66,83,105,97,169,295,337,217,112,26,2
2017,11,읍면동,경기도 여주시 능서면,6562,327,546,612,601,751,1349,1089,812,411,64,0,3397,146,292,351,327,445,727,589,370,131,19,0,3165,181,254,261,274,306,622,500,442,280,45,0
2017,11,읍면동,경기도 여주시 대신면,7585,271,533,665,548,901,1600,1412,1067,519,65,4,3800,143,277,386,311,489,785,724,473,196,14,2,3785,128,256,279,237,412,815,688,594,323,51,2
2017,11,읍면동,경기도 여주시 북내면,5121,193,463,507,332,729,1023,786,702,336,47,3,2606,96,237,280,184,394,553,415,309,125,12,1,2515,97,226,227,148,335,470,371,393,211,35,2
2017,11,읍면동,경기도 여주시 산북면,2541,125,190,216,198,310,466,490,366,154,26,0,1243,55,90,120,96,167,228,249,173,58,7,0,1298,70,100,96,102,143,238,241,193,96,19,0
2017,11,읍면동,경기도 여주시 여흥동,22143,2039,2233,2739,2999,3765,3772,2492,1467,542,86,9,11123,1060,1129,1481,1486,1937,1932,1235,678,174,8,3,11020,979,1104,1258,1513,1828,1840,1257,789,368,78,6
2017,11,읍면동,경기도 여주시 오학동,15392,1897,1575,1778,2583,2685,2384,1360,768,311,45,6,7668,1019,784,924,1265,1356,1196,665,337,112,8,2,7724,878,791,854,1318,1329,1188,695,431,199,37,4
2017,11,읍면동,경기도 여주시 점동면,4851,187,439,486,330,540,945,909,637,334,44,0,2505,113,231,277,183,298,511,462,298,119,13,0,2346,74,208,209,147,242,434,447,339,215,31,0
2017,11,읍면동,경기도 여주시 중앙동,19541,1768,2624,2512,2441,3643,3140,1877,1058,432,44,2,9711,918,1322,1303,1209,1819,1629,900,455,148,7,1,9830,850,1302,1209,1232,1824,1511,977,603,284,37,1
2017,11,읍면동,경기도 여주시 흥천면,5201,226,353,480,405,584,1097,972,695,343,44,2,2711,140,173,276,225,335,582,513,330,130,7,0,2490,86,180,204,180,249,515,459,365,213,37,2
2017,11,시군,경기도 연천군 ,45465,3451,3680,5844,4826,5644,7789,6504,5094,2263,337,33,23821,1779,1962,3742,2609,3123,4160,3287,2235,828,85,11,21644,1672,1718,2102,2217,2521,3629,3217,2859,1435,252,22
2017,11,읍면동,경기도 연천군 군남면,3513,155,228,364,255,383,672,633,544,249,28,2,1855,71,120,238,150,237,364,334,238,94,8,1,1658,84,108,126,105,146,308,299,306,155,20,1
2017,11,읍면동,경기도 연천군 미산면,1759,59,78,178,96,162,391,373,277,124,17,4,923,32,41,112,54,95,213,201,128,41,5,1,836,27,37,66,42,67,178,172,149,83,12,3
2017,11,읍면동,경기도 연천군 백학면,2842,141,197,288,224,311,555,475,448,183,20,0,1501,71,111,188,129,181,292,244,206,73,6,0,1341,70,86,100,95,130,263,231,242,110,14,0
2017,11,읍면동,경기도 연천군 신서면,2963,88,150,361,197,278,538,613,498,210,28,2,1583,42,76,268,121,175,296,292,218,85,9,1,1380,46,74,93,76,103,242,321,280,125,19,1
2017,11,읍면동,경기도 연천군 연천읍,8384,833,567,1405,1073,925,1201,993,917,410,57,3,4545,434,308,977,595,537,661,479,382,156,16,0,3839,399,259,428,478,388,540,514,535,254,41,3
2017,11,읍면동,경기도 연천군 왕징면,1102,44,48,98,65,105,185,251,216,76,12,2,575,30,24,61,36,66,101,124,101,28,3,1,527,14,24,37,29,39,84,127,115,48,9,1
2017,11,읍면동,경기도 연천군 장남면,752,31,41,62,43,88,154,137,132,50,14,0,385,15,26,39,23,50,78,73,62,19,0,0,367,16,15,23,20,38,76,64,70,31,14,0
2017,11,읍면동,경기도 연천군 전곡읍,19779,1907,2114,2552,2489,2907,3231,2244,1478,720,122,15,10153,996,1111,1482,1287,1509,1684,1150,650,247,31,6,9626,911,1003,1070,1202,1398,1547,1094,828,473,91,9
2017,11,읍면동,경기도 연천군 중면,217,15,11,58,21,13,32,36,16,13,2,0,122,7,4,47,9,6,18,20,8,3,0,0,95,8,7,11,12,7,14,16,8,10,2,0
2017,11,읍면동,경기도 연천군 청산면,4154,178,246,478,363,472,830,749,568,228,37,5,2179,81,141,330,205,267,453,370,242,82,7,1,1975,97,105,148,158,205,377,379,326,146,30,4
2017,11,시군,경기도 오산시 ,212723,26685,24609,27343,40172,39823,28123,14462,8139,2942,390,35,109248,13739,12583,14572,21068,20991,14576,7091,3510,1029,82,7,103475,12946,12026,12771,19104,18832,13547,7371,4629,1913,308,28
2017,11,읍면동,경기도 오산시 남촌동,21864,1445,1555,4233,5729,3825,2653,1405,731,247,36,5,12567,731,808,2378,3617,2316,1536,735,349,89,7,1,9297,714,747,1855,2112,1509,1117,670,382,158,29,4
2017,11,읍면동,경기도 오산시 대원동,66347,8524,8080,8795,12161,12738,8662,4141,2346,781,113,6,33989,4365,4250,4708,6225,6602,4525,2028,986,271,29,0,32358,4159,3830,4087,5936,6136,4137,2113,1360,510,84,6
2017,11,읍면동,경기도 오산시 세마동,19684,2879,2339,2186,3460,3808,2607,1414,700,246,39,6,10041,1530,1176,1188,1653,2030,1333,708,325,88,9,1,9643,1349,1163,998,1807,1778,1274,706,375,158,30,5
2017,11,읍면동,경기도 오산시 신장동,58733,8450,6525,6609,11246,10385,7816,4330,2379,874,111,8,29398,4341,3257,3445,5706,5393,3842,2093,1007,292,22,0,29335,4109,3268,3164,5540,4992,3974,2237,1372,582,89,8
2017,11,읍면동,경기도 오산시 중앙동,29197,3274,3826,3683,4580,5743,4106,2088,1301,526,66,4,14688,1674,1927,1910,2356,2903,2151,1014,551,191,10,1,14509,1600,1899,1773,2224,2840,1955,1074,750,335,56,3
2017,11,읍면동,경기도 오산시 초평동,16898,2113,2284,1837,2996,3324,2279,1084,682,268,25,6,8565,1098,1165,943,1511,1747,1189,513,292,98,5,4,8333,1015,1119,894,1485,1577,1090,571,390,170,20,2
2017,11,시군,경기도 용인시 ,1002619,108079,124956,121145,147685,197350,138868,84934,55850,20587,3012,153,498237,55452,64608,62559,71648,98373,71520,39452,25863,7971,773,18,504382,52627,60348,58586,76037,98977,67348,45482,29987,12616,2239,135
2017,11,구,경기도 용인시 기흥구 ,419028,49491,52611,48623,64530,84738,54576,33299,22111,7790,1204,55,207289,25406,27058,25118,30931,42277,27696,15181,10231,3075,310,6,211739,24085,25553,23505,33599,42461,26880,18118,11880,4715,894,49
2017,11,읍면동,경기도 용인시 기흥구 구갈동,26569,2154,2893,4364,4372,4816,4192,2104,1192,412,66,4,13323,1091,1466,2177,2296,2411,2153,1027,550,134,18,0,13246,1063,1427,2187,2076,2405,2039,1077,642,278,48,4
2017,11,읍면동,경기도 용인시 기흥구 구성동,40672,4644,5118,3899,5610,8480,5004,3940,2886,946,139,6,19710,2371,2631,2019,2579,4196,2440,1702,1329,419,23,1,20962,2273,2487,1880,3031,4284,2564,2238,1557,527,116,5
2017,11,읍면동,경기도 용인시 기흥구 기흥동,22574,2652,2366,2496,3668,4191,3209,2200,1278,448,63,3,11194,1338,1255,1320,1802,2140,1546,1013,613,148,19,0,11380,1314,1111,1176,1866,2051,1663,1187,665,300,44,3
2017,11,읍면동,경기도 용인시 기흥구 동백동,81260,11200,13295,7625,11491,19428,9031,4785,3200,1038,157,10,39808,5715,6857,3866,4994,9621,4769,2109,1438,396,41,2,41452,5485,6438,3759,6497,9807,4262,2676,1762,642,116,8
2017,11,읍면동,경기도 용인시 기흥구 마북동,32919,3248,3492,3974,4723,5807,4604,3465,2561,915,124,6,16180,1686,1768,2085,2297,2844,2285,1544,1243,390,38,0,16739,1562,1724,1889,2426,2963,2319,1921,1318,525,86,6
2017,11,읍면동,경기도 용인시 기흥구 보정동,36595,4096,4484,3907,5233,7439,4467,3406,2605,834,122,2,17972,2142,2274,1989,2418,3618,2289,1536,1289,386,31,0,18623,1954,2210,1918,2815,3821,2178,1870,1316,448,91,2
2017,11,읍면동,경기도 용인시 기흥구 상갈동,46310,5011,6048,5171,6715,9494,6144,3877,2792,917,132,9,23324,2617,3141,2666,3346,4852,3199,1775,1309,380,37,2,22986,2394,2907,2505,3369,4642,2945,2102,1483,537,95,7
2017,11,읍면동,경기도 용인시 기흥구 상하동,25320,2682,3276,3031,3513,5102,3696,2126,1350,473,67,4,12388,1366,1695,1579,1668,2474,1848,978,595,171,14,0,12932,1316,1581,1452,1845,2628,1848,1148,755,302,53,4
2017,11,읍면동,경기도 용인시 기흥구 서농동,25242,3881,2256,4455,5597,3941,2897,1323,646,204,41,1,12902,1995,1163,2389,2919,2038,1399,629,294,66,10,0,12340,1886,1093,2066,2678,1903,1498,694,352,138,31,1
2017,11,읍면동,경기도 용인시 기흥구 신갈동,36466,3758,4203,4502,5470,7141,5378,3049,2077,772,109,7,18082,1905,2134,2294,2693,3601,2794,1428,898,306,28,1,18384,1853,2069,2208,2777,3540,2584,1621,1179,466,81,6
2017,11,읍면동,경기도 용인시 기흥구 영덕동,45101,6165,5180,5199,8138,8899,5954,3024,1524,831,184,3,22406,3180,2674,2734,3919,4482,2974,1440,673,279,51,0,22695,2985,2506,2465,4219,4417,2980,1584,851,552,133,3
2017,11,구,경기도 용인시 수지구 ,352611,38078,46299,42074,51047,71912,46435,28736,20137,6867,987,39,172417,19582,23635,21150,23845,34868,23821,12940,9528,2788,256,4,180194,18496,22664,20924,27202,37044,22614,15796,10609,4079,731,35
2017,11,읍면동,경기도 용인시 수지구 동천동,36496,3959,4612,4399,5276,7582,5036,3097,1858,577,95,5,18020,2066,2344,2220,2471,3704,2566,1503,893,236,17,0,18476,1893,2268,2179,2805,3878,2470,1594,965,341,78,5
2017,11,읍면동,경기도 용인시 수지구 상현1동,47952,5257,6516,5771,7026,9836,6154,3856,2541,854,136,5,23295,2669,3320,2848,3253,4725,3211,1683,1222,334,30,0,24657,2588,3196,2923,3773,5111,2943,2173,1319,520,106,5
2017,11,읍면동,경기도 용인시 수지구 상현2동,33735,3523,4637,3734,4411,6841,4447,3074,2262,698,103,5,16399,1821,2379,1860,2008,3298,2279,1356,1078,286,34,0,17336,1702,2258,1874,2403,3543,2168,1718,1184,412,69,5
2017,11,읍면동,경기도 용인시 수지구 성복동,38470,3865,4657,3984,4541,7315,5171,4647,3206,924,155,5,18498,1966,2355,2047,1913,3504,2535,2031,1680,424,42,1,19972,1899,2302,1937,2628,3811,2636,2616,1526,500,113,4
2017,11,읍면동,경기도 용인시 수지구 신봉동,37899,4126,5417,3859,4664,8382,4890,3162,2467,823,105,4,18421,2072,2774,1996,2037,4030,2545,1366,1206,373,22,0,19478,2054,2643,1863,2627,4352,2345,1796,1261,450,83,4
2017,11,읍면동,경기도 용인시 수지구 죽전1동,59252,6630,7891,7415,8655,12141,7746,4345,3115,1148,159,7,28935,3426,4021,3741,4046,5901,3910,1984,1404,458,43,1,30317,3204,3870,3674,4609,6240,3836,2361,1711,690,116,6
2017,11,읍면동,경기도 용인시 수지구 죽전2동,19378,1915,1876,2858,3674,3356,2752,1536,962,403,46,0,9540,985,979,1387,1847,1632,1374,724,449,153,10,0,9838,930,897,1471,1827,1724,1378,812,513,250,36,0
2017,11,읍면동,경기도 용인시 수지구 풍덕천1동,36888,3567,4334,5197,6206,6946,5136,2736,1960,699,105,2,18425,1821,2259,2682,3211,3421,2631,1272,845,250,33,0,18463,1746,2075,2515,2995,3525,2505,1464,1115,449,72,2
2017,11,읍면동,경기도 용인시 수지구 풍덕천2동,42541,5236,6359,4857,6594,9513,5103,2283,1766,741,83,6,20884,2756,3204,2369,3059,4653,2770,1021,751,274,25,2,21657,2480,3155,2488,3535,4860,2333,1262,1015,467,58,4
2017,11,구,경기도 용인시 처인구 ,230980,20510,26046,30448,32108,40700,37857,22899,13602,5930,821,59,118531,10464,13915,16291,16872,21228,20003,11331,6104,2108,207,8,112449,10046,12131,14157,15236,19472,17854,11568,7498,3822,614,51
2017,11,읍면동,경기도 용인시 처인구 남사면,6912,293,527,704,652,1004,1386,1102,772,406,61,5,3681,155,271,387,377,598,801,567,348,159,18,0,3231,138,256,317,275,406,585,535,424,247,43,5
2017,11,읍면동,경기도 용인시 처인구 동부동,14231,1018,1510,2023,1782,2506,2634,1558,823,325,47,5,7280,521,835,1068,959,1256,1353,785,374,117,12,0,6951,497,675,955,823,1250,1281,773,449,208,35,5
2017,11,읍면동,경기도 용인시 처인구 모현면,26552,2486,2554,3329,3762,4586,4481,2969,1639,653,85,8,13965,1324,1337,1823,1983,2474,2467,1508,778,252,17,2,12587,1162,1217,1506,1779,2112,2014,1461,861,401,68,6
2017,11,읍면동,경기도 용인시 처인구 백암면,8954,340,785,1027,783,1176,1786,1427,990,547,87,6,4683,182,405,572,460,697,968,742,435,200,21,1,4271,158,380,455,323,479,818,685,555,347,66,5
2017,11,읍면동,경기도 용인시 처인구 양지면,18911,1502,2454,2370,2554,3143,3178,2004,1084,529,87,6,10060,807,1419,1336,1378,1674,1684,1047,514,177,23,1,8851,695,1035,1034,1176,1469,1494,957,570,352,64,5
2017,11,읍면동,경기도 용인시 처인구 역삼동,32801,3649,3656,4976,5619,5750,4685,2475,1407,506,71,7,16469,1826,1924,2561,2902,2841,2344,1214,647,184,25,1,16332,1823,1732,2415,2717,2909,2341,1261,760,322,46,6
2017,11,읍면동,경기도 용인시 처인구 원삼면,7870,421,586,761,770,1110,1533,1332,883,417,53,4,4078,216,288,426,438,639,807,691,414,145,14,0,3792,205,298,335,332,471,726,641,469,272,39,4
2017,11,읍면동,경기도 용인시 처인구 유림동,33131,3545,4614,4098,4689,6814,4858,2372,1504,571,64,2,16699,1738,2437,2128,2354,3403,2636,1137,642,201,23,0,16432,1807,2177,1970,2335,3411,2222,1235,862,370,41,2
2017,11,읍면동,경기도 용인시 처인구 이동면,21299,2042,2124,2213,2875,3742,3745,2372,1396,673,111,6,10838,1023,1120,1261,1477,2031,1953,1126,604,217,26,0,10461,1019,1004,952,1398,1711,1792,1246,792,456,85,6
2017,11,읍면동,경기도 용인시 처인구 중앙동,25213,1996,2554,4168,3618,4359,4157,2423,1313,547,69,9,12695,1006,1350,2158,1909,2223,2096,1162,579,194,15,3,12518,990,1204,2010,1709,2136,2061,1261,734,353,54,6
2017,11,읍면동,경기도 용인시 처인구 포곡읍,35106,3218,4682,4779,5004,6510,5414,2865,1791,756,86,1,18083,1666,2529,2571,2635,3392,2894,1352,769,262,13,0,17023,1552,2153,2208,2369,3118,2520,1513,1022,494,73,1
2017,11,시군,경기도 의왕시 ,155930,13500,16149,22085,21687,26312,28052,16099,7944,3521,539,42,77849,6979,8258,11647,11221,12928,13833,8123,3592,1133,125,10,78081,6521,7891,10438,10466,13384,14219,7976,4352,2388,414,32
2017,11,읍면동,경기도 의왕시 고천동,12561,979,1137,1602,1812,1874,2272,1711,790,332,51,1,6335,507,573,869,969,939,1093,888,384,100,12,1,6226,472,564,733,843,935,1179,823,406,232,39,0
2017,11,읍면동,경기도 의왕시 내손1동,22382,1852,2554,3539,2789,3849,4363,2021,895,446,65,9,10977,946,1330,1820,1356,1804,2154,1024,381,149,12,1,11405,906,1224,1719,1433,2045,2209,997,514,297,53,8
2017,11,읍면동,경기도 의왕시 내손2동,33330,3119,3125,5141,4908,5498,6083,3151,1452,728,119,6,16509,1574,1646,2700,2472,2657,3023,1602,604,207,23,1,16821,1545,1479,2441,2436,2841,3060,1549,848,521,96,5
2017,11,읍면동,경기도 의왕시 부곡동,26638,2053,2609,3805,3693,4382,4651,2756,1750,832,98,9,13585,1076,1302,2056,2089,2247,2349,1363,775,295,30,3,13053,977,1307,1749,1604,2135,2302,1393,975,537,68,6
2017,11,읍면동,경기도 의왕시 오전동,39477,3409,4589,5260,5271,6944,7088,4257,1848,677,128,6,19723,1775,2354,2781,2663,3393,3468,2171,879,214,23,2,19754,1634,2235,2479,2608,3551,3620,2086,969,463,105,4
2017,11,읍면동,경기도 의왕시 청계동,21542,2088,2135,2738,3214,3765,3595,2203,1209,506,78,11,10720,1101,1053,1421,1672,1888,1746,1075,569,168,25,2,10822,987,1082,1317,1542,1877,1849,1128,640,338,53,9
2017,11,시군,경기도 의정부시 ,440537,36367,46962,59899,59793,77309,75004,45080,28034,10535,1368,186,217429,18669,24249,30696,30337,38260,37412,21452,12258,3716,341,39,223108,17698,22713,29203,29456,39049,37592,23628,15776,6819,1027,147
2017,11,읍면동,경기도 의정부시 가능1동,24813,1449,2245,3547,3036,4070,4876,2950,1852,693,84,11,12489,757,1155,1867,1647,2081,2462,1427,822,250,20,1,12324,692,1090,1680,1389,1989,2414,1523,1030,443,64,10
2017,11,읍면동,경기도 의정부시 녹양동,23254,2077,2618,3121,3137,4123,3993,2255,1334,526,67,3,11609,1107,1391,1632,1593,2044,1970,1080,585,188,19,0,11645,970,1227,1489,1544,2079,2023,1175,749,338,48,3
2017,11,읍면동,경기도 의정부시 송산1동,32370,2578,3626,4405,4032,5814,5741,3270,1935,831,127,11,16015,1278,1884,2326,2070,2846,2899,1608,806,269,28,1,16355,1300,1742,2079,1962,2968,2842,1662,1129,562,99,10
2017,11,읍면동,경기도 의정부시 송산2동,65835,8263,8565,7680,10292,13081,9188,4632,2847,1140,143,4,32207,4240,4311,3894,4917,6400,4666,2151,1201,396,29,2,33628,4023,4254,3786,5375,6681,4522,2481,1646,744,114,2
2017,11,읍면동,경기도 의정부시 신곡1동,43675,3304,4924,6158,5456,7690,7961,4439,2622,999,112,10,21513,1707,2497,3230,2801,3632,3973,2182,1135,323,30,3,22162,1597,2427,2928,2655,4058,3988,2257,1487,676,82,7
2017,11,읍면동,경기도 의정부시 신곡2동,46809,3787,6042,6781,5513,8511,8317,4191,2478,1035,146,8,22697,1949,3156,3424,2679,3959,4083,2017,1050,339,40,1,24112,1838,2886,3357,2834,4552,4234,2174,1428,696,106,7
2017,11,읍면동,경기도 의정부시 의정부1동,20325,939,1390,3164,2859,3199,3988,2625,1483,570,80,28,10512,499,687,1586,1622,1774,2082,1355,672,207,23,5,9813,440,703,1578,1237,1425,1906,1270,811,363,57,23
2017,11,읍면동,경기도 의정부시 의정부2동,27778,1644,2282,4539,4210,4615,4887,2962,1907,642,82,8,13825,869,1206,2285,2238,2324,2413,1401,820,238,28,3,13953,775,1076,2254,1972,2291,2474,1561,1087,404,54,5
2017,11,읍면동,경기도 의정부시 의정부3동,10603,467,679,1804,1542,1659,1982,1288,816,308,38,20,5423,243,362,897,833,943,1078,607,327,116,13,4,5180,224,317,907,709,716,904,681,489,192,25,16
2017,11,읍면동,경기도 의정부시 자금동,30069,2572,3274,4037,3939,5291,5251,2978,1849,764,94,20,14770,1290,1730,2068,1962,2590,2595,1431,803,271,21,9,15299,1282,1544,1969,1977,2701,2656,1547,1046,493,73,11
2017,11,읍면동,경기도 의정부시 장암동,20459,1732,2196,2360,2717,3576,3328,2342,1523,598,77,10,9826,862,1155,1229,1315,1759,1610,1055,642,188,10,1,10633,870,1041,1131,1402,1817,1718,1287,881,410,67,9
2017,11,읍면동,경기도 의정부시 호원1동,35893,2857,2966,4628,5405,5771,5582,4650,2998,897,119,20,17599,1495,1513,2244,2788,2944,2651,2141,1444,347,27,5,18294,1362,1453,2384,2617,2827,2931,2509,1554,550,92,15
2017,11,읍면동,경기도 의정부시 호원2동,37274,3244,4077,4742,4965,6405,5968,4007,2799,952,108,7,18179,1636,2079,2428,2419,3151,2929,1845,1274,386,30,2,19095,1608,1998,2314,2546,3254,3039,2162,1525,566,78,5
2017,11,읍면동,경기도 의정부시 흥선동,21380,1454,2078,2933,2690,3504,3942,2491,1591,580,91,26,10765,737,1123,1586,1453,1813,2001,1152,677,198,23,2,10615,717,955,1347,1237,1691,1941,1339,914,382,68,24
2017,11,시군,경기도 이천시 ,213499,21669,24635,27387,31871,35543,33456,20214,12317,5594,761,52,109052,11250,12879,14636,16617,18286,17497,10225,5548,1908,195,11,104447,10419,11756,12751,15254,17257,15959,9989,6769,3686,566,41
2017,11,읍면동,경기도 이천시 관고동,10602,763,995,1599,1505,1667,1991,1180,632,238,30,2,5307,416,467,804,806,839,1023,606,263,76,6,1,5295,347,528,795,699,828,968,574,369,162,24,1
2017,11,읍면동,경기도 이천시 대월면,13802,1475,1337,2057,2400,2101,1903,1281,853,332,57,6,6926,783,667,1003,1217,1110,1008,641,369,113,13,2,6876,692,670,1054,1183,991,895,640,484,219,44,4
2017,11,읍면동,경기도 이천시 마장면,10961,1035,1335,1464,1566,1506,1619,1220,779,369,63,5,5939,543,720,877,894,873,897,636,355,127,17,0,5022,492,615,587,672,633,722,584,424,242,46,5
2017,11,읍면동,경기도 이천시 모가면,4644,196,311,467,427,554,994,795,571,280,47,2,2472,112,178,277,249,315,540,421,264,102,14,0,2172,84,133,190,178,239,454,374,307,178,33,2
2017,11,읍면동,경기도 이천시 백사면,10629,795,949,1351,1204,1621,2027,1310,866,441,60,5,5444,426,508,705,653,835,1064,675,404,155,19,0,5185,369,441,646,551,786,963,635,462,286,41,5
2017,11,읍면동,경기도 이천시 부발읍,37398,4661,4978,4529,6480,6903,4970,2637,1514,641,80,5,19115,2365,2586,2380,3264,3561,2697,1343,678,224,17,0,18283,2296,2392,2149,3216,3342,2273,1294,836,417,63,5
2017,11,읍면동,경기도 이천시 설성면,5122,244,305,517,468,596,1019,900,685,348,38,2,2676,110,149,303,272,369,554,473,314,122,9,1,2446,134,156,214,196,227,465,427,371,226,29,1
2017,11,읍면동,경기도 이천시 신둔면,12246,955,1150,1502,1599,1924,2354,1467,854,366,71,4,6465,519,626,810,868,1057,1249,780,404,131,20,1,5781,436,524,692,731,867,1105,687,450,235,51,3
2017,11,읍면동,경기도 이천시 율면,2868,95,156,228,199,283,560,558,450,298,39,2,1437,53,71,124,118,173,298,271,213,105,10,1,1431,42,85,104,81,110,262,287,237,193,29,1
2017,11,읍면동,경기도 이천시 장호원읍,15607,1275,1655,1687,1840,2292,2668,2042,1353,709,77,9,7881,670,855,955,943,1200,1350,1011,621,244,28,4,7726,605,800,732,897,1092,1318,1031,732,465,49,5
2017,11,읍면동,경기도 이천시 중리동,14349,1171,1125,2348,2409,2105,2435,1527,850,331,46,2,7809,634,607,1418,1459,1132,1253,759,413,120,14,0,6540,537,518,930,950,973,1182,768,437,211,32,2
2017,11,읍면동,경기도 이천시 증포동,51018,7303,8037,5965,8521,10218,6534,2475,1317,577,68,3,25402,3744,4236,3043,4080,4938,3420,1226,528,174,12,1,25616,3559,3801,2922,4441,5280,3114,1249,789,403,56,2
2017,11,읍면동,경기도 이천시 창전동,18337,1283,1868,2976,2543,2922,3283,1998,1026,396,38,4,9051,649,967,1558,1377,1385,1547,976,454,132,6,0,9286,634,901,1418,1166,1537,1736,1022,572,264,32,4
2017,11,읍면동,경기도 이천시 호법면,5916,418,434,697,710,851,1099,824,567,268,47,1,3128,226,242,379,417,499,597,407,268,83,10,0,2788,192,192,318,293,352,502,417,299,185,37,1
2017,11,시군,경기도 파주시 ,436112,46728,48841,53594,67336,77941,64057,38734,26361,10878,1481,161,221380,23828,25269,28054,35645,40318,33608,18778,11495,3961,380,44,214732,22900,23572,25540,31691,37623,30449,19956,14866,6917,1101,117
2017,11,읍면동,경기도 파주시 광탄면,12125,568,829,1515,1164,1590,2639,1857,1238,611,99,15,6516,307,435,905,682,914,1475,1002,576,194,22,4,5609,261,394,610,482,676,1164,855,662,417,77,11
2017,11,읍면동,경기도 파주시 교하동,42721,5013,5903,4427,6379,9017,5813,3248,1942,846,119,14,21613,2569,3109,2372,3101,4584,3133,1584,854,284,21,2,21108,2444,2794,2055,3278,4433,2680,1664,1088,562,98,12
2017,11,읍면동,경기도 파주시 금촌1동,23318,1513,1901,3480,3432,3657,4285,2618,1647,673,101,11,12233,781,992,1895,1986,2001,2314,1296,696,244,24,4,11085,732,909,1585,1446,1656,1971,1322,951,429,77,7
2017,11,읍면동,경기도 파주시 금촌2동,35701,4641,4862,4220,6032,6837,4568,2254,1593,603,83,8,17585,2401,2507,2053,3085,3336,2323,1016,637,210,16,1,18116,2240,2355,2167,2947,3501,2245,1238,956,393,67,7
2017,11,읍면동,경기도 파주시 금촌3동,28788,3092,3222,3975,4527,4821,4316,2493,1613,641,86,2,14725,1569,1714,2061,2454,2460,2255,1220,718,247,27,0,14063,1523,1508,1914,2073,2361,2061,1273,895,394,59,2
2017,11,읍면동,경기도 파주시 문산읍,50587,6142,4882,6235,9241,7729,6817,4388,3463,1487,181,22,25802,3098,2556,3216,5148,4133,3487,2062,1464,576,51,11,24785,3044,2326,3019,4093,3596,3330,2326,1999,911,130,11
2017,11,읍면동,경기도 파주시 법원읍,11832,555,1021,1410,1134,1689,2370,1736,1266,561,80,10,6222,284,562,810,661,957,1270,893,567,191,25,2,5610,271,459,600,473,732,1100,843,699,370,55,8
2017,11,읍면동,경기도 파주시 운정1동,45271,6288,5957,4782,7485,9213,5854,3100,1852,650,84,6,22181,3201,2974,2355,3547,4602,2949,1481,822,226,23,1,23090,3087,2983,2427,3938,4611,2905,1619,1030,424,61,5
2017,11,읍면동,경기도 파주시 운정2동,39668,5530,5535,4002,6474,8345,4654,2638,1762,644,82,2,19303,2811,2810,1963,3072,4152,2312,1179,723,259,21,1,20365,2719,2725,2039,3402,4193,2342,1459,1039,385,61,1
2017,11,읍면동,경기도 파주시 운정3동,62266,8415,7961,6536,10504,12734,8028,4252,2727,989,117,3,30422,4266,4066,3257,4996,6358,3970,1941,1180,360,28,0,31844,4149,3895,3279,5508,6376,4058,2311,1547,629,89,3
2017,11,읍면동,경기도 파주시 월롱면,12071,271,373,4387,2723,1129,1358,968,553,273,34,2,7471,145,208,2394,2300,742,802,535,247,92,6,0,4600,126,165,1993,423,387,556,433,306,181,28,2
2017,11,읍면동,경기도 파주시 장단출장소,618,42,43,73,54,91,113,81,90,29,2,0,315,16,23,32,33,59,61,35,43,12,1,0,303,26,20,41,21,32,52,46,47,17,1,0
2017,11,읍면동,경기도 파주시 적성면,7914,688,644,918,966,1003,1385,1067,862,337,42,2,4152,350,354,526,535,562,754,535,397,131,8,0,3762,338,290,392,431,441,631,532,465,206,34,2
2017,11,읍면동,경기도 파주시 조리읍,31164,2195,3377,3918,3494,5161,5896,3647,2349,972,145,10,15747,1100,1695,2112,1837,2598,3133,1799,1071,354,44,4,15417,1095,1682,1806,1657,2563,2763,1848,1278,618,101,6
2017,11,읍면동,경기도 파주시 진동면,171,11,7,3,11,22,30,38,33,14,2,0,92,4,3,2,6,11,19,20,19,7,1,0,79,7,4,1,5,11,11,18,14,7,1,0
2017,11,읍면동,경기도 파주시 탄현면,14111,944,1192,1644,1872,2502,2463,1657,1194,550,89,4,7597,497,647,906,1126,1408,1391,833,557,206,26,0,6514,447,545,738,746,1094,1072,824,637,344,63,4
2017,11,읍면동,경기도 파주시 파주읍,13743,692,886,1627,1566,1964,2615,2006,1553,709,84,41,7327,362,482,941,925,1180,1483,1007,646,264,26,11,6416,330,404,686,641,784,1132,999,907,445,58,30
2017,11,읍면동,경기도 파주시 파평면,4043,128,246,442,278,437,853,686,624,289,51,9,2077,67,132,254,151,261,477,340,278,104,10,3,1966,61,114,188,127,176,376,346,346,185,41,6
2017,11,시군,경기도 평택시 ,480407,47496,53442,63103,73551,86774,75619,41657,26036,11068,1455,206,246042,24327,27694,34148,39108,45456,39654,20184,11215,3808,387,61,234365,23169,25748,28955,34443,41318,35965,21473,14821,7260,1068,145
2017,11,읍면동,경기도 평택시 고덕면,11100,1057,1018,1458,1514,1792,1867,1211,789,340,49,5,5797,531,550,837,806,973,1007,625,349,107,11,1,5303,526,468,621,708,819,860,586,440,233,38,4
2017,11,읍면동,경기도 평택시 비전1동,54332,6809,6789,7133,10167,10486,7261,3232,1679,685,82,9,27517,3493,3503,3633,5293,5282,3771,1564,734,225,17,2,26815,3316,3286,3500,4874,5204,3490,1668,945,460,65,7
2017,11,읍면동,경기도 평택시 비전2동,59737,6779,7931,8181,9240,11521,8843,3997,2202,910,119,14,30064,3522,4169,4257,4620,5667,4549,1932,969,354,23,2,29673,3257,3762,3924,4620,5854,4294,2065,1233,556,96,12
2017,11,읍면동,경기도 평택시 서정동,29784,2138,3184,4382,4087,5323,5212,2816,1853,700,74,15,14952,1099,1651,2356,2196,2701,2605,1286,782,245,25,6,14832,1039,1533,2026,1891,2622,2607,1530,1071,455,49,9
2017,11,읍면동,경기도 평택시 서탄면,3997,187,263,407,454,516,825,633,457,233,21,1,2171,95,149,228,276,321,478,328,206,87,3,0,1826,92,114,179,178,195,347,305,251,146,18,1
2017,11,읍면동,경기도 평택시 세교동,21723,1823,2686,3287,2685,3943,3877,1786,1109,467,56,4,10994,941,1408,1774,1423,1907,2018,872,465,166,19,1,10729,882,1278,1513,1262,2036,1859,914,644,301,37,3
2017,11,읍면동,경기도 평택시 송북동,23341,2133,2573,3227,3237,4037,4100,2105,1288,543,88,10,11556,1056,1327,1688,1608,2065,2070,1005,518,189,25,5,11785,1077,1246,1539,1629,1972,2030,1100,770,354,63,5
2017,11,읍면동,경기도 평택시 송탄동,15511,1926,1696,1849,2468,2966,2474,1152,643,283,48,6,8109,1010,871,1010,1259,1608,1339,598,310,91,11,2,7402,916,825,839,1209,1358,1135,554,333,192,37,4
2017,11,읍면동,경기도 평택시 신장1동,6667,659,490,821,1123,1088,1024,739,493,186,35,9,3218,332,263,411,598,599,470,296,171,65,8,5,3449,327,227,410,525,489,554,443,322,121,27,4
2017,11,읍면동,경기도 평택시 신장2동,6316,246,420,784,701,913,1240,929,724,300,41,18,3122,133,206,434,388,522,613,423,284,103,8,8,3194,113,214,350,313,391,627,506,440,197,33,10
2017,11,읍면동,경기도 평택시 신평동,24520,1555,2436,3909,3434,4128,4463,2432,1507,582,64,10,12284,780,1279,2029,1871,2045,2232,1163,651,215,16,3,12236,775,1157,1880,1563,2083,2231,1269,856,367,48,7
2017,11,읍면동,경기도 평택시 안중읍,42710,4879,6406,5009,6326,8898,5651,2836,1802,775,119,9,21727,2433,3246,2715,3244,4565,3106,1377,759,251,30,1,20983,2446,3160,2294,3082,4333,2545,1459,1043,524,89,8
2017,11,읍면동,경기도 평택시 오성면,7281,464,626,850,730,1029,1448,976,730,376,48,4,3790,227,331,474,414,589,786,498,321,122,27,1,3491,237,295,376,316,440,662,478,409,254,21,3
2017,11,읍면동,경기도 평택시 원평동,12307,948,973,1845,1891,1928,2137,1328,867,330,46,14,6290,483,510,980,1070,982,1133,614,392,110,11,5,6017,465,463,865,821,946,1004,714,475,220,35,9
2017,11,읍면동,경기도 평택시 중앙동,45945,4249,6249,6510,6141,8967,7379,3420,2058,847,112,13,23081,2180,3192,3569,3134,4415,3788,1667,830,272,30,4,22864,2069,3057,2941,3007,4552,3591,1753,1228,575,82,9
2017,11,읍면동,경기도 평택시 지산동,11849,940,1060,2078,2195,2075,1645,989,610,229,23,5,6146,463,535,1164,1236,1091,844,482,252,75,3,1,5703,477,525,914,959,984,801,507,358,154,20,4
2017,11,읍면동,경기도 평택시 진위면,12310,801,1021,1673,1705,1960,2196,1518,980,405,45,6,6535,413,524,943,999,1095,1181,766,471,134,8,1,5775,388,497,730,706,865,1015,752,509,271,37,5
2017,11,읍면동,경기도 평택시 청북읍,25629,4717,2531,2141,5956,4241,2673,1759,1017,496,94,4,13480,2465,1303,1184,3019,2492,1442,893,501,153,28,0,12149,2252,1228,957,2937,1749,1231,866,516,343,66,4
2017,11,읍면동,경기도 평택시 통복동,4416,184,349,546,445,707,915,678,418,152,20,2,2232,95,183,307,258,362,457,320,192,54,4,0,2184,89,166,239,187,345,458,358,226,98,16,2
2017,11,읍면동,경기도 평택시 팽성읍,29089,1925,2087,3221,3520,4648,5492,3932,2812,1254,159,39,14831,979,1083,1839,1978,2613,2867,1799,1149,462,49,13,14258,946,1004,1382,1542,2035,2625,2133,1663,792,110,26
2017,11,읍면동,경기도 평택시 포승읍,25902,2851,2254,3204,5009,4859,3762,2103,1218,571,64,7,15026,1484,1207,1973,3102,3098,2256,1124,566,197,19,0,10876,1367,1047,1231,1907,1761,1506,979,652,374,45,7
2017,11,읍면동,경기도 평택시 현덕면,5941,226,400,588,523,749,1135,1086,780,404,48,2,3120,113,204,343,316,464,642,552,343,131,12,0,2821,113,196,245,207,285,493,534,437,273,36,2
2017,11,시군,경기도 포천시 ,153056,11012,15215,18611,16750,24139,30243,19010,12114,5162,737,63,80444,5692,8048,10362,9156,12989,16677,10155,5312,1826,206,21,72612,5320,7167,8249,7594,11150,13566,8855,6802,3336,531,42
2017,11,읍면동,경기도 포천시 가산면,8132,281,602,908,695,1228,2050,1258,701,352,56,1,4703,132,329,523,443,755,1274,777,340,117,13,0,3429,149,273,385,252,473,776,481,361,235,43,1
2017,11,읍면동,경기도 포천시 관인면,3092,105,187,303,185,323,635,603,521,199,28,3,1581,46,90,166,107,183,341,317,240,80,8,3,1511,59,97,137,78,140,294,286,281,119,20,0
2017,11,읍면동,경기도 포천시 군내면,7315,408,551,835,763,1025,1573,1123,674,322,39,2,3976,216,289,490,455,568,901,631,300,115,10,1,3339,192,262,345,308,457,672,492,374,207,29,1
2017,11,읍면동,경기도 포천시 내촌면,5019,177,297,558,416,728,1224,810,538,245,25,1,2858,86,162,338,265,457,733,473,237,98,9,0,2161,91,135,220,151,271,491,337,301,147,16,1
2017,11,읍면동,경기도 포천시 선단동,14536,910,1411,1911,1692,2578,3147,1640,826,378,39,4,7749,516,717,1031,946,1404,1767,883,358,121,4,2,6787,394,694,880,746,1174,1380,757,468,257,35,2
2017,11,읍면동,경기도 포천시 소흘읍,46345,3863,5963,6027,5277,8583,8792,4280,2407,997,145,11,23617,1952,3149,3171,2655,4291,4751,2226,1044,340,37,1,22728,1911,2814,2856,2622,4292,4041,2054,1363,657,108,10
2017,11,읍면동,경기도 포천시 신북면,13079,976,1216,1563,1478,1938,2610,1780,1015,427,71,5,7046,523,645,876,814,1103,1482,973,467,139,23,1,6033,453,571,687,664,835,1128,807,548,288,48,4
2017,11,읍면동,경기도 포천시 영북면,9155,791,604,1045,1141,1062,1591,1269,1087,465,86,14,4784,397,335,630,643,634,828,656,458,173,26,4,4371,394,269,415,498,428,763,613,629,292,60,10
2017,11,읍면동,경기도 포천시 영중면,5313,268,383,500,424,687,1150,911,716,237,34,3,2866,139,194,294,245,425,661,498,309,90,10,1,2447,129,189,206,179,262,489,413,407,147,24,2
2017,11,읍면동,경기도 포천시 이동면,6496,645,499,794,873,777,1035,891,656,285,39,2,3462,326,265,523,495,454,566,430,289,100,14,0,3034,319,234,271,378,323,469,461,367,185,25,2
2017,11,읍면동,경기도 포천시 일동면,10513,818,926,1123,1191,1422,1848,1535,1071,500,73,6,5432,428,498,638,674,787,970,780,452,176,25,4,5081,390,428,485,517,635,878,755,619,324,48,2
2017,11,읍면동,경기도 포천시 창수면,2323,67,148,208,151,277,501,452,375,128,14,2,1292,37,88,137,99,167,279,252,169,57,7,0,1031,30,60,71,52,110,222,200,206,71,7,2
2017,11,읍면동,경기도 포천시 포천동,19075,1513,2269,2567,2139,3219,3559,2040,1217,468,75,9,9665,795,1215,1386,1129,1597,1836,1016,506,164,17,4,9410,718,1054,1181,1010,1622,1723,1024,711,304,58,5
2017,11,읍면동,경기도 포천시 화현면,2663,190,159,269,325,292,528,418,310,159,13,0,1413,99,72,159,186,164,288,243,143,56,3,0,1250,91,87,110,139,128,240,175,167,103,10,0
2017,11,시군,경기도 하남시 ,230740,25819,20845,27319,39599,39186,36190,25409,11514,4043,735,81,116036,13186,10719,14211,19850,20486,17893,12643,5574,1286,170,18,114704,12633,10126,13108,19749,18700,18297,12766,5940,2757,565,63
2017,11,읍면동,경기도 하남시 감북동,3975,172,269,487,499,580,894,604,331,120,14,5,2231,96,152,295,295,338,506,334,165,45,4,1,1744,76,117,192,204,242,388,270,166,75,10,4
2017,11,읍면동,경기도 하남시 덕풍1동,17594,1224,1538,2466,2646,2716,3259,2257,1079,340,61,8,8884,635,830,1286,1437,1367,1549,1128,529,109,13,1,8710,589,708,1180,1209,1349,1710,1129,550,231,48,7
2017,11,읍면동,경기도 하남시 덕풍2동,20278,1277,1640,2905,3013,2972,3885,2774,1258,463,86,5,10199,658,846,1541,1650,1493,1934,1365,564,131,17,0,10079,619,794,1364,1363,1479,1951,1409,694,332,69,5
2017,11,읍면동,경기도 하남시 덕풍3동,27054,2529,2982,3341,3835,4869,4468,2983,1431,522,84,10,13479,1315,1553,1757,1935,2446,2155,1461,665,172,18,2,13575,1214,1429,1584,1900,2423,2313,1522,766,350,66,8
2017,11,읍면동,경기도 하남시 미사1동,26406,4422,2526,2453,5423,4882,3093,2290,932,326,59,0,13172,2287,1263,1240,2600,2633,1464,1097,476,97,15,0,13234,2135,1263,1213,2823,2249,1629,1193,456,229,44,0
2017,11,읍면동,경기도 하남시 미사2동,40344,6925,3774,3502,8559,7870,4578,3204,1377,466,88,1,20037,3549,1950,1768,3944,4239,2239,1556,664,113,15,0,20307,3376,1824,1734,4615,3631,2339,1648,713,353,73,1
2017,11,읍면동,경기도 하남시 신장1동,6658,358,500,1052,1051,995,1274,846,411,144,22,5,3444,169,271,571,619,528,637,421,174,46,7,1,3214,189,229,481,432,467,637,425,237,98,15,4
2017,11,읍면동,경기도 하남시 신장2동,45076,4134,4375,5478,7043,7285,7371,5636,2703,894,148,9,22352,2053,2264,2853,3569,3619,3566,2721,1337,331,39,0,22724,2081,2111,2625,3474,3666,3805,2915,1366,563,109,9
2017,11,읍면동,경기도 하남시 위례동,17290,2333,1435,2532,3327,2995,2768,1340,399,131,29,1,8463,1184,670,1262,1532,1525,1341,695,209,34,10,1,8827,1149,765,1270,1795,1470,1427,645,190,97,19,0
2017,11,읍면동,경기도 하남시 천현동,7983,492,507,976,1164,1155,1514,1313,589,221,42,10,4300,242,263,524,694,688,818,696,291,73,9,2,3683,250,244,452,470,467,696,617,298,148,33,8
2017,11,읍면동,경기도 하남시 초이동,3927,198,248,481,476,608,865,606,306,119,20,0,2264,116,124,278,298,370,525,345,158,47,3,0,1663,82,124,203,178,238,340,261,148,72,17,0
2017,11,읍면동,경기도 하남시 춘궁동,3920,167,213,477,490,563,822,656,363,137,25,7,2207,89,123,267,297,359,480,358,176,49,8,1,1713,78,90,210,193,204,342,298,187,88,17,6
2017,11,읍면동,경기도 하남시 풍산동,10235,1588,838,1169,2073,1696,1399,900,335,160,57,20,5004,793,410,569,980,881,679,466,166,39,12,9,5231,795,428,600,1093,815,720,434,169,121,45,11
2017,11,시군,경기도 화성시 ,686975,94435,80970,78647,129602,130623,86610,47616,25998,10933,1451,90,355222,48242,41506,41617,66941,70325,47000,23766,11753,3715,327,30,331753,46193,39464,37030,62661,60298,39610,23850,14245,7218,1124,60
2017,11,읍면동,경기도 화성시 기배동,14585,1875,2135,1529,2204,3016,1943,1093,576,183,30,1,7438,964,1146,780,1078,1577,1009,550,270,59,5,0,7147,911,989,749,1126,1439,934,543,306,124,25,1
2017,11,읍면동,경기도 화성시 남양읍,32191,3494,3091,3901,5652,5386,5131,3024,1640,759,110,3,17323,1816,1611,2224,3196,3045,2821,1576,735,278,21,0,14868,1678,1480,1677,2456,2341,2310,1448,905,481,89,3
2017,11,읍면동,경기도 화성시 동탄1동,53418,8123,7754,6744,11040,11485,5150,1851,908,314,46,3,27011,4165,3994,3308,5426,5837,2853,887,420,108,12,1,26407,3958,3760,3436,5614,5648,2297,964,488,206,34,2
2017,11,읍면동,경기도 화성시 동탄2동,37451,5791,6464,3525,5889,8931,4035,1605,868,300,41,2,18448,2925,3267,1827,2578,4468,2182,744,351,98,7,1,19003,2866,3197,1698,3311,4463,1853,861,517,202,34,1
2017,11,읍면동,경기도 화성시 동탄3동,43960,7918,5701,4821,10254,8768,3360,1797,988,307,44,2,22095,4027,2965,2382,5128,4553,1741,756,425,108,10,0,21865,3891,2736,2439,5126,4215,1619,1041,563,199,34,2
2017,11,읍면동,경기도 화성시 동탄4동,90128,17655,10835,8695,21471,18193,7777,3511,1405,510,74,2,45031,9025,5449,4171,10295,9607,4078,1627,610,154,15,0,45097,8630,5386,4524,11176,8586,3699,1884,795,356,59,2
2017,11,읍면동,경기도 화성시 동탄면,17784,3308,1362,2006,4938,2689,1871,975,411,191,31,2,9183,1676,713,1016,2632,1432,953,496,200,60,5,0,8601,1632,649,990,2306,1257,918,479,211,131,26,2
2017,11,읍면동,경기도 화성시 마도면,6730,355,452,722,751,1015,1418,1012,668,299,34,4,3841,190,249,435,487,648,846,535,332,114,4,1,2889,165,203,287,264,367,572,477,336,185,30,3
2017,11,읍면동,경기도 화성시 매송면,8062,557,610,1014,914,1228,1571,1112,714,308,32,2,4230,294,320,575,505,694,854,570,305,102,10,1,3832,263,290,439,409,534,717,542,409,206,22,1
2017,11,읍면동,경기도 화성시 반월동,31037,5292,3699,3821,6542,5561,3708,1556,573,241,42,2,15714,2689,1894,1975,3240,2878,1888,781,280,78,10,1,15323,2603,1805,1846,3302,2683,1820,775,293,163,32,1
2017,11,읍면동,경기도 화성시 병점1동,29211,3707,3699,4013,5461,5523,3543,1896,1003,328,38,0,14704,1917,1882,2075,2747,2798,1855,902,418,102,8,0,14507,1790,1817,1938,2714,2725,1688,994,585,226,30,0
2017,11,읍면동,경기도 화성시 병점2동,26259,3607,4496,2634,4278,5881,2774,1425,787,330,47,0,12833,1846,2242,1296,2036,2918,1454,619,306,109,7,0,13426,1761,2254,1338,2242,2963,1320,806,481,221,40,0
2017,11,읍면동,경기도 화성시 봉담읍,73945,9573,9649,8259,11919,14792,10223,5453,2861,1043,163,10,37381,4745,4885,4382,5827,7764,5394,2707,1313,325,34,5,36564,4828,4764,3877,6092,7028,4829,2746,1548,718,129,5
2017,11,읍면동,경기도 화성시 비봉면,5912,270,379,628,575,776,1301,959,634,344,44,2,3282,131,201,392,359,469,765,548,288,120,7,2,2630,139,178,236,216,307,536,411,346,224,37,0
2017,11,읍면동,경기도 화성시 서신면,7116,230,372,616,595,930,1678,1339,829,456,63,8,3920,124,199,365,365,597,961,712,392,181,21,3,3196,106,173,251,230,333,717,627,437,275,42,5
2017,11,읍면동,경기도 화성시 송산면,11230,625,871,1123,1037,1602,2274,1742,1235,620,93,8,6006,327,456,674,609,955,1267,893,574,228,23,0,5224,298,415,449,428,647,1007,849,661,392,70,8
2017,11,읍면동,경기도 화성시 양감면,4186,146,221,432,447,548,1005,701,435,230,19,2,2477,73,129,265,313,378,640,389,203,84,3,0,1709,73,92,167,134,170,365,312,232,146,16,2
2017,11,읍면동,경기도 화성시 우정읍,18091,1338,1638,2015,2115,2961,3366,2315,1496,753,89,5,9704,695,800,1213,1199,1778,1855,1190,686,263,22,3,8387,643,838,802,916,1183,1511,1125,810,490,67,2
2017,11,읍면동,경기도 화성시 장안면,10600,554,729,1083,1088,1530,2252,1665,1104,532,58,5,6028,306,389,662,689,989,1367,887,507,212,16,4,4572,248,340,421,399,541,885,778,597,320,42,1
2017,11,읍면동,경기도 화성시 정남면,11971,644,926,1414,1383,1925,2519,1598,994,498,64,6,6793,357,484,856,872,1216,1498,864,468,162,15,1,5178,287,442,558,511,709,1021,734,526,336,49,5
2017,11,읍면동,경기도 화성시 진안동,38799,4538,3692,6321,9051,6656,4466,2373,1216,414,71,1,20680,2367,1899,3325,5203,3693,2326,1177,533,135,21,1,18119,2171,1793,2996,3848,2963,2140,1196,683,279,50,0
2017,11,읍면동,경기도 화성시 팔탄면,10271,449,564,1180,1187,1653,2430,1471,849,427,54,7,6102,242,294,774,774,1119,1500,836,399,151,13,0,4169,207,270,406,413,534,930,635,450,276,41,7
2017,11,읍면동,경기도 화성시 향남읍,79993,11961,9111,9083,17130,15158,8879,4806,2650,1094,114,7,42363,6100,4708,4910,9376,8519,4834,2340,1206,340,25,5,37630,5861,4403,4173,7754,6639,4045,2466,1444,754,89,2
2017,11,읍면동,경기도 화성시 화산동,24045,2425,2520,3068,3681,4416,3936,2337,1154,452,50,6,12635,1241,1330,1735,2007,2393,2059,1180,532,144,13,1,11410,1184,1190,1333,1674,2023,1877,1157,622,308,37,5
2017,10,도,경기도  ,12841321,1229733,1417558,1712586,1940653,2309110,2066977,1177727,672906,272617,38124,3330,6459082,630816,732682,896733,988304,1170057,1057315,581184,298300,93636,9229,826,6382239,598917,684876,815853,952349,1139053,1009662,596543,374606,178981,28895,2504
2017,10,시군,경기도 가평군 ,63003,4055,5479,6351,6442,8782,11816,9765,6770,3093,413,37,32222,2073,2860,3592,3398,4765,6173,5018,3069,1152,107,15,30781,1982,2619,2759,3044,4017,5643,4747,3701,1941,306,22
2017,10,읍면동,경기도 가평군 가평읍,19781,1361,1970,2228,2000,3030,3575,2597,1979,913,117,11,10089,699,1051,1225,1059,1622,1871,1303,888,333,35,3,9692,662,919,1003,941,1408,1704,1294,1091,580,82,8
2017,10,읍면동,경기도 가평군 북면,3997,201,215,284,345,450,791,799,585,283,40,4,2038,94,125,164,191,276,397,413,259,106,11,2,1959,107,90,120,154,174,394,386,326,177,29,2
2017,10,읍면동,경기도 가평군 상면,5593,199,447,568,400,646,1196,1075,694,324,39,5,2810,102,181,334,215,342,652,537,323,114,7,3,2783,97,266,234,185,304,544,538,371,210,32,2
2017,10,읍면동,경기도 가평군 설악면,9235,615,865,798,856,1171,1814,1549,994,505,64,4,4664,305,432,442,432,626,931,813,472,196,13,2,4571,310,433,356,424,545,883,736,522,309,51,2
2017,10,읍면동,경기도 가평군 조종면,9951,849,753,1090,1265,1303,1751,1461,997,416,59,7,5288,444,384,684,675,715,942,816,453,156,16,3,4663,405,369,406,590,588,809,645,544,260,43,4
2017,10,읍면동,경기도 가평군 청평면,14446,830,1229,1383,1576,2182,2689,2284,1521,652,94,6,7333,429,687,743,826,1184,1380,1136,674,247,25,2,7113,401,542,640,750,998,1309,1148,847,405,69,4
2017,10,시군,경기도 고양시 ,1041706,89446,117646,146524,141074,194042,178076,89432,56517,25388,3306,255,511397,45886,60686,74661,68726,93917,89609,44298,23713,8967,869,65,530309,43560,56960,71863,72348,100125,88467,45134,32804,16421,2437,190
2017,10,구,경기도 고양시 덕양구 ,448200,40152,44876,60312,64186,79628,76171,42754,27343,11112,1504,162,222356,20615,23159,31104,32166,39929,38531,20916,11657,3869,373,37,225844,19537,21717,29208,32020,39699,37640,21838,15686,7243,1131,125
2017,10,읍면동,경기도 고양시 덕양구 고양동,32803,3112,3685,3666,4430,6165,5002,3564,2227,832,107,13,16471,1628,1902,1959,2203,3182,2584,1698,962,323,26,4,16332,1484,1783,1707,2227,2983,2418,1866,1265,509,81,9
2017,10,읍면동,경기도 고양시 덕양구 관산동,35629,2651,3177,4299,4807,5908,6500,4411,2740,935,169,32,18076,1362,1696,2280,2551,3156,3315,2156,1236,281,37,6,17553,1289,1481,2019,2256,2752,3185,2255,1504,654,132,26
2017,10,읍면동,경기도 고양시 덕양구 능곡동,19216,1364,1729,2696,2379,3181,3793,2137,1365,487,73,12,9828,751,929,1430,1238,1638,1979,1062,617,170,12,2,9388,613,800,1266,1141,1543,1814,1075,748,317,61,10
2017,10,읍면동,경기도 고양시 덕양구 대덕동,2514,120,177,283,282,369,538,377,250,94,21,3,1401,57,92,157,163,229,327,217,116,36,6,1,1113,63,85,126,119,140,211,160,134,58,15,2
2017,10,읍면동,경기도 고양시 덕양구 성사1동,24516,1961,2294,3307,3225,4422,4426,2531,1571,673,95,11,12107,1006,1195,1714,1592,2275,2239,1202,623,231,29,1,12409,955,1099,1593,1633,2147,2187,1329,948,442,66,10
2017,10,읍면동,경기도 고양시 덕양구 성사2동,12285,915,1290,1595,1640,2062,2119,1257,963,394,50,0,5987,457,684,838,837,979,1012,627,397,143,13,0,6298,458,606,757,803,1083,1107,630,566,251,37,0
2017,10,읍면동,경기도 고양시 덕양구 신도동,19647,2230,1192,2494,3709,2945,3034,2139,1349,488,56,11,9633,1146,621,1237,1856,1519,1427,1024,622,165,12,4,10014,1084,571,1257,1853,1426,1607,1115,727,323,44,7
2017,10,읍면동,경기도 고양시 덕양구 원신동,21896,3215,1565,2536,4285,3511,3210,2064,1034,408,62,6,10628,1632,783,1265,2090,1770,1465,994,478,138,12,1,11268,1583,782,1271,2195,1741,1745,1070,556,270,50,5
2017,10,읍면동,경기도 고양시 덕양구 주교동,17135,863,1744,2417,1824,2989,3498,1960,1259,508,67,6,8827,478,947,1306,1018,1547,1863,971,512,161,22,2,8308,385,797,1111,806,1442,1635,989,747,347,45,4
2017,10,읍면동,경기도 고양시 덕양구 창릉동,13279,1666,1202,1399,2225,2308,1977,1453,726,270,44,9,6712,847,616,708,1054,1246,1030,751,343,111,5,1,6567,819,586,691,1171,1062,947,702,383,159,39,8
2017,10,읍면동,경기도 고양시 덕양구 행신1동,23968,2025,2599,3448,3268,4337,4254,2067,1349,540,79,2,11686,1021,1297,1757,1650,2096,2118,1001,537,189,19,1,12282,1004,1302,1691,1618,2241,2136,1066,812,351,60,1
2017,10,읍면동,경기도 고양시 덕양구 행신2동,34843,2948,3765,5396,5349,6217,5902,2581,1803,769,106,7,17242,1559,1935,2799,2695,2964,3003,1291,722,245,28,1,17601,1389,1830,2597,2654,3253,2899,1290,1081,524,78,6
2017,10,읍면동,경기도 고양시 덕양구 행신3동,49447,4002,6091,7156,5835,9627,8816,3939,2623,1201,151,6,24049,2040,3060,3658,2888,4565,4439,1920,1058,382,39,0,25398,1962,3031,3498,2947,5062,4377,2019,1565,819,112,6
2017,10,읍면동,경기도 고양시 덕양구 행주동,21457,1168,1701,3269,2884,3567,4325,2388,1444,639,66,6,11031,608,870,1759,1590,1883,2296,1204,604,206,10,1,10426,560,831,1510,1294,1684,2029,1184,840,433,56,5
2017,10,읍면동,경기도 고양시 덕양구 화전동,5865,491,450,739,840,799,944,825,519,208,35,15,3175,257,236,427,471,461,552,432,236,86,12,5,2690,234,214,312,369,338,392,393,283,122,23,10
2017,10,읍면동,경기도 고양시 덕양구 화정1동,40646,2837,4684,6449,4927,7530,7150,3255,2517,1146,144,7,19741,1452,2397,3224,2414,3515,3636,1573,1030,453,46,1,20905,1385,2287,3225,2513,4015,3514,1682,1487,693,98,6
2017,10,읍면동,경기도 고양시 덕양구 화정2동,35116,3468,4518,4626,4901,7362,5393,2317,1669,787,75,0,17087,1769,2358,2339,2278,3531,2711,1127,670,284,20,0,18029,1699,2160,2287,2623,3831,2682,1190,999,503,55,0
2017,10,읍면동,경기도 고양시 덕양구 효자동,2496,220,152,282,372,346,408,348,232,96,27,13,1313,116,87,144,199,191,216,186,110,43,15,6,1183,104,65,138,173,155,192,162,122,53,12,7
2017,10,읍면동,경기도 고양시 덕양구 흥도동,35442,4896,2861,4255,7004,5983,4882,3141,1703,637,77,3,17362,2429,1454,2103,3379,3182,2319,1480,784,222,10,0,18080,2467,1407,2152,3625,2801,2563,1661,919,415,67,3
2017,10,구,경기도 고양시 일산동구 ,293592,23098,33827,43954,39617,56016,51113,23864,14186,6918,951,48,143243,11888,17475,22073,18959,26606,25536,12038,5963,2433,255,17,150349,11210,16352,21881,20658,29410,25577,11826,8223,4485,696,31
2017,10,읍면동,경기도 고양시 일산동구 고봉동,20871,1503,1709,2660,2728,3497,4095,2555,1425,601,95,3,10909,765,914,1458,1478,1899,2162,1377,655,187,12,2,9962,738,795,1202,1250,1598,1933,1178,770,414,83,1
2017,10,읍면동,경기도 고양시 일산동구 마두1동,26231,1764,3868,4268,2532,5052,4893,1968,1158,647,73,8,12712,903,1987,2128,1166,2294,2482,1002,504,231,12,3,13519,861,1881,2140,1366,2758,2411,966,654,416,61,5
2017,10,읍면동,경기도 고양시 일산동구 마두2동,17379,1450,2543,2456,1711,3408,3047,1187,911,586,78,2,8251,739,1277,1240,735,1532,1518,611,352,218,28,1,9128,711,1266,1216,976,1876,1529,576,559,368,50,1
2017,10,읍면동,경기도 고양시 일산동구 백석1동,33233,2624,3719,5250,5339,6178,5569,2497,1339,628,85,5,15982,1336,1937,2559,2648,2822,2648,1245,531,238,16,2,17251,1288,1782,2691,2691,3356,2921,1252,808,390,69,3
2017,10,읍면동,경기도 고양시 일산동구 백석2동,22011,1217,1724,3509,4061,4344,3624,1823,1095,537,73,4,10625,641,903,1650,1985,2114,1801,916,429,161,24,1,11386,576,821,1859,2076,2230,1823,907,666,376,49,3
2017,10,읍면동,경기도 고양시 일산동구 식사동,32900,3823,4691,4282,3906,7163,5194,2135,1149,494,62,1,16086,1965,2365,2165,1631,3441,2736,1112,483,163,25,0,16814,1858,2326,2117,2275,3722,2458,1023,666,331,37,1
2017,10,읍면동,경기도 고양시 일산동구 장항1동,3108,160,161,335,345,449,755,539,261,81,18,4,1754,83,79,191,183,293,440,298,149,32,5,1,1354,77,82,144,162,156,315,241,112,49,13,3
2017,10,읍면동,경기도 고양시 일산동구 장항2동,27097,1607,2010,4545,5294,5499,4329,1877,1198,646,90,2,13207,805,1054,2183,2521,2679,2200,962,505,258,40,0,13890,802,956,2362,2773,2820,2129,915,693,388,50,2
2017,10,읍면동,경기도 고양시 일산동구 정발산동,26616,1891,2949,4429,3514,4704,4724,2340,1371,604,85,5,12867,958,1528,2246,1744,2176,2271,1118,593,207,23,3,13749,933,1421,2183,1770,2528,2453,1222,778,397,62,2
2017,10,읍면동,경기도 고양시 일산동구 중산동,44303,3164,5290,6832,4924,7955,8430,3868,2403,1234,194,9,21558,1671,2778,3538,2391,3673,4111,1921,989,437,46,3,22745,1493,2512,3294,2533,4282,4319,1947,1414,797,148,6
2017,10,읍면동,경기도 고양시 일산동구 풍산동,39843,3895,5163,5388,5263,7767,6453,3075,1876,860,98,5,19292,2022,2653,2715,2477,3683,3167,1476,773,301,24,1,20551,1873,2510,2673,2786,4084,3286,1599,1103,559,74,4
2017,10,구,경기도 고양시 일산서구 ,299914,26196,38943,42258,37271,58398,50792,22814,14988,7358,851,45,145798,13383,20052,21484,17601,27382,25542,11344,6093,2665,241,11,154116,12813,18891,20774,19670,31016,25250,11470,8895,4693,610,34
2017,10,읍면동,경기도 고양시 일산서구 대화동,32615,2089,3458,5919,4550,5602,5799,2709,1618,770,96,5,15733,1075,1818,2863,2286,2605,2799,1309,672,277,28,1,16882,1014,1640,3056,2264,2997,3000,1400,946,493,68,4
2017,10,읍면동,경기도 고양시 일산서구 송산동,49473,5260,6680,6018,6357,10256,7806,3825,2250,892,122,7,24437,2655,3369,3165,2945,5028,4027,1938,953,327,27,3,25036,2605,3311,2853,3412,5228,3779,1887,1297,565,95,4
2017,10,읍면동,경기도 고양시 일산서구 송포동,18013,1547,2487,2382,1938,3553,3121,1516,1003,425,40,1,8955,795,1294,1285,890,1642,1640,766,456,177,10,0,9058,752,1193,1097,1048,1911,1481,750,547,248,30,1
2017,10,읍면동,경기도 고양시 일산서구 일산1동,29839,2729,3503,4221,3923,5434,5106,2497,1672,665,79,10,14549,1374,1785,2157,1898,2572,2533,1234,715,261,19,1,15290,1355,1718,2064,2025,2862,2573,1263,957,404,60,9
2017,10,읍면동,경기도 고양시 일산서구 일산2동,20706,1367,2068,3142,2377,3540,4317,2030,1221,583,58,3,10175,673,1093,1579,1197,1711,2171,1021,512,200,18,0,10531,694,975,1563,1180,1829,2146,1009,709,383,40,3
2017,10,읍면동,경기도 고양시 일산서구 일산3동,38168,3200,6616,5324,3749,8495,6348,2299,1282,764,87,4,18545,1648,3392,2732,1672,3816,3253,1219,514,272,27,0,19623,1552,3224,2592,2077,4679,3095,1080,768,492,60,4
2017,10,읍면동,경기도 고양시 일산서구 주엽1동,29842,2487,3934,3934,3632,5771,4880,2295,1757,1043,104,5,14149,1241,2058,1977,1659,2640,2369,1122,670,378,34,1,15693,1246,1876,1957,1973,3131,2511,1173,1087,665,70,4
2017,10,읍면동,경기도 고양시 일산서구 주엽2동,31265,2489,3846,4250,3706,5794,5251,2575,2033,1162,151,8,14693,1253,1943,2121,1752,2599,2567,1247,749,410,47,5,16572,1236,1903,2129,1954,3195,2684,1328,1284,752,104,3
2017,10,읍면동,경기도 고양시 일산서구 탄현동,49993,5028,6351,7068,7039,9953,8164,3068,2152,1054,114,2,24562,2669,3300,3605,3302,4769,4183,1488,852,363,31,0,25431,2359,3051,3463,3737,5184,3981,1580,1300,691,83,2
2017,10,시군,경기도 과천시 ,57808,4473,7110,7985,6992,10089,10128,5759,3317,1641,275,39,28198,2296,3705,4211,3429,4731,4985,2814,1406,548,68,5,29610,2177,3405,3774,3563,5358,5143,2945,1911,1093,207,34
2017,10,읍면동,경기도 과천시 갈현동,11459,1219,1636,1370,1337,2340,1808,924,561,224,36,4,5576,610,834,733,565,1130,912,470,233,82,7,0,5883,609,802,637,772,1210,896,454,328,142,29,4
2017,10,읍면동,경기도 과천시 과천동,9523,724,723,1252,1672,1499,1547,1206,635,225,38,2,4912,368,377,683,949,797,745,596,309,80,8,0,4611,356,346,569,723,702,802,610,326,145,30,2
2017,10,읍면동,경기도 과천시 문원동,8117,701,1047,932,1027,1524,1278,836,518,211,35,8,3926,370,556,473,507,729,624,381,218,60,7,1,4191,331,491,459,520,795,654,455,300,151,28,7
2017,10,읍면동,경기도 과천시 별양동,11256,687,1516,1769,1073,1850,2189,1081,616,404,61,10,5345,342,797,930,489,794,1081,520,241,133,17,1,5911,345,719,839,584,1056,1108,561,375,271,44,9
2017,10,읍면동,경기도 과천시 부림동,10523,700,1390,1562,1163,1842,1988,969,544,320,42,3,5108,361,722,821,591,834,980,469,221,94,15,0,5415,339,668,741,572,1008,1008,500,323,226,27,3
2017,10,읍면동,경기도 과천시 중앙동,6930,442,798,1100,720,1034,1318,743,443,257,63,12,3331,245,419,571,328,447,643,378,184,99,14,3,3599,197,379,529,392,587,675,365,259,158,49,9
2017,10,시군,경기도 광명시 ,333694,30790,36726,42886,51486,60102,53197,33648,17200,6676,867,116,165294,15838,18935,22530,25718,30018,26259,16218,7466,2086,202,24,168400,14952,17791,20356,25768,30084,26938,17430,9734,4590,665,92
2017,10,읍면동,경기도 광명시 광명1동,13905,875,1301,2024,2022,2233,2405,1691,957,357,37,3,6930,462,696,1102,1088,1111,1149,805,368,140,9,0,6975,413,605,922,934,1122,1256,886,589,217,28,3
2017,10,읍면동,경기도 광명시 광명2동,10981,621,932,1528,1527,1728,2014,1459,853,284,32,3,5390,310,460,801,832,867,977,649,383,98,13,0,5591,311,472,727,695,861,1037,810,470,186,19,3
2017,10,읍면동,경기도 광명시 광명3동,10112,502,724,1449,1465,1567,1891,1401,817,260,29,7,4910,252,379,755,756,774,916,609,365,92,9,3,5202,250,345,694,709,793,975,792,452,168,20,4
2017,10,읍면동,경기도 광명시 광명4동,14953,966,1159,2077,2419,2282,2591,2009,1068,309,57,16,7301,491,576,1092,1246,1115,1229,954,472,112,10,4,7652,475,583,985,1173,1167,1362,1055,596,197,47,12
2017,10,읍면동,경기도 광명시 광명5동,15401,1246,1545,1899,2336,2706,2518,1771,971,369,35,5,7646,626,814,1023,1202,1397,1213,828,428,110,4,1,7755,620,731,876,1134,1309,1305,943,543,259,31,4
2017,10,읍면동,경기도 광명시 광명6동,15178,1407,1536,1972,2244,2590,2546,1697,835,299,45,7,7501,683,788,1013,1115,1321,1250,845,379,93,13,1,7677,724,748,959,1129,1269,1296,852,456,206,32,6
2017,10,읍면동,경기도 광명시 광명7동,20660,1425,2137,2894,3014,3248,3658,2559,1236,432,51,6,10407,706,1126,1556,1610,1641,1785,1256,575,141,11,0,10253,719,1011,1338,1404,1607,1873,1303,661,291,40,6
2017,10,읍면동,경기도 광명시 소하1동,32337,3752,4314,3697,4551,6383,4757,2961,1321,518,67,16,15957,1929,2248,1948,2089,3160,2351,1460,609,146,13,4,16380,1823,2066,1749,2462,3223,2406,1501,712,372,54,12
2017,10,읍면동,경기도 광명시 소하2동,37771,3886,4092,5027,6060,6647,5810,3639,1844,672,83,11,19102,2032,2088,2721,3081,3458,2907,1761,815,215,20,4,18669,1854,2004,2306,2979,3189,2903,1878,1029,457,63,7
2017,10,읍면동,경기도 광명시 철산1동,13818,1449,1757,1771,2103,2713,2117,1109,534,228,37,0,6826,743,897,931,1012,1314,1067,543,235,77,7,0,6992,706,860,840,1091,1399,1050,566,299,151,30,0
2017,10,읍면동,경기도 광명시 철산2동,16043,942,1488,2582,2493,2659,3030,1681,803,327,34,4,8178,509,781,1356,1337,1333,1561,830,364,94,12,1,7865,433,707,1226,1156,1326,1469,851,439,233,22,3
2017,10,읍면동,경기도 광명시 철산3동,36149,3763,4801,4688,5027,6928,5785,3113,1363,581,91,9,17813,1948,2473,2420,2327,3342,2850,1607,620,198,27,1,18336,1815,2328,2268,2700,3586,2935,1506,743,383,64,8
2017,10,읍면동,경기도 광명시 철산4동,14444,1391,1394,1877,2711,2584,2123,1431,692,215,25,1,7226,714,739,980,1378,1318,1048,687,287,71,4,0,7218,677,655,897,1333,1266,1075,744,405,144,21,1
2017,10,읍면동,경기도 광명시 하안1동,27695,3218,3433,3316,3923,5462,4367,2366,1089,444,72,5,13912,1673,1754,1806,1840,2780,2224,1202,493,127,12,1,13783,1545,1679,1510,2083,2682,2143,1164,596,317,60,4
2017,10,읍면동,경기도 광명시 하안2동,15548,1603,1542,1688,3273,2959,2001,1273,732,418,50,9,7449,805,768,825,1671,1472,944,564,282,104,12,2,8099,798,774,863,1602,1487,1057,709,450,314,38,7
2017,10,읍면동,경기도 광명시 하안3동,22473,2186,2443,2558,3714,4136,3207,2212,1320,614,77,6,10714,1134,1262,1267,1844,2014,1568,974,472,162,17,0,11759,1052,1181,1291,1870,2122,1639,1238,848,452,60,6
2017,10,읍면동,경기도 광명시 하안4동,13844,1465,2000,1604,2326,2998,1875,845,494,209,27,1,6713,772,1014,796,1129,1436,933,397,183,47,6,0,7131,693,986,808,1197,1562,942,448,311,162,21,1
2017,10,읍면동,경기도 광명시 학온동,2382,93,128,235,278,279,502,431,271,140,18,7,1319,49,72,138,161,165,287,247,136,59,3,2,1063,44,56,97,117,114,215,184,135,81,15,5
2017,10,시군,경기도 광주시 ,340616,34704,33730,40195,57521,59875,54915,35093,17439,6140,935,69,174922,17812,17470,21161,30109,31807,28115,17776,8285,2181,186,20,165694,16892,16260,19034,27412,28068,26800,17317,9154,3959,749,49
2017,10,읍면동,경기도 광주시 경안동,40904,3903,4362,5394,6282,7407,6890,3947,1947,665,93,14,20879,2010,2256,2823,3245,3852,3587,1955,899,233,13,6,20025,1893,2106,2571,3037,3555,3303,1992,1048,432,80,8
2017,10,읍면동,경기도 광주시 곤지암읍,23316,1724,2283,2836,3059,4083,4437,2713,1444,622,97,18,12388,909,1194,1571,1629,2271,2403,1465,689,228,25,4,10928,815,1089,1265,1430,1812,2034,1248,755,394,72,14
2017,10,읍면동,경기도 광주시 광남동,49253,5638,5379,5462,8331,9258,7480,4733,2179,684,105,4,25195,2887,2815,2807,4266,4902,3782,2389,1083,242,20,2,24058,2751,2564,2655,4065,4356,3698,2344,1096,442,85,2
2017,10,읍면동,경기도 광주시 남종면,1606,58,89,118,133,193,329,323,244,104,15,0,825,25,49,55,75,112,177,169,117,41,5,0,781,33,40,63,58,81,152,154,127,63,10,0
2017,10,읍면동,경기도 광주시 남한산성면,2938,239,226,271,279,470,542,451,289,140,29,2,1541,113,119,143,154,271,302,244,139,50,6,0,1397,126,107,128,125,199,240,207,150,90,23,2
2017,10,읍면동,경기도 광주시 도척면,9098,661,686,954,1095,1444,1756,1367,737,330,65,3,4989,363,364,551,624,860,1004,731,349,130,12,1,4109,298,322,403,471,584,752,636,388,200,53,2
2017,10,읍면동,경기도 광주시 송정동,59413,5756,5952,7746,9555,10613,10217,5823,2693,917,131,10,30075,2908,2984,4110,4991,5473,5076,2962,1212,333,24,2,29338,2848,2968,3636,4564,5140,5141,2861,1481,584,107,8
2017,10,읍면동,경기도 광주시 오포읍,97284,11187,8319,11628,20579,16321,13988,9143,4425,1447,237,10,49522,5738,4298,5978,10864,8616,6884,4461,2132,494,53,4,47762,5449,4021,5650,9715,7705,7104,4682,2293,953,184,6
2017,10,읍면동,경기도 광주시 초월읍,42852,4378,5252,4661,6524,7824,6823,4237,2269,787,94,3,22389,2259,2758,2488,3394,4197,3700,2230,1075,272,16,0,20463,2119,2494,2173,3130,3627,3123,2007,1194,515,78,3
2017,10,읍면동,경기도 광주시 퇴촌면,13952,1160,1182,1125,1684,2262,2453,2356,1212,444,69,5,7119,600,633,635,867,1253,1200,1170,590,158,12,1,6833,560,549,490,817,1009,1253,1186,622,286,57,4
2017,10,시군,경기도 구리시 ,197007,16973,21288,27453,28266,35285,34283,18789,10412,3679,517,62,97896,8702,10997,14141,14131,17271,17311,9329,4601,1271,122,20,99111,8271,10291,13312,14135,18014,16972,9460,5811,2408,395,42
2017,10,읍면동,경기도 구리시 갈매동,18169,2549,1213,2135,4086,2647,2648,1785,801,257,48,0,8972,1283,596,1061,2066,1351,1226,911,396,72,10,0,9197,1266,617,1074,2020,1296,1422,874,405,185,38,0
2017,10,읍면동,경기도 구리시 교문1동,17511,1007,1467,2380,2452,2896,3434,2128,1256,404,65,22,8976,531,748,1273,1324,1509,1807,1033,576,148,19,8,8535,476,719,1107,1128,1387,1627,1095,680,256,46,14
2017,10,읍면동,경기도 구리시 교문2동,23956,2186,3327,3163,2951,4690,3921,2133,1107,423,50,5,11642,1088,1702,1625,1352,2201,1960,1049,498,155,11,1,12314,1098,1625,1538,1599,2489,1961,1084,609,268,39,4
2017,10,읍면동,경기도 구리시 동구동,40971,3904,5132,5751,5484,7776,6958,3227,1912,726,94,7,20221,2016,2666,2978,2664,3682,3505,1638,789,262,19,2,20750,1888,2466,2773,2820,4094,3453,1589,1123,464,75,5
2017,10,읍면동,경기도 구리시 수택1동,22071,1297,1971,3416,2932,3550,4439,2595,1336,461,68,6,10969,701,993,1731,1540,1750,2223,1293,575,147,15,1,11102,596,978,1685,1392,1800,2216,1302,761,314,53,5
2017,10,읍면동,경기도 구리시 수택2동,26040,1558,2611,4074,3412,4293,4967,2925,1555,563,71,11,13008,807,1368,2100,1821,2123,2509,1406,674,185,12,3,13032,751,1243,1974,1591,2170,2458,1519,881,378,59,8
2017,10,읍면동,경기도 구리시 수택3동,23401,2165,2820,3043,3464,4813,3713,1835,1089,398,56,5,11821,1098,1511,1603,1687,2405,1948,933,476,146,12,2,11580,1067,1309,1440,1777,2408,1765,902,613,252,44,3
2017,10,읍면동,경기도 구리시 인창동,24888,2307,2747,3491,3485,4620,4203,2161,1356,447,65,6,12287,1178,1413,1770,1677,2250,2133,1066,617,156,24,3,12601,1129,1334,1721,1808,2370,2070,1095,739,291,41,3
2017,10,시군,경기도 군포시 ,282093,26493,30855,38829,43398,49405,47450,25079,13469,6197,870,48,140114,13573,15948,20094,22097,24188,23460,12590,5761,2156,234,13,141979,12920,14907,18735,21301,25217,23990,12489,7708,4041,636,35
2017,10,읍면동,경기도 군포시 광정동,26731,2381,3319,3594,3761,5035,4218,2141,1291,848,136,7,12984,1239,1716,1820,1838,2404,2083,1067,501,285,29,2,13747,1142,1603,1774,1923,2631,2135,1074,790,563,107,5
2017,10,읍면동,경기도 군포시 군포1동,34384,2564,3296,5133,5079,5859,6415,3585,1721,633,90,9,18047,1327,1768,2807,2881,3037,3334,1885,768,220,17,3,16337,1237,1528,2326,2198,2822,3081,1700,953,413,73,6
2017,10,읍면동,경기도 군포시 군포2동,56869,6435,6846,7768,8788,10144,9392,4412,2102,836,137,9,28326,3345,3449,4014,4361,4943,4673,2244,967,294,34,2,28543,3090,3397,3754,4427,5201,4719,2168,1135,542,103,7
2017,10,읍면동,경기도 군포시 궁내동,22254,2335,3536,2692,2530,4855,3329,1475,928,503,70,1,10845,1220,1800,1400,1145,2248,1699,742,379,187,25,0,11409,1115,1736,1292,1385,2607,1630,733,549,316,45,1
2017,10,읍면동,경기도 군포시 금정동,19151,1198,1563,3040,2827,3100,3744,2287,995,346,44,7,9875,614,807,1583,1575,1656,1879,1191,458,97,12,3,9276,584,756,1457,1252,1444,1865,1096,537,249,32,4
2017,10,읍면동,경기도 군포시 대야동,10040,1005,1059,1246,1325,1844,1765,1004,533,233,23,3,5140,519,564,688,671,922,910,525,246,83,11,1,4900,486,495,558,654,922,855,479,287,150,12,2
2017,10,읍면동,경기도 군포시 산본1동,18476,1150,1264,2905,2918,2607,3615,2219,1200,522,70,6,9206,557,663,1554,1626,1325,1712,1079,518,152,20,0,9270,593,601,1351,1292,1282,1903,1140,682,370,50,6
2017,10,읍면동,경기도 군포시 산본2동,29545,3083,3294,4179,4401,4989,5110,2560,1253,575,100,1,14401,1588,1697,2130,2091,2360,2471,1287,535,221,21,0,15144,1495,1597,2049,2310,2629,2639,1273,718,354,79,1
2017,10,읍면동,경기도 군포시 수리동,18735,1681,2015,2359,2910,3187,3067,1624,1177,631,81,3,8990,808,1049,1153,1453,1528,1499,761,457,254,27,1,9745,873,966,1206,1457,1659,1568,863,720,377,54,2
2017,10,읍면동,경기도 군포시 오금동,24402,2765,2735,2870,4703,4463,3392,1769,1128,520,57,0,12028,1409,1446,1460,2329,2194,1632,865,485,192,16,0,12374,1356,1289,1410,2374,2269,1760,904,643,328,41,0
2017,10,읍면동,경기도 군포시 재궁동,21506,1896,1928,3043,4156,3322,3403,2003,1141,550,62,2,10272,947,989,1485,2127,1571,1568,944,447,171,22,1,11234,949,939,1558,2029,1751,1835,1059,694,379,40,1
2017,10,시군,경기도 김포시 ,388185,48120,41235,41557,65380,70643,56096,35881,20379,7768,1078,48,194792,24610,21134,21598,31909,36826,28922,17431,9328,2758,261,15,193393,23510,20101,19959,33471,33817,27174,18450,11051,5010,817,33
2017,10,읍면동,경기도 김포시 고촌읍,26863,2876,2556,2927,4028,4647,4306,3234,1600,594,85,10,13567,1528,1322,1547,1954,2429,2144,1643,771,213,14,2,13296,1348,1234,1380,2074,2218,2162,1591,829,381,71,8
2017,10,읍면동,경기도 김포시 구래동,43453,8127,3391,3694,11330,7148,4139,3266,1772,514,70,2,21308,4097,1687,1756,5535,3880,1894,1411,852,179,16,1,22145,4030,1704,1938,5795,3268,2245,1855,920,335,54,1
2017,10,읍면동,경기도 김포시 김포본동,51700,4452,6681,6990,6231,9690,8894,4676,2817,1103,156,10,25538,2209,3518,3600,3016,4629,4591,2315,1206,407,45,2,26162,2243,3163,3390,3215,5061,4303,2361,1611,696,111,8
2017,10,읍면동,경기도 김포시 대곶면,10130,402,670,1075,962,1534,2370,1640,964,438,74,1,5802,217,362,635,591,984,1444,914,468,169,18,0,4328,185,308,440,371,550,926,726,496,269,56,1
2017,10,읍면동,경기도 김포시 사우동,21599,1538,2343,3167,2813,3912,3859,2113,1302,493,57,2,10861,815,1250,1631,1483,1920,2005,1015,551,181,10,0,10738,723,1093,1536,1330,1992,1854,1098,751,312,47,2
2017,10,읍면동,경기도 김포시 양촌읍,26354,2493,2309,2727,4009,4389,4585,3197,1793,733,112,7,13869,1242,1198,1519,2182,2511,2498,1634,810,237,34,4,12485,1251,1111,1208,1827,1878,2087,1563,983,496,78,3
2017,10,읍면동,경기도 김포시 운양동,37126,6590,3725,3175,8193,7130,3929,2564,1289,464,67,0,18296,3421,1882,1582,3758,3781,1931,1156,619,151,15,0,18830,3169,1843,1593,4435,3349,1998,1408,670,313,52,0
2017,10,읍면동,경기도 김포시 월곶면,5692,212,315,563,527,721,1282,1078,641,299,51,3,3149,108,161,352,321,444,739,594,317,102,10,1,2543,104,154,211,206,277,543,484,324,197,41,2
2017,10,읍면동,경기도 김포시 장기동,40505,6799,4492,3789,8334,8114,4404,2673,1399,442,58,1,19840,3459,2199,1894,3908,4236,2162,1208,619,145,10,0,20665,3340,2293,1895,4426,3878,2242,1465,780,297,48,1
2017,10,읍면동,경기도 김포시 장기본동,36600,5777,4872,3265,6749,7618,3899,2459,1423,461,76,1,17866,2919,2469,1615,3082,3874,1918,1134,671,167,17,0,18734,2858,2403,1650,3667,3744,1981,1325,752,294,59,1
2017,10,읍면동,경기도 김포시 통진읍,27470,2176,2629,3504,3479,4509,5245,3149,1828,852,97,2,14464,1116,1373,2014,1913,2477,2820,1638,788,306,17,2,13006,1060,1256,1490,1566,2032,2425,1511,1040,546,80,0
2017,10,읍면동,경기도 김포시 풍무동,52022,6332,6679,5713,7956,10144,7254,4356,2550,916,116,6,25530,3269,3408,2883,3715,5020,3675,2019,1178,329,33,1,26492,3063,3271,2830,4241,5124,3579,2337,1372,587,83,5
2017,10,읍면동,경기도 김포시 하성면,8671,346,573,968,769,1087,1930,1476,1001,459,59,3,4702,210,305,570,451,641,1101,750,478,172,22,2,3969,136,268,398,318,446,829,726,523,287,37,1
2017,10,시군,경기도 남양주시 ,665782,68363,77400,78277,93864,124501,104141,65039,38291,13895,1843,168,332431,35122,39937,40725,45773,63208,53442,31435,17360,4949,441,39,333351,33241,37463,37552,48091,61293,50699,33604,20931,8946,1402,129
2017,10,읍면동,경기도 남양주시 금곡동,21430,1210,1709,3144,2732,3032,4480,2766,1590,682,74,11,10928,630,909,1730,1511,1546,2254,1391,702,227,23,5,10502,580,800,1414,1221,1486,2226,1375,888,455,51,6
2017,10,읍면동,경기도 남양주시 도농동,38276,3566,4366,5231,5202,6579,6154,4123,2149,790,104,12,18600,1825,2162,2681,2466,3143,2973,2013,1022,290,23,2,19676,1741,2204,2550,2736,3436,3181,2110,1127,500,81,10
2017,10,읍면동,경기도 남양주시 별내동,69170,9426,6149,8535,13269,11614,9962,6233,2833,988,157,4,33918,4773,3067,4343,6404,5829,4752,3081,1332,306,30,1,35252,4653,3082,4192,6865,5785,5210,3152,1501,682,127,3
2017,10,읍면동,경기도 남양주시 별내면,20828,1626,2298,2533,2372,3817,3473,2405,1608,606,76,14,10403,857,1213,1273,1220,1896,1814,1152,714,237,24,3,10425,769,1085,1260,1152,1921,1659,1253,894,369,52,11
2017,10,읍면동,경기도 남양주시 수동면,9483,465,970,941,806,1307,1864,1609,969,447,96,9,5034,260,577,535,440,720,1016,824,485,148,24,5,4449,205,393,406,366,587,848,785,484,299,72,4
2017,10,읍면동,경기도 남양주시 양정동,5067,249,273,594,620,660,1111,902,463,166,22,7,2810,119,141,342,362,409,635,495,231,73,3,0,2257,130,132,252,258,251,476,407,232,93,19,7
2017,10,읍면동,경기도 남양주시 오남읍,54889,5573,7314,6145,6957,11378,8273,4777,3219,1109,137,7,27493,2889,3768,3213,3367,5828,4373,2256,1404,360,33,2,27396,2684,3546,2932,3590,5550,3900,2521,1815,749,104,5
2017,10,읍면동,경기도 남양주시 와부읍,68609,6257,8641,8128,8346,13370,10793,6859,4452,1501,237,25,33848,3178,4445,4194,3984,6513,5562,3224,2090,585,68,5,34761,3079,4196,3934,4362,6857,5231,3635,2362,916,169,20
2017,10,읍면동,경기도 남양주시 조안면,4413,254,308,470,463,616,887,750,444,192,28,1,2294,140,156,250,240,344,466,397,221,74,5,1,2119,114,152,220,223,272,421,353,223,118,23,0
2017,10,읍면동,경기도 남양주시 지금동,19226,1923,2268,2270,2753,3758,2986,1926,947,330,54,11,9482,970,1192,1160,1323,1888,1487,920,419,114,5,4,9744,953,1076,1110,1430,1870,1499,1006,528,216,49,7
2017,10,읍면동,경기도 남양주시 진건읍,26834,1557,2616,3892,2949,4150,5646,3228,1908,769,103,16,13905,826,1367,2117,1573,2176,3064,1654,828,272,28,0,12929,731,1249,1775,1376,1974,2582,1574,1080,497,75,16
2017,10,읍면동,경기도 남양주시 진접읍,95856,11237,11837,10111,13614,18750,14222,8789,5217,1864,202,13,48446,5805,6146,5357,6550,9804,7425,4220,2389,694,52,4,47410,5432,5691,4754,7064,8946,6797,4569,2828,1170,150,9
2017,10,읍면동,경기도 남양주시 퇴계원면,31864,2498,3161,4605,4192,4916,6089,3654,1958,692,95,4,15870,1233,1627,2410,2149,2470,2975,1880,858,251,17,0,15994,1265,1534,2195,2043,2446,3114,1774,1100,441,78,4
2017,10,읍면동,경기도 남양주시 평내동,41129,4568,5896,4448,5865,8769,5657,3145,1956,736,84,5,20164,2316,2980,2250,2729,4347,2966,1480,829,248,19,0,20965,2252,2916,2198,3136,4422,2691,1665,1127,488,65,5
2017,10,읍면동,경기도 남양주시 호평동,51260,6925,6942,5016,8152,11111,6056,3720,2410,810,113,5,25147,3597,3567,2549,3725,5576,3102,1623,1086,295,25,2,26113,3328,3375,2467,4427,5535,2954,2097,1324,515,88,3
2017,10,읍면동,경기도 남양주시 화도읍,94560,9567,11471,10805,13336,18574,14474,8706,5460,1927,216,24,47463,4949,5967,5576,6590,9615,7574,4067,2408,663,49,5,47097,4618,5504,5229,6746,8959,6900,4639,3052,1264,167,19
2017,10,읍면동,경기도 남양주시 화도읍동부출장소,12888,1462,1181,1409,2236,2100,2014,1447,708,286,45,0,6626,755,653,745,1140,1104,1004,758,342,112,13,0,6262,707,528,664,1096,996,1010,689,366,174,32,0
2017,10,시군,경기도 동두천시 ,97161,8108,9960,11187,12183,16315,16253,10921,8366,3358,436,74,48379,4120,5146,5946,6207,8493,8437,5210,3447,1228,127,18,48782,3988,4814,5241,5976,7822,7816,5711,4919,2130,309,56
2017,10,읍면동,경기도 동두천시 보산동,3364,191,262,364,363,489,657,492,398,130,16,2,1623,99,146,206,179,257,333,217,148,35,3,0,1741,92,116,158,184,232,324,275,250,95,13,2
2017,10,읍면동,경기도 동두천시 불현동,27789,2357,3123,3457,3462,4642,4749,2882,2151,860,93,13,13677,1179,1548,1852,1738,2302,2440,1399,885,308,23,3,14112,1178,1575,1605,1724,2340,2309,1483,1266,552,70,10
2017,10,읍면동,경기도 동두천시 상패동,5458,284,338,571,564,831,1068,867,626,265,37,7,2868,147,179,319,326,476,599,433,286,88,13,2,2590,137,159,252,238,355,469,434,340,177,24,5
2017,10,읍면동,경기도 동두천시 생연1동,7334,567,671,840,921,1119,1327,900,692,259,34,4,3656,303,337,454,478,569,676,440,283,104,11,1,3678,264,334,386,443,550,651,460,409,155,23,3
2017,10,읍면동,경기도 동두천시 생연2동,11970,1001,1306,1268,1412,2062,1942,1326,1129,472,44,8,5924,534,711,662,691,1103,975,597,436,199,14,2,6046,467,595,606,721,959,967,729,693,273,30,6
2017,10,읍면동,경기도 동두천시 소요동,9184,528,584,1027,981,1304,1805,1384,1057,436,62,16,4770,261,321,590,525,747,983,675,485,163,16,4,4414,267,263,437,456,557,822,709,572,273,46,12
2017,10,읍면동,경기도 동두천시 송내동,26411,2994,3355,3024,3966,5087,3489,2135,1634,632,90,5,12953,1497,1725,1524,1963,2588,1768,977,658,227,23,3,13458,1497,1630,1500,2003,2499,1721,1158,976,405,67,2
2017,10,읍면동,경기도 동두천시 중앙동,5651,186,321,636,514,781,1216,935,679,304,60,19,2908,100,179,339,307,451,663,472,266,104,24,3,2743,86,142,297,207,330,553,463,413,200,36,16
2017,10,시군,경기도 부천시 ,849143,68919,83756,125520,130172,141966,153198,86757,40159,16294,2210,192,423487,35355,43214,64893,66716,71010,75473,43498,17755,5036,495,42,425656,33564,40542,60627,63456,70956,77725,43259,22404,11258,1715,150
2017,10,읍면동,경기도 부천시 고강1동,16389,1058,1574,2571,2093,2866,3209,1673,915,387,40,3,8189,503,822,1360,1110,1460,1612,813,377,119,12,1,8200,555,752,1211,983,1406,1597,860,538,268,28,2
2017,10,읍면동,경기도 부천시 고강본동,30247,1926,3209,4182,4066,5458,5458,3245,1936,684,76,7,15286,997,1674,2206,2208,2826,2763,1562,802,234,13,1,14961,929,1535,1976,1858,2632,2695,1683,1134,450,63,6
2017,10,읍면동,경기도 부천시 괴안동,21905,1647,2179,3215,3074,3639,3944,2352,1148,610,91,6,10759,838,1122,1674,1571,1782,1925,1163,469,191,22,2,11146,809,1057,1541,1503,1857,2019,1189,679,419,69,4
2017,10,읍면동,경기도 부천시 도당동,24232,1673,2628,3796,3133,4291,4895,2314,1074,389,37,2,12474,861,1383,2046,1657,2193,2575,1197,442,115,5,0,11758,812,1245,1750,1476,2098,2320,1117,632,274,32,2
2017,10,읍면동,경기도 부천시 범박동,38361,5278,4189,4296,7009,6577,5338,3448,1525,588,102,11,19023,2673,2138,2179,3393,3333,2639,1752,715,175,25,1,19338,2605,2051,2117,3616,3244,2699,1696,810,413,77,10
2017,10,읍면동,경기도 부천시 상1동,25803,2732,2631,3366,4935,4449,3998,2370,921,352,49,0,12713,1426,1354,1668,2456,2183,1841,1238,424,111,12,0,13090,1306,1277,1698,2479,2266,2157,1132,497,241,37,0
2017,10,읍면동,경기도 부천시 상2동,31780,3881,4309,4321,5181,6037,4943,1894,801,351,60,2,15570,1948,2240,2185,2413,2836,2544,962,329,102,10,1,16210,1933,2069,2136,2768,3201,2399,932,472,249,50,1
2017,10,읍면동,경기도 부천시 상3동,33171,3211,4804,5092,4021,6662,6126,2044,788,363,60,0,16505,1651,2435,2706,1819,3073,3239,1136,343,93,10,0,16666,1560,2369,2386,2202,3589,2887,908,445,270,50,0
2017,10,읍면동,경기도 부천시 상동,20051,1258,2020,3325,2591,3112,3958,2242,1029,438,71,7,9972,651,1090,1700,1282,1518,1937,1191,445,139,16,3,10079,607,930,1625,1309,1594,2021,1051,584,299,55,4
2017,10,읍면동,경기도 부천시 성곡동,44121,3118,4921,6659,5487,7628,8616,4364,2232,963,123,10,22207,1600,2513,3562,2834,3831,4359,2248,940,290,28,2,21914,1518,2408,3097,2653,3797,4257,2116,1292,673,95,8
2017,10,읍면동,경기도 부천시 소사동,9129,518,481,1181,1385,1300,1728,1430,783,258,59,6,4457,288,234,614,747,682,802,652,352,74,12,0,4672,230,247,567,638,618,926,778,431,184,47,6
2017,10,읍면동,경기도 부천시 소사본3동,32866,2716,3447,4663,4689,5154,6148,3793,1522,631,95,8,16134,1351,1729,2461,2334,2513,2960,1868,717,181,20,0,16732,1365,1718,2202,2355,2641,3188,1925,805,450,75,8
2017,10,읍면동,경기도 부천시 소사본동,25698,1667,1830,3930,3840,3731,4931,3417,1649,592,102,9,12918,847,931,2043,2100,1918,2395,1681,782,191,27,3,12780,820,899,1887,1740,1813,2536,1736,867,401,75,6
2017,10,읍면동,경기도 부천시 송내1동,23921,1907,2095,3653,3821,3640,4345,2762,1183,447,63,5,11826,968,1108,1896,1949,1779,2051,1379,531,154,10,1,12095,939,987,1757,1872,1861,2294,1383,652,293,53,4
2017,10,읍면동,경기도 부천시 송내2동,28144,2452,2867,4152,4304,4732,4912,2847,1277,537,59,5,13957,1254,1532,2155,2165,2356,2316,1405,589,163,20,2,14187,1198,1335,1997,2139,2376,2596,1442,688,374,39,3
2017,10,읍면동,경기도 부천시 신흥동,19512,1217,1685,3023,2713,3318,4085,2126,945,335,54,11,10488,673,920,1656,1510,1856,2232,1131,395,106,8,1,9024,544,765,1367,1203,1462,1853,995,550,229,46,10
2017,10,읍면동,경기도 부천시 심곡1동,13347,770,980,2053,2351,2128,2426,1584,736,282,34,3,6915,408,520,1068,1346,1108,1230,765,367,91,11,1,6432,362,460,985,1005,1020,1196,819,369,191,23,2
2017,10,읍면동,경기도 부천시 심곡2동,18784,966,1080,3384,3742,3102,3086,2041,972,358,45,8,9741,488,525,1642,2109,1753,1611,1013,464,124,11,1,9043,478,555,1742,1633,1349,1475,1028,508,234,34,7
2017,10,읍면동,경기도 부천시 심곡3동,13597,875,1233,2139,1997,2269,2704,1480,638,229,24,9,6961,454,653,1142,1102,1176,1352,732,265,75,7,3,6636,421,580,997,895,1093,1352,748,373,154,17,6
2017,10,읍면동,경기도 부천시 심곡본1동,18490,1036,1434,2756,2768,2924,3555,2340,1182,436,50,9,9281,529,724,1448,1533,1509,1707,1128,538,154,8,3,9209,507,710,1308,1235,1415,1848,1212,644,282,42,6
2017,10,읍면동,경기도 부천시 심곡본동,17847,1094,1362,2499,2737,2829,3134,2387,1285,448,68,4,8866,584,721,1282,1456,1453,1465,1138,600,153,13,1,8981,510,641,1217,1281,1376,1669,1249,685,295,55,3
2017,10,읍면동,경기도 부천시 약대동,19604,1934,1809,2973,3396,3153,3634,1755,657,253,33,7,9896,1000,928,1574,1724,1592,1773,917,301,75,9,3,9708,934,881,1399,1672,1561,1861,838,356,178,24,4
2017,10,읍면동,경기도 부천시 역곡1동,19462,1775,1785,2465,3212,3204,3159,2249,1089,460,58,6,9636,899,896,1252,1604,1706,1504,1113,495,151,16,0,9826,876,889,1213,1608,1498,1655,1136,594,309,42,6
2017,10,읍면동,경기도 부천시 역곡2동,20078,1724,1664,2952,3520,3256,3215,2200,1054,422,61,10,9868,871,842,1552,1747,1689,1512,1025,457,157,14,2,10210,853,822,1400,1773,1567,1703,1175,597,265,47,8
2017,10,읍면동,경기도 부천시 역곡3동,24466,1795,1979,3395,3927,3903,4193,2942,1605,643,76,8,12054,911,1002,1746,2068,1985,1995,1390,718,215,21,3,12412,884,977,1649,1859,1918,2198,1552,887,428,55,5
2017,10,읍면동,경기도 부천시 오정동,23137,2089,2211,3300,3710,3772,4182,2439,995,388,46,5,12007,1099,1209,1760,2021,1988,2102,1254,446,115,12,1,11130,990,1002,1540,1689,1784,2080,1185,549,273,34,4
2017,10,읍면동,경기도 부천시 원미1동,17909,1230,1665,2693,2510,2936,3485,2092,911,328,53,6,9167,645,898,1441,1341,1520,1739,1040,410,113,17,3,8742,585,767,1252,1169,1416,1746,1052,501,215,36,3
2017,10,읍면동,경기도 부천시 원미2동,13846,883,1129,1966,1888,2181,2763,1832,858,312,31,3,6978,457,545,1038,1029,1126,1373,898,402,101,9,0,6868,426,584,928,859,1055,1390,934,456,211,22,3
2017,10,읍면동,경기도 부천시 원종1동,24169,1677,2375,3713,3230,3998,4717,2613,1267,513,62,4,12187,877,1223,1982,1723,1968,2353,1340,542,163,15,1,11982,800,1152,1731,1507,2030,2364,1273,725,350,47,3
2017,10,읍면동,경기도 부천시 원종2동,24297,1705,2745,3861,3130,4435,4619,2050,1173,514,63,2,12122,879,1411,1995,1639,2213,2349,1042,447,137,10,0,12175,826,1334,1866,1491,2222,2270,1008,726,377,53,2
2017,10,읍면동,경기도 부천시 중1동,35416,2982,3601,5783,6402,6240,5997,2789,1026,526,68,2,17155,1534,1828,2779,3096,2957,2841,1497,453,152,18,0,18261,1448,1773,3004,3306,3283,3156,1292,573,374,50,2
2017,10,읍면동,경기도 부천시 중2동,33393,2773,3587,5349,5023,5246,6227,3345,1198,558,86,1,16342,1476,1834,2709,2440,2454,2896,1798,555,160,20,0,17051,1297,1753,2640,2583,2792,3331,1547,643,398,66,1
2017,10,읍면동,경기도 부천시 중3동,25566,2287,2557,3799,4414,3972,4545,2290,1098,543,60,1,12266,1145,1278,1874,2167,1869,2176,1127,483,136,11,0,13300,1142,1279,1925,2247,2103,2369,1163,615,407,49,1
2017,10,읍면동,경기도 부천시 중4동,20232,1756,1980,2974,3748,3289,3402,1823,815,384,58,3,9632,886,1006,1432,1881,1503,1618,847,340,108,11,0,10600,870,974,1542,1867,1786,1784,976,475,276,47,3
2017,10,읍면동,경기도 부천시 중동,24911,2184,2514,3871,3468,4255,4659,2440,1024,437,52,7,12233,1089,1327,1947,1702,2107,2236,1217,467,133,7,1,12678,1095,1187,1924,1766,2148,2423,1223,557,304,45,6
2017,10,읍면동,경기도 부천시 춘의동,15262,1125,1197,2170,2657,2280,2862,1745,848,335,41,2,7702,595,619,1119,1440,1195,1451,839,353,85,5,1,7560,530,578,1051,1217,1085,1411,906,495,250,36,1
2017,10,시군,경기도 성남시 ,969555,80963,100519,136167,151580,171585,156626,95501,52411,20557,3251,395,480341,41583,51762,69346,76031,85180,78380,46559,23525,7104,778,93,489214,39380,48757,66821,75549,86405,78246,48942,28886,13453,2473,302
2017,10,구,경기도 성남시 분당구 ,501201,46184,59818,69577,78082,93968,74840,41875,23843,11147,1797,70,242948,23688,30818,34498,37135,44142,37130,20385,10690,4005,447,10,258253,22496,29000,35079,40947,49826,37710,21490,13153,7142,1350,60
2017,10,읍면동,경기도 성남시 분당구 구미1동,18594,1487,2041,2960,2934,3355,2963,1491,858,439,65,1,9002,774,1062,1432,1425,1567,1456,738,362,172,13,1,9592,713,979,1528,1509,1788,1507,753,496,267,52,0
2017,10,읍면동,경기도 성남시 분당구 구미동,33124,2612,3364,4704,5046,5827,5234,3036,2020,1083,187,11,16018,1332,1737,2366,2464,2717,2601,1440,890,423,48,0,17106,1280,1627,2338,2582,3110,2633,1596,1130,660,139,11
2017,10,읍면동,경기도 성남시 분당구 금곡동,30134,2294,2850,4365,5061,4956,4643,3030,1854,947,131,3,14230,1157,1450,2089,2413,2337,2194,1448,787,325,30,0,15904,1137,1400,2276,2648,2619,2449,1582,1067,622,101,3
2017,10,읍면동,경기도 성남시 분당구 백현동,29319,3941,3516,3817,4978,5141,4371,2101,955,439,57,3,14254,2043,1843,1849,2296,2443,2176,1002,453,131,17,1,15065,1898,1673,1968,2682,2698,2195,1099,502,308,40,2
2017,10,읍면동,경기도 성남시 분당구 분당동,27964,2393,3418,4147,4043,5344,4215,2404,1289,607,100,4,13628,1229,1786,2073,1932,2509,2040,1190,609,230,29,1,14336,1164,1632,2074,2111,2835,2175,1214,680,377,71,3
2017,10,읍면동,경기도 성남시 분당구 삼평동,25608,3220,3292,3144,3859,5050,3805,1914,921,352,47,4,12486,1660,1681,1580,1756,2446,1885,945,415,109,8,1,13122,1560,1611,1564,2103,2604,1920,969,506,243,39,3
2017,10,읍면동,경기도 성남시 분당구 서현1동,32713,2803,4511,4648,4649,6652,4643,2353,1543,783,125,3,15799,1443,2325,2285,2128,3071,2387,1148,666,318,28,0,16914,1360,2186,2363,2521,3581,2256,1205,877,465,97,3
2017,10,읍면동,경기도 성남시 분당구 서현2동,19618,1633,2661,3039,2464,3778,3298,1532,755,394,61,3,9611,853,1370,1584,1176,1683,1666,783,348,135,12,1,10007,780,1291,1455,1288,2095,1632,749,407,259,49,2
2017,10,읍면동,경기도 성남시 분당구 수내1동,18169,1321,2482,2366,2659,3931,2479,1307,946,591,82,5,8699,676,1317,1172,1207,1777,1293,588,408,235,26,0,9470,645,1165,1194,1452,2154,1186,719,538,356,56,5
2017,10,읍면동,경기도 성남시 분당구 수내2동,10945,1143,2081,1078,985,2792,1390,749,453,230,43,1,5318,570,1043,575,404,1302,770,358,201,80,15,0,5627,573,1038,503,581,1490,620,391,252,150,28,1
2017,10,읍면동,경기도 성남시 분당구 수내3동,15001,1219,2648,2038,1802,3602,2079,929,455,192,36,1,7448,626,1390,1041,868,1690,1089,459,218,53,14,0,7553,593,1258,997,934,1912,990,470,237,139,22,1
2017,10,읍면동,경기도 성남시 분당구 야탑1동,18303,1556,1527,2897,3219,2926,2845,1910,987,356,78,2,8955,757,789,1465,1566,1458,1335,960,468,135,22,0,9348,799,738,1432,1653,1468,1510,950,519,221,56,2
2017,10,읍면동,경기도 성남시 분당구 야탑2동,17605,1408,1962,2435,2459,2950,2741,1975,1134,470,68,3,8433,711,1008,1219,1134,1361,1304,970,544,167,15,0,9172,697,954,1216,1325,1589,1437,1005,590,303,53,3
2017,10,읍면동,경기도 성남시 분당구 야탑3동,31265,2765,2701,4607,6136,4892,4930,2976,1541,606,105,6,15380,1414,1352,2390,3247,2396,2307,1444,642,171,16,1,15885,1351,1349,2217,2889,2496,2623,1532,899,435,89,5
2017,10,읍면동,경기도 성남시 분당구 운중동,20903,2375,2319,2561,3159,4002,3371,1962,746,337,71,0,10215,1194,1203,1259,1454,1950,1670,1010,366,99,10,0,10688,1181,1116,1302,1705,2052,1701,952,380,238,61,0
2017,10,읍면동,경기도 성남시 분당구 이매1동,27238,2581,3643,3685,3856,5184,4122,2245,1256,567,95,4,13296,1327,1873,1886,1815,2421,2058,1132,565,194,25,0,13942,1254,1770,1799,2041,2763,2064,1113,691,373,70,4
2017,10,읍면동,경기도 성남시 분당구 이매2동,14464,1122,2013,2044,1487,2729,2350,1467,802,383,64,3,7082,606,1086,1055,656,1228,1184,740,375,138,14,0,7382,516,927,989,831,1501,1166,727,427,245,50,3
2017,10,읍면동,경기도 성남시 분당구 정자1동,31072,2243,3541,4676,5586,6047,4255,2311,1667,647,96,3,14621,1122,1771,2045,2508,2740,2192,1101,800,310,30,2,16451,1121,1770,2631,3078,3307,2063,1210,867,337,66,1
2017,10,읍면동,경기도 성남시 분당구 정자2동,17393,1235,1741,2268,3461,2932,2513,1455,1070,604,110,4,8205,670,923,1074,1764,1314,1223,644,394,166,32,1,9188,565,818,1194,1697,1618,1290,811,676,438,78,3
2017,10,읍면동,경기도 성남시 분당구 정자3동,16484,1531,2094,2281,2487,3157,2449,1154,811,451,69,0,7923,812,1043,1144,1189,1445,1202,555,343,170,20,0,8561,719,1051,1137,1298,1712,1247,599,468,281,49,0
2017,10,읍면동,경기도 성남시 분당구 정자동,21092,1844,2175,3295,4112,3565,2909,1864,936,334,56,2,10485,945,1098,1635,2141,1725,1440,905,453,129,14,0,10607,899,1077,1660,1971,1840,1469,959,483,205,42,2
2017,10,읍면동,경기도 성남시 분당구 판교동,24193,3458,3238,2522,3640,5156,3235,1710,844,335,51,4,11860,1767,1668,1280,1592,2562,1658,825,383,115,9,1,12333,1691,1570,1242,2048,2594,1577,885,461,220,42,3
2017,10,구,경기도 성남시 수정구 ,237050,17521,19902,33864,37786,39198,40684,27509,14923,4775,711,177,120302,8933,10286,17755,20174,20886,20491,13252,6706,1596,176,47,116748,8588,9616,16109,17612,18312,20193,14257,8217,3179,535,130
2017,10,읍면동,경기도 성남시 수정구 고등동,1828,103,66,220,284,236,373,320,166,47,13,0,947,49,31,124,155,138,191,152,84,18,5,0,881,54,35,96,129,98,182,168,82,29,8,0
2017,10,읍면동,경기도 성남시 수정구 단대동,16900,1444,1465,2330,2715,2751,2786,1920,1050,365,64,10,8387,744,791,1202,1409,1397,1343,886,465,133,14,3,8513,700,674,1128,1306,1354,1443,1034,585,232,50,7
2017,10,읍면동,경기도 성남시 수정구 복정동,12595,1212,794,2181,3671,2032,1224,912,402,133,28,6,6767,632,350,1147,2070,1248,628,430,210,41,9,2,5828,580,444,1034,1601,784,596,482,192,92,19,4
2017,10,읍면동,경기도 성남시 수정구 산성동,14460,967,1279,1923,2146,2552,2426,1729,1060,314,39,25,7454,520,674,1003,1174,1402,1251,808,487,116,10,9,7006,447,605,920,972,1150,1175,921,573,198,29,16
2017,10,읍면동,경기도 성남시 수정구 수진1동,13715,588,997,1801,1758,2265,2744,1971,1150,354,70,17,7011,306,535,952,1006,1216,1397,952,506,118,16,7,6704,282,462,849,752,1049,1347,1019,644,236,54,10
2017,10,읍면동,경기도 성남시 수정구 수진2동,17864,1105,1461,2610,2596,2822,3280,2290,1293,340,52,15,9016,558,796,1357,1403,1463,1608,1090,601,122,15,3,8848,547,665,1253,1193,1359,1672,1200,692,218,37,12
2017,10,읍면동,경기도 성남시 수정구 시흥동,3337,241,201,403,569,458,556,535,267,89,16,2,1737,137,104,223,307,258,266,271,133,35,3,0,1600,104,97,180,262,200,290,264,134,54,13,2
2017,10,읍면동,경기도 성남시 수정구 신촌동,4824,642,474,726,947,772,543,442,195,74,9,0,2518,332,250,436,502,426,266,199,83,22,2,0,2306,310,224,290,445,346,277,243,112,52,7,0
2017,10,읍면동,경기도 성남시 수정구 신흥1동,14313,660,940,2105,2142,2386,2786,1886,1043,296,51,18,7405,336,502,1140,1210,1333,1435,894,448,92,12,3,6908,324,438,965,932,1053,1351,992,595,204,39,15
2017,10,읍면동,경기도 성남시 수정구 신흥2동,13148,1012,1280,1688,1949,2195,2393,1601,736,238,41,15,6689,499,656,889,996,1156,1226,810,363,82,7,5,6459,513,624,799,953,1039,1167,791,373,156,34,10
2017,10,읍면동,경기도 성남시 수정구 신흥3동,11222,501,798,1726,1642,1871,2131,1445,839,225,38,6,5827,249,416,921,924,1055,1105,696,374,72,15,0,5395,252,382,805,718,816,1026,749,465,153,23,6
2017,10,읍면동,경기도 성남시 수정구 양지동,10494,760,1133,1381,1436,1834,1792,1171,724,229,29,5,5228,384,608,689,763,948,896,537,318,75,9,1,5266,376,525,692,673,886,896,634,406,154,20,4
2017,10,읍면동,경기도 성남시 수정구 위례동,38434,4563,3530,5131,6797,6313,6278,3616,1510,616,78,2,18937,2291,1752,2659,3265,3210,3043,1844,678,180,15,0,19497,2272,1778,2472,3532,3103,3235,1772,832,436,63,2
2017,10,읍면동,경기도 성남시 수정구 태평1동,17437,827,1155,2976,2864,2632,3017,2239,1282,393,42,10,8849,426,576,1497,1614,1441,1492,1070,577,142,13,1,8588,401,579,1479,1250,1191,1525,1169,705,251,29,9
2017,10,읍면동,경기도 성남시 수정구 태평2동,16426,929,1460,2493,2185,2806,2965,1982,1136,395,60,15,8297,511,755,1303,1196,1460,1498,933,493,129,13,6,8129,418,705,1190,989,1346,1467,1049,643,266,47,9
2017,10,읍면동,경기도 성남시 수정구 태평3동,14882,887,1273,2091,2091,2527,2779,1796,1027,349,46,16,7552,418,674,1111,1126,1317,1460,881,437,112,13,3,7330,469,599,980,965,1210,1319,915,590,237,33,13
2017,10,읍면동,경기도 성남시 수정구 태평4동,15171,1080,1596,2079,1994,2746,2611,1654,1043,318,35,15,7681,541,816,1102,1054,1418,1386,799,449,107,5,4,7490,539,780,977,940,1328,1225,855,594,211,30,11
2017,10,구,경기도 성남시 중원구 ,231304,17258,20799,32726,35712,38419,41102,26117,13645,4635,743,148,117091,8962,10658,17093,18722,20152,20759,12922,6129,1503,155,36,114213,8296,10141,15633,16990,18267,20343,13195,7516,3132,588,112
2017,10,읍면동,경기도 성남시 중원구 금광1동,9130,624,698,1224,1497,1452,1741,1105,559,172,31,27,4783,338,342,653,825,793,919,568,274,58,8,5,4347,286,356,571,672,659,822,537,285,114,23,22
2017,10,읍면동,경기도 성남시 중원구 금광2동,27021,1715,2467,4252,4085,4468,4702,3091,1634,519,77,11,13157,873,1182,2044,2041,2251,2330,1506,729,181,18,2,13864,842,1285,2208,2044,2217,2372,1585,905,338,59,9
2017,10,읍면동,경기도 성남시 중원구 도촌동,27897,3437,2884,3409,4965,4896,4073,2517,1168,453,94,1,13631,1758,1499,1753,2377,2472,1888,1202,522,144,16,0,14266,1679,1385,1656,2588,2424,2185,1315,646,309,78,1
2017,10,읍면동,경기도 성남시 중원구 상대원1동,28068,2125,2369,3915,4651,4770,4994,3147,1495,520,72,10,14520,1118,1208,2140,2499,2613,2535,1562,668,158,17,2,13548,1007,1161,1775,2152,2157,2459,1585,827,362,55,8
2017,10,읍면동,경기도 성남시 중원구 상대원2동,15718,829,1293,2179,2061,2646,3235,1982,1083,336,64,10,8102,441,649,1167,1124,1450,1709,982,473,94,12,1,7616,388,644,1012,937,1196,1526,1000,610,242,52,9
2017,10,읍면동,경기도 성남시 중원구 상대원3동,13967,842,1193,2017,1953,2317,2792,1657,855,290,43,8,7264,446,635,1075,1097,1220,1460,860,383,79,6,3,6703,396,558,942,856,1097,1332,797,472,211,37,5
2017,10,읍면동,경기도 성남시 중원구 성남동,32006,1852,2453,5013,5327,4835,5678,3849,2111,760,105,23,16450,937,1270,2619,2918,2601,2874,1955,988,267,15,6,15556,915,1183,2394,2409,2234,2804,1894,1123,493,90,17
2017,10,읍면동,경기도 성남시 중원구 은행1동,12006,926,1482,1701,1613,2248,1891,1195,680,231,37,2,5924,483,713,875,830,1135,951,556,304,70,6,1,6082,443,769,826,783,1113,940,639,376,161,31,1
2017,10,읍면동,경기도 성남시 중원구 은행2동,27278,1985,2708,3753,3770,4732,4701,3022,1877,622,91,17,13523,1047,1389,1957,2024,2380,2334,1381,783,204,21,3,13755,938,1319,1796,1746,2352,2367,1641,1094,418,70,14
2017,10,읍면동,경기도 성남시 중원구 중앙동,15887,1178,1121,1844,2466,2630,2988,2083,1126,351,67,33,8360,623,619,981,1278,1482,1651,1038,515,133,27,13,7527,555,502,863,1188,1148,1337,1045,611,218,40,20
2017,10,읍면동,경기도 성남시 중원구 하대원동,22326,1745,2131,3419,3324,3425,4307,2469,1057,381,62,6,11377,898,1152,1829,1709,1755,2108,1312,490,115,9,0,10949,847,979,1590,1615,1670,2199,1157,567,266,53,6
2017,10,시군,경기도 수원시 ,1201514,114924,133738,185668,196719,215126,187774,93794,50154,20382,2985,250,605174,59195,69411,97709,101142,107423,95152,45919,21871,6583,703,66,596340,55729,64327,87959,95577,107703,92622,47875,28283,13799,2282,184
2017,10,구,경기도 수원시 권선구 ,363604,36182,36899,54579,63221,62330,58860,29755,14917,5948,847,66,183333,18532,19350,28208,32767,31528,29534,14694,6605,1909,187,19,180271,17650,17549,26371,30454,30802,29326,15061,8312,4039,660,47
2017,10,읍면동,경기도 수원시 권선구 곡선동,29472,2319,2762,5993,6452,5304,4184,1439,652,317,47,3,15476,1137,1433,3126,3618,2822,2209,747,281,88,13,2,13996,1182,1329,2867,2834,2482,1975,692,371,229,34,1
2017,10,읍면동,경기도 수원시 권선구 구운동,27068,1984,2651,4396,3983,4510,5027,2598,1320,525,69,5,13695,1014,1343,2314,2151,2275,2492,1330,578,182,15,1,13373,970,1308,2082,1832,2235,2535,1268,742,343,54,4
2017,10,읍면동,경기도 수원시 권선구 권선1동,25105,1713,2168,4590,4669,4063,4391,2088,943,418,56,6,12725,860,1188,2293,2478,2055,2230,1064,418,126,11,2,12380,853,980,2297,2191,2008,2161,1024,525,292,45,4
2017,10,읍면동,경기도 수원시 권선구 권선2동,51667,6876,5967,7476,9627,9089,7646,3186,1193,511,92,4,25534,3550,3182,3794,4622,4359,3700,1634,523,150,18,2,26133,3326,2785,3682,5005,4730,3946,1552,670,361,74,2
2017,10,읍면동,경기도 수원시 권선구 금곡동,43631,5515,5220,5726,7152,7922,6795,2900,1608,715,76,2,21709,2893,2785,2935,3470,3863,3415,1410,679,245,14,0,21922,2622,2435,2791,3682,4059,3380,1490,929,470,62,2
2017,10,읍면동,경기도 수원시 권선구 서둔동,41282,3360,4046,6319,6699,6916,6917,4050,2125,734,108,8,20928,1740,2103,3262,3622,3579,3474,1988,913,223,22,2,20354,1620,1943,3057,3077,3337,3443,2062,1212,511,86,6
2017,10,읍면동,경기도 수원시 권선구 세류1동,10955,1071,737,1639,2095,1562,1889,1128,566,224,35,9,5517,578,392,835,1116,797,928,530,250,81,9,1,5438,493,345,804,979,765,961,598,316,143,26,8
2017,10,읍면동,경기도 수원시 권선구 세류2동,25764,1548,2038,4079,4254,4181,4644,2880,1522,531,81,6,13145,779,1086,2131,2377,2180,2299,1392,700,174,24,3,12619,769,952,1948,1877,2001,2345,1488,822,357,57,3
2017,10,읍면동,경기도 수원시 권선구 세류3동,23288,1543,2090,3377,3542,3958,4097,2673,1402,513,84,9,11646,721,1113,1780,1895,2051,1982,1262,643,179,20,0,11642,822,977,1597,1647,1907,2115,1411,759,334,64,9
2017,10,읍면동,경기도 수원시 권선구 입북동,18243,2403,2185,2076,3009,3650,2653,1292,680,263,32,0,9166,1197,1114,1119,1423,1902,1365,641,311,86,8,0,9077,1206,1071,957,1586,1748,1288,651,369,177,24,0
2017,10,읍면동,경기도 수원시 권선구 평동,37195,3268,3976,5412,5547,6305,6562,3476,1791,740,106,12,18936,1711,2052,2887,2909,3131,3408,1747,831,237,19,4,18259,1557,1924,2525,2638,3174,3154,1729,960,503,87,8
2017,10,읍면동,경기도 수원시 권선구 호매실동,29934,4582,3059,3496,6192,4870,4055,2045,1115,457,61,2,14856,2352,1559,1732,3086,2514,2032,949,478,138,14,2,15078,2230,1500,1764,3106,2356,2023,1096,637,319,47,0
2017,10,구,경기도 수원시 영통구 ,348488,39976,44192,55398,63165,66667,46776,18598,9183,3940,568,25,175518,20574,22785,29000,31981,32801,24025,9152,3874,1196,124,6,172970,19402,21407,26398,31184,33866,22751,9446,5309,2744,444,19
2017,10,읍면동,경기도 수원시 영통구 광교1동,49830,6622,6983,6747,9294,10615,5978,2144,948,429,66,4,24566,3409,3474,3229,4393,5245,3204,1078,384,131,18,1,25264,3213,3509,3518,4901,5370,2774,1066,564,298,48,3
2017,10,읍면동,경기도 수원시 영통구 광교2동,25732,3957,2542,2647,5713,4448,3212,1891,959,314,49,0,12392,1985,1294,1281,2742,2201,1508,855,428,87,11,0,13340,1972,1248,1366,2971,2247,1704,1036,531,227,38,0
2017,10,읍면동,경기도 수원시 영통구 매탄1동,20412,1806,2497,3320,3082,3714,3208,1616,799,320,46,4,10249,916,1298,1860,1552,1789,1591,765,359,110,9,0,10163,890,1199,1460,1530,1925,1617,851,440,210,37,4
2017,10,읍면동,경기도 수원시 영통구 매탄2동,16306,1299,2003,2510,2295,2968,2759,1413,739,278,39,3,8135,692,1037,1278,1191,1452,1361,692,331,94,7,0,8171,607,966,1232,1104,1516,1398,721,408,184,32,3
2017,10,읍면동,경기도 수원시 영통구 매탄3동,38590,3821,5161,7135,6327,7410,5183,2067,972,450,61,3,20000,1966,2641,3963,3454,3636,2735,1054,414,122,15,0,18590,1855,2520,3172,2873,3774,2448,1013,558,328,46,3
2017,10,읍면동,경기도 수원시 영통구 매탄4동,23975,2038,2942,3954,3897,4410,3731,1731,824,382,63,3,11905,1068,1488,2108,1983,2133,1821,849,337,99,17,2,12070,970,1454,1846,1914,2277,1910,882,487,283,46,1
2017,10,읍면동,경기도 수원시 영통구 영통1동,41690,4792,5609,6569,7167,8387,5688,1921,1031,454,70,2,20918,2471,2925,3421,3544,4092,2944,945,402,159,13,2,20772,2321,2684,3148,3623,4295,2744,976,629,295,57,0
2017,10,읍면동,경기도 수원시 영통구 영통2동,46599,5761,6508,6662,8752,9361,6158,1816,990,526,62,3,23275,2940,3403,3327,4376,4528,3237,906,382,161,15,0,23324,2821,3105,3335,4376,4833,2921,910,608,365,47,3
2017,10,읍면동,경기도 수원시 영통구 원천동,24736,2536,2337,5061,5488,4082,2840,1405,687,257,42,1,12987,1297,1300,2712,2990,2204,1428,668,305,74,8,1,11749,1239,1037,2349,2498,1878,1412,737,382,183,34,0
2017,10,읍면동,경기도 수원시 영통구 태장동,60618,7344,7610,10793,11150,11272,8019,2594,1234,530,70,2,31091,3830,3925,5821,5756,5521,4196,1340,532,159,11,0,29527,3514,3685,4972,5394,5751,3823,1254,702,371,59,2
2017,10,구,경기도 수원시 장안구 ,294033,24960,34628,45714,40248,53133,48757,24811,14475,6279,948,80,147903,12910,18027,24887,20450,26186,24677,12144,6285,2084,232,21,146130,12050,16601,20827,19798,26947,24080,12667,8190,4195,716,59
2017,10,읍면동,경기도 수원시 장안구 송죽동,20681,1539,2099,3060,3326,3484,3650,1989,1028,436,66,4,10251,783,1089,1544,1707,1727,1796,991,449,146,18,1,10430,756,1010,1516,1619,1757,1854,998,579,290,48,3
2017,10,읍면동,경기도 수원시 장안구 연무동,19529,1048,1609,2930,2531,2922,3583,2451,1640,689,110,16,9943,565,822,1645,1456,1572,1763,1151,728,212,27,2,9586,483,787,1285,1075,1350,1820,1300,912,477,83,14
2017,10,읍면동,경기도 수원시 장안구 영화동,21564,1226,1533,2987,3169,3437,4191,2831,1559,521,90,20,10818,611,763,1547,1734,1802,2073,1355,715,194,18,6,10746,615,770,1440,1435,1635,2118,1476,844,327,72,14
2017,10,읍면동,경기도 수원시 장안구 율천동,44077,3913,5159,9575,6533,7289,6242,2932,1576,749,100,9,23219,1989,2747,5888,3402,3627,3167,1447,654,267,26,5,20858,1924,2412,3687,3131,3662,3075,1485,922,482,74,4
2017,10,읍면동,경기도 수원시 장안구 정자1동,34504,3578,4253,4865,4795,6610,5519,2706,1415,661,94,8,17161,1844,2270,2571,2331,3227,2788,1303,611,191,22,3,17343,1734,1983,2294,2464,3383,2731,1403,804,470,72,5
2017,10,읍면동,경기도 수원시 장안구 정자2동,32104,2684,3924,4589,4458,5834,5318,2781,1763,653,97,3,15941,1396,2046,2450,2217,2838,2652,1315,752,249,25,1,16163,1288,1878,2139,2241,2996,2666,1466,1011,404,72,2
2017,10,읍면동,경기도 수원시 장안구 정자3동,44897,4846,7783,6077,5446,10318,6525,2002,1251,566,80,3,22321,2530,3919,3146,2485,4941,3569,1021,526,165,19,0,22576,2316,3864,2931,2961,5377,2956,981,725,401,61,3
2017,10,읍면동,경기도 수원시 장안구 조원1동,31442,2318,3540,4719,4046,5515,5465,3002,1829,874,129,5,15812,1230,1858,2454,2169,2726,2755,1503,802,286,29,0,15630,1088,1682,2265,1877,2789,2710,1499,1027,588,100,5
2017,10,읍면동,경기도 수원시 장안구 조원2동,20194,1842,2464,3237,2310,3463,3740,1515,973,549,97,4,9774,962,1280,1665,1036,1548,1873,763,416,197,33,1,10420,880,1184,1572,1274,1915,1867,752,557,352,64,3
2017,10,읍면동,경기도 수원시 장안구 파장동,25041,1966,2264,3675,3634,4261,4524,2602,1441,581,85,8,12663,1000,1233,1977,1913,2178,2241,1295,632,177,15,2,12378,966,1031,1698,1721,2083,2283,1307,809,404,70,6
2017,10,구,경기도 수원시 팔달구 ,195389,13806,18019,29977,30085,32996,33381,20630,11579,4215,622,79,98420,7179,9249,15614,15944,16908,16916,9929,5107,1394,160,20,96969,6627,8770,14363,14141,16088,16465,10701,6472,2821,462,59
2017,10,읍면동,경기도 수원시 팔달구 고등동,10208,497,767,1390,1408,1684,1843,1407,893,266,44,9,5202,268,393,704,803,892,935,666,422,100,13,6,5006,229,374,686,605,792,908,741,471,166,31,3
2017,10,읍면동,경기도 수원시 팔달구 매교동,10494,499,675,1419,1560,1587,2087,1426,893,294,49,5,5475,261,354,781,888,898,1076,708,393,102,11,3,5019,238,321,638,672,689,1011,718,500,192,38,2
2017,10,읍면동,경기도 수원시 팔달구 매산동,11108,563,648,2014,1896,1586,1992,1362,737,256,48,6,5765,277,342,1034,1045,858,1034,708,350,99,15,3,5343,286,306,980,851,728,958,654,387,157,33,3
2017,10,읍면동,경기도 수원시 팔달구 우만1동,22326,1432,1989,3479,3546,3665,3777,2440,1383,540,66,9,11096,760,1052,1834,1949,1840,1809,1134,547,152,16,3,11230,672,937,1645,1597,1825,1968,1306,836,388,50,6
2017,10,읍면동,경기도 수원시 팔달구 우만2동,18308,1617,2207,3461,2746,3144,2727,1387,711,265,42,1,9217,839,1183,1953,1360,1508,1344,644,302,73,11,0,9091,778,1024,1508,1386,1636,1383,743,409,192,31,1
2017,10,읍면동,경기도 수원시 팔달구 인계동,44120,3445,3708,7387,8358,7570,6895,3939,1985,718,101,14,22413,1736,1953,3736,4451,4009,3454,1935,900,214,23,2,21707,1709,1755,3651,3907,3561,3441,2004,1085,504,78,12
2017,10,읍면동,경기도 수원시 팔달구 지동,13845,687,1102,1694,1809,2237,2622,1967,1246,428,45,8,7043,369,582,911,988,1221,1351,930,548,135,7,1,6802,318,520,783,821,1016,1271,1037,698,293,38,7
2017,10,읍면동,경기도 수원시 팔달구 행궁동,11188,401,648,1309,1349,1709,2308,1869,1123,391,72,9,5911,206,327,704,775,1018,1270,914,535,135,27,0,5277,195,321,605,574,691,1038,955,588,256,45,9
2017,10,읍면동,경기도 수원시 팔달구 화서1동,25073,2000,2638,3426,3408,4433,4267,2761,1475,569,84,12,12188,1017,1281,1735,1738,2167,2082,1310,627,208,22,1,12885,983,1357,1691,1670,2266,2185,1451,848,361,62,11
2017,10,읍면동,경기도 수원시 팔달구 화서2동,28719,2665,3637,4398,4005,5381,4863,2072,1133,488,71,6,14110,1446,1782,2222,1947,2497,2561,980,483,176,15,1,14609,1219,1855,2176,2058,2884,2302,1092,650,312,56,5
2017,10,시군,경기도 시흥시 ,414795,39965,49358,58384,61929,81493,71146,29596,15682,6290,887,65,217497,20579,25421,31773,33233,43067,39013,15551,6645,2002,193,20,197298,19386,23937,26611,28696,38426,32133,14045,9037,4288,694,45
2017,10,읍면동,경기도 시흥시 과림동,2129,55,65,193,219,236,565,480,215,89,10,2,1286,31,29,121,134,173,345,293,118,37,3,2,843,24,36,72,85,63,220,187,97,52,7,0
2017,10,읍면동,경기도 시흥시 군자동,25376,2441,2836,3369,3887,4556,4281,2275,1198,469,55,9,13255,1268,1467,1829,2153,2472,2271,1124,521,138,10,2,12121,1173,1369,1540,1734,2084,2010,1151,677,331,45,7
2017,10,읍면동,경기도 시흥시 능곡동,16018,1634,2543,1833,1793,3472,2604,1102,703,278,55,1,7914,841,1240,975,824,1692,1406,552,289,88,7,0,8104,793,1303,858,969,1780,1198,550,414,190,48,1
2017,10,읍면동,경기도 시흥시 대야동,32189,2082,3501,5080,3752,5434,6766,3142,1575,725,125,7,16382,1090,1801,2657,2002,2702,3556,1698,624,227,23,2,15807,992,1700,2423,1750,2732,3210,1444,951,498,102,5
2017,10,읍면동,경기도 시흥시 매화동,13527,1041,1629,1837,1471,2568,2469,1272,840,347,51,2,7010,522,862,1000,753,1346,1379,664,365,101,18,0,6517,519,767,837,718,1222,1090,608,475,246,33,2
2017,10,읍면동,경기도 시흥시 목감동,25341,3517,2065,2853,5137,3988,3778,2309,1131,487,69,7,12821,1764,1063,1458,2618,2154,1921,1164,515,151,10,3,12520,1753,1002,1395,2519,1834,1857,1145,616,336,59,4
2017,10,읍면동,경기도 시흥시 신천동,41373,2662,4852,6650,4719,7434,8607,3747,1875,709,107,11,21237,1385,2494,3532,2523,3710,4596,1989,763,220,25,0,20136,1277,2358,3118,2196,3724,4011,1758,1112,489,82,11
2017,10,읍면동,경기도 시흥시 신현동,11364,781,1070,1632,1250,1872,2423,1282,686,317,45,6,5948,398,553,904,678,984,1292,706,301,110,18,4,5416,383,517,728,572,888,1131,576,385,207,27,2
2017,10,읍면동,경기도 시흥시 연성동,24560,2238,3765,3379,2789,5414,4044,1477,1023,374,52,5,12510,1127,1996,1754,1373,2667,2279,733,438,128,13,2,12050,1111,1769,1625,1416,2747,1765,744,585,246,39,3
2017,10,읍면동,경기도 시흥시 월곶동,16301,1958,1567,1698,3000,3293,2425,1359,715,251,34,1,8481,987,829,887,1558,1796,1286,703,340,89,6,0,7820,971,738,811,1442,1497,1139,656,375,162,28,1
2017,10,읍면동,경기도 시흥시 은행동,29898,2549,4293,4589,3381,5841,5619,2053,1048,475,43,7,15013,1317,2224,2445,1639,2791,2961,1088,401,137,8,2,14885,1232,2069,2144,1742,3050,2658,965,647,338,35,5
2017,10,읍면동,경기도 시흥시 장곡동,18811,2192,3473,2341,2240,4438,2712,700,492,191,31,1,9437,1150,1792,1187,1000,2164,1545,349,173,62,14,1,9374,1042,1681,1154,1240,2274,1167,351,319,129,17,0
2017,10,읍면동,경기도 시흥시 정왕1동,26630,2233,2491,3882,5036,5805,4454,1729,725,240,34,1,15439,1135,1265,2312,3138,3560,2675,956,316,74,7,1,11191,1098,1226,1570,1898,2245,1779,773,409,166,27,0
2017,10,읍면동,경기도 시흥시 정왕2동,33977,3664,4689,5145,4903,7003,5483,1660,988,399,41,2,17582,1940,2406,2754,2508,3574,2998,863,392,139,7,1,16395,1724,2283,2391,2395,3429,2485,797,596,260,34,1
2017,10,읍면동,경기도 시흥시 정왕3동,26098,2518,2768,3594,4496,5365,4502,1697,793,312,53,0,14557,1282,1446,2026,2668,3129,2620,937,344,94,11,0,11541,1236,1322,1568,1828,2236,1882,760,449,218,42,0
2017,10,읍면동,경기도 시흥시 정왕4동,46771,6591,6354,6088,8198,9664,6452,1928,1033,406,56,1,23607,3438,3238,3195,3934,4816,3463,952,427,136,8,0,23164,3153,3116,2893,4264,4848,2989,976,606,270,48,1
2017,10,읍면동,경기도 시흥시 정왕본동,24432,1809,1397,4221,5658,5110,3962,1384,642,221,26,2,15018,904,716,2737,3730,3337,2420,780,318,71,5,0,9414,905,681,1484,1928,1773,1542,604,324,150,21,2
2017,10,시군,경기도 안산시 ,680569,55353,79676,107974,95614,127048,122134,52414,26853,11775,1630,98,348988,28196,41219,57449,51051,63999,64533,27068,11444,3672,337,20,331581,27157,38457,50525,44563,63049,57601,25346,15409,8103,1293,78
2017,10,구,경기도 안산시 단원구 ,308175,25264,36701,47600,43327,58132,56320,24040,11149,4946,645,51,159108,12858,19029,25472,23217,29489,29914,12629,4871,1485,133,11,149067,12406,17672,22128,20110,28643,26406,11411,6278,3461,512,40
2017,10,읍면동,경기도 안산시 단원구 고잔동,20906,1478,2528,3477,2770,3721,3852,1739,908,383,46,4,10479,737,1307,1853,1478,1807,1950,858,365,119,5,0,10427,741,1221,1624,1292,1914,1902,881,543,264,41,4
2017,10,읍면동,경기도 안산시 단원구 대부동,8356,329,462,826,722,964,1930,1631,968,445,72,7,4374,170,257,469,428,552,978,851,506,145,15,3,3982,159,205,357,294,412,952,780,462,300,57,4
2017,10,읍면동,경기도 안산시 단원구 백운동,20021,1537,2268,2968,2560,3439,4055,2081,792,273,41,7,10200,762,1177,1591,1331,1696,2059,1102,390,81,11,0,9821,775,1091,1377,1229,1743,1996,979,402,192,30,7
2017,10,읍면동,경기도 안산시 단원구 선부1동,11682,946,1101,1659,1887,1982,2183,1121,513,265,24,1,6015,487,563,949,1092,1023,1087,570,174,61,8,1,5667,459,538,710,795,959,1096,551,339,204,16,0
2017,10,읍면동,경기도 안산시 단원구 선부2동,22216,1504,2586,3418,2874,4468,4343,1759,853,352,56,3,12042,797,1373,1848,1622,2479,2513,903,387,103,16,1,10174,707,1213,1570,1252,1989,1830,856,466,249,40,2
2017,10,읍면동,경기도 안산시 단원구 선부3동,35312,2957,4398,5728,5201,6687,6358,2379,1054,495,50,5,18039,1486,2308,3028,2754,3320,3292,1282,422,139,7,1,17273,1471,2090,2700,2447,3367,3066,1097,632,356,43,4
2017,10,읍면동,경기도 안산시 단원구 신길동,24927,2459,2967,3460,3914,4705,4245,1944,838,350,43,2,13266,1277,1505,1941,2187,2530,2290,1022,407,98,9,0,11661,1182,1462,1519,1727,2175,1955,922,431,252,34,2
2017,10,읍면동,경기도 안산시 단원구 와동,44127,3608,5217,6872,6743,8722,7602,3031,1571,675,82,4,23182,1897,2712,3717,3759,4604,4114,1542,617,201,19,0,20945,1711,2505,3155,2984,4118,3488,1489,954,474,63,4
2017,10,읍면동,경기도 안산시 단원구 원곡동,7779,436,347,756,918,1635,1853,1004,569,235,21,5,4531,223,179,446,551,1023,1173,552,282,93,8,1,3248,213,168,310,367,612,680,452,287,142,13,4
2017,10,읍면동,경기도 안산시 단원구 중앙동,21558,1671,2429,3824,3392,3855,3758,1671,623,287,43,5,10706,817,1251,1944,1714,1877,1861,885,269,79,7,2,10852,854,1178,1880,1678,1978,1897,786,354,208,36,3
2017,10,읍면동,경기도 안산시 단원구 초지동,42813,4257,5738,6107,6514,8652,6716,2698,1395,634,97,5,21880,2155,2938,3333,3430,4279,3576,1372,584,197,15,1,20933,2102,2800,2774,3084,4373,3140,1326,811,437,82,4
2017,10,읍면동,경기도 안산시 단원구 호수동,48478,4082,6660,8505,5832,9302,9425,2982,1065,552,70,3,24394,2050,3459,4353,2871,4299,5021,1690,468,169,13,1,24084,2032,3201,4152,2961,5003,4404,1292,597,383,57,2
2017,10,구,경기도 안산시 상록구 ,372394,30089,42975,60374,52287,68916,65814,28374,15704,6829,985,47,189880,15338,22190,31977,27834,34510,34619,14439,6573,2187,204,9,182514,14751,20785,28397,24453,34406,31195,13935,9131,4642,781,38
2017,10,읍면동,경기도 안산시 상록구 반월동,19856,1643,1662,2556,2827,3184,3648,2479,1323,475,54,5,10076,836,828,1372,1518,1670,1830,1233,627,152,8,2,9780,807,834,1184,1309,1514,1818,1246,696,323,46,3
2017,10,읍면동,경기도 안산시 상록구 본오1동,43432,3914,5419,6520,6265,8602,7217,2885,1826,705,77,2,22282,1969,2765,3481,3343,4410,3900,1410,761,228,14,1,21150,1945,2654,3039,2922,4192,3317,1475,1065,477,63,1
2017,10,읍면동,경기도 안산시 상록구 본오2동,30302,2274,3939,4862,3765,5921,5322,2158,1394,597,69,1,14975,1162,1973,2440,1924,2872,2720,1100,575,192,17,0,15327,1112,1966,2422,1841,3049,2602,1058,819,405,52,1
2017,10,읍면동,경기도 안산시 상록구 본오3동,23025,1637,2442,3893,3355,4114,4267,1724,1043,478,72,0,11451,825,1237,1963,1788,2040,2095,893,427,168,15,0,11574,812,1205,1930,1567,2074,2172,831,616,310,57,0
2017,10,읍면동,경기도 안산시 상록구 부곡동,24369,2039,2808,3868,3106,4643,4455,1846,1111,440,51,2,12474,1052,1430,2051,1593,2349,2466,943,436,146,7,1,11895,987,1378,1817,1513,2294,1989,903,675,294,44,1
2017,10,읍면동,경기도 안산시 상록구 사동,38555,2975,4178,6602,6248,7263,6222,2313,1610,964,170,10,20053,1553,2195,3547,3540,3736,3382,1169,597,287,44,3,18502,1422,1983,3055,2708,3527,2840,1144,1013,677,126,7
2017,10,읍면동,경기도 안산시 상록구 사이동,35296,3409,4614,5446,4845,6658,6067,2477,1192,512,74,2,17855,1713,2410,2853,2506,3253,3183,1274,490,156,17,0,17441,1696,2204,2593,2339,3405,2884,1203,702,356,57,2
2017,10,읍면동,경기도 안산시 상록구 성포동,26456,1985,3286,4681,3060,4382,5359,2192,906,507,93,5,13043,1020,1704,2507,1477,1938,2662,1169,387,152,26,1,13413,965,1582,2174,1583,2444,2697,1023,519,355,67,4
2017,10,읍면동,경기도 안산시 상록구 안산동,10047,780,914,1363,1281,1600,1975,1287,575,233,35,4,5213,391,475,729,689,863,1052,663,257,86,7,1,4834,389,439,634,592,737,923,624,318,147,28,3
2017,10,읍면동,경기도 안산시 상록구 월피동,44739,3369,5642,7756,5661,8356,8366,3106,1610,763,104,6,22931,1754,3015,4174,3009,4023,4457,1616,645,220,18,0,21808,1615,2627,3582,2652,4333,3909,1490,965,543,86,6
2017,10,읍면동,경기도 안산시 상록구 이동,28592,1909,2264,5344,5138,5054,4800,2280,1267,452,77,7,15107,962,1231,2826,2903,2713,2598,1138,557,168,11,0,13485,947,1033,2518,2235,2341,2202,1142,710,284,66,7
2017,10,읍면동,경기도 안산시 상록구 일동,28267,2536,3187,4038,4350,5514,4528,2204,1354,486,68,2,14337,1246,1584,2108,2306,2907,2380,1050,574,169,13,0,13930,1290,1603,1930,2044,2607,2148,1154,780,317,55,2
2017,10,읍면동,경기도 안산시 상록구 해양동,19458,1619,2620,3445,2386,3625,3588,1423,493,217,41,1,10083,855,1343,1926,1238,1736,1894,781,240,63,7,0,9375,764,1277,1519,1148,1889,1694,642,253,154,34,1
2017,10,시군,경기도 안성시 ,183320,16881,19735,21198,25772,30713,29499,19714,12787,6196,783,42,93851,8662,10314,11554,13665,16409,15460,9915,5600,2079,184,9,89469,8219,9421,9644,12107,14304,14039,9799,7187,4117,599,33
2017,10,읍면동,경기도 안성시 고삼면,2050,66,118,219,166,243,414,377,278,152,17,0,1076,30,61,137,102,151,205,200,133,54,3,0,974,36,57,82,64,92,209,177,145,98,14,0
2017,10,읍면동,경기도 안성시 공도읍,57192,7601,7653,5828,9904,11523,7127,4060,2373,1023,100,0,28644,3869,3948,3031,4918,5968,3635,1939,982,333,21,0,28548,3732,3705,2797,4986,5555,3492,2121,1391,690,79,0
2017,10,읍면동,경기도 안성시 금광면,8356,755,873,815,1034,1322,1360,1050,730,373,40,4,4117,398,470,417,508,708,676,519,294,117,9,1,4239,357,403,398,526,614,684,531,436,256,31,3
2017,10,읍면동,경기도 안성시 대덕면,16760,1811,1208,2282,3512,2729,2428,1508,821,399,59,3,9310,960,612,1302,2075,1634,1386,787,387,151,16,0,7450,851,596,980,1437,1095,1042,721,434,248,43,3
2017,10,읍면동,경기도 안성시 미양면,6591,448,437,628,867,908,1168,1013,706,363,49,4,3496,225,222,367,515,560,612,553,319,113,9,1,3095,223,215,261,352,348,556,460,387,250,40,3
2017,10,읍면동,경기도 안성시 보개면,5954,243,421,652,554,717,1213,948,752,402,47,5,3154,129,262,360,339,433,646,505,333,139,8,0,2800,114,159,292,215,284,567,443,419,263,39,5
2017,10,읍면동,경기도 안성시 삼죽면,3836,132,425,444,319,404,724,647,483,238,18,2,2021,74,210,259,194,241,394,335,215,97,2,0,1815,58,215,185,125,163,330,312,268,141,16,2
2017,10,읍면동,경기도 안성시 서운면,3765,137,211,428,337,474,751,663,493,248,22,1,2001,73,128,256,193,283,419,329,223,91,5,1,1764,64,83,172,144,191,332,334,270,157,17,0
2017,10,읍면동,경기도 안성시 안성1동,12275,752,1227,1664,1353,1760,2340,1540,1083,485,65,6,6145,387,611,881,743,894,1195,754,488,174,16,2,6130,365,616,783,610,866,1145,786,595,311,49,4
2017,10,읍면동,경기도 안성시 안성2동,19124,1810,2332,2417,2676,3475,3119,1759,1009,468,56,3,9596,928,1210,1306,1347,1801,1587,851,418,128,18,2,9528,882,1122,1111,1329,1674,1532,908,591,340,38,1
2017,10,읍면동,경기도 안성시 안성3동,21160,1789,2800,3048,2426,3790,3642,1896,1187,503,75,4,10518,914,1489,1632,1197,1795,1891,919,503,161,17,0,10642,875,1311,1416,1229,1995,1751,977,684,342,58,4
2017,10,읍면동,경기도 안성시 양성면,5494,216,302,566,476,690,1149,957,635,427,74,2,2868,105,152,360,281,394,638,501,294,130,13,0,2626,111,150,206,195,296,511,456,341,297,61,2
2017,10,읍면동,경기도 안성시 원곡면,5071,353,365,541,637,742,1016,704,456,212,43,2,2707,179,195,307,363,446,545,378,206,74,13,1,2364,174,170,234,274,296,471,326,250,138,30,1
2017,10,읍면동,경기도 안성시 일죽면,8298,429,779,823,790,981,1556,1435,938,488,77,2,4313,230,437,453,460,565,818,743,414,169,23,1,3985,199,342,370,330,416,738,692,524,319,54,1
2017,10,읍면동,경기도 안성시 죽산면,7394,339,584,843,721,955,1492,1157,843,415,41,4,3885,161,307,486,430,536,813,602,391,148,11,0,3509,178,277,357,291,419,679,555,452,267,30,4
2017,10,시군,경기도 안양시 ,589785,48237,63119,86250,86869,101472,103444,58236,28720,11702,1585,151,292795,24681,32715,44797,44332,49430,50794,29249,12654,3716,388,39,296990,23556,30404,41453,42537,52042,52650,28987,16066,7986,1197,112
2017,10,구,경기도 안양시 동안구 ,334679,29017,39915,48198,48861,60993,56897,29649,13981,6233,858,77,164696,14847,20644,24972,24302,28939,27815,14979,6044,1930,205,19,169983,14170,19271,23226,24559,32054,29082,14670,7937,4303,653,58
2017,10,읍면동,경기도 안양시 동안구 갈산동,11901,886,1617,1756,1317,2144,2088,1193,565,282,46,7,5809,432,833,927,630,982,1025,610,258,95,13,4,6092,454,784,829,687,1162,1063,583,307,187,33,3
2017,10,읍면동,경기도 안양시 동안구 관양1동,39489,3043,3803,6355,5686,6209,7224,4049,2099,901,112,8,19396,1592,1945,3357,2982,2969,3394,1959,880,288,29,1,20093,1451,1858,2998,2704,3240,3830,2090,1219,613,83,7
2017,10,읍면동,경기도 안양시 동안구 관양2동,20153,1645,1779,3020,3453,3375,3485,1906,1035,403,48,4,10197,799,892,1642,1831,1723,1755,931,466,148,10,0,9956,846,887,1378,1622,1652,1730,975,569,255,38,4
2017,10,읍면동,경기도 안양시 동안구 귀인동,17532,1599,3508,2182,1454,4242,2640,1055,560,260,31,1,8667,867,1837,1082,605,1972,1410,544,239,105,6,0,8865,732,1671,1100,849,2270,1230,511,321,155,25,1
2017,10,읍면동,경기도 안양시 동안구 달안동,12112,1132,959,1604,2813,2145,1636,961,545,289,27,1,5613,602,504,731,1403,976,698,429,196,70,4,0,6499,530,455,873,1410,1169,938,532,349,219,23,1
2017,10,읍면동,경기도 안양시 동안구 범계동,16205,1348,2508,2241,2010,3380,2562,1079,682,339,53,3,7803,671,1342,1096,917,1524,1307,523,294,117,12,0,8402,677,1166,1145,1093,1856,1255,556,388,222,41,3
2017,10,읍면동,경기도 안양시 동안구 부림동,25664,2743,2710,3181,5377,5096,3569,1688,891,364,44,1,12423,1380,1404,1536,2679,2440,1683,824,352,114,10,1,13241,1363,1306,1645,2698,2656,1886,864,539,250,34,0
2017,10,읍면동,경기도 안양시 동안구 부흥동,18446,1741,2507,2320,2596,3673,2760,1659,737,394,55,4,8916,911,1324,1179,1230,1734,1301,814,310,100,13,0,9530,830,1183,1141,1366,1939,1459,845,427,294,42,4
2017,10,읍면동,경기도 안양시 동안구 비산1동,23219,2296,2755,3123,3249,4161,3988,2259,937,369,65,17,11349,1186,1387,1592,1582,2004,1900,1132,436,112,17,1,11870,1110,1368,1531,1667,2157,2088,1127,501,257,48,16
2017,10,읍면동,경기도 안양시 동안구 비산2동,12711,1004,1369,1983,1732,2125,2385,1284,551,218,52,8,6228,500,713,1036,839,991,1162,649,250,72,14,2,6483,504,656,947,893,1134,1223,635,301,146,38,6
2017,10,읍면동,경기도 안양시 동안구 비산3동,24938,1660,2483,4052,3320,3877,4827,2684,1306,633,93,3,12458,868,1287,2209,1770,1851,2346,1359,568,175,23,2,12480,792,1196,1843,1550,2026,2481,1325,738,458,70,1
2017,10,읍면동,경기도 안양시 동안구 신촌동,13993,1052,2020,2147,1688,2552,2600,1236,474,201,23,0,6911,520,1055,1112,831,1137,1299,672,221,59,5,0,7082,532,965,1035,857,1415,1301,564,253,142,18,0
2017,10,읍면동,경기도 안양시 동안구 평안동,25159,2807,4138,2859,3583,5842,3286,1459,752,387,42,4,12359,1427,2186,1467,1621,2800,1670,766,289,118,11,4,12800,1380,1952,1392,1962,3042,1616,693,463,269,31,0
2017,10,읍면동,경기도 안양시 동안구 평촌동,16379,1705,2089,2358,2124,3203,2849,1179,590,256,22,4,8081,878,1070,1239,984,1474,1471,609,252,95,7,2,8298,827,1019,1119,1140,1729,1378,570,338,161,15,2
2017,10,읍면동,경기도 안양시 동안구 호계1동,7034,522,526,1000,1199,1181,1312,774,354,136,27,3,3696,282,270,524,675,644,710,399,158,31,2,1,3338,240,256,476,524,537,602,375,196,105,25,2
2017,10,읍면동,경기도 안양시 동안구 호계2동,25573,1890,2602,4236,3796,3910,4959,2685,1013,424,53,5,12620,953,1319,2214,1935,1840,2366,1400,455,128,10,0,12953,937,1283,2022,1861,2070,2593,1285,558,296,43,5
2017,10,읍면동,경기도 안양시 동안구 호계3동,24171,1944,2542,3781,3464,3878,4727,2499,890,377,65,4,12170,979,1276,2029,1788,1878,2318,1359,420,103,19,1,12001,965,1266,1752,1676,2000,2409,1140,470,274,46,3
2017,10,구,경기도 안양시 만안구 ,255106,19220,23204,38052,38008,40479,46547,28587,14739,5469,727,74,128099,9834,12071,19825,20030,20491,22979,14270,6610,1786,183,20,127007,9386,11133,18227,17978,19988,23568,14317,8129,3683,544,54
2017,10,읍면동,경기도 안양시 만안구 박달1동,16784,1035,1474,2427,2123,2844,3287,1998,1141,396,53,6,8450,518,730,1267,1145,1494,1677,986,498,118,15,2,8334,517,744,1160,978,1350,1610,1012,643,278,38,4
2017,10,읍면동,경기도 안양시 만안구 박달2동,23175,2280,2543,3639,3623,3646,4038,2121,844,396,44,1,11649,1186,1329,1922,1852,1774,1961,1112,380,120,13,0,11526,1094,1214,1717,1771,1872,2077,1009,464,276,31,1
2017,10,읍면동,경기도 안양시 만안구 석수1동,20794,1814,1847,2875,3102,3353,3718,2279,1214,506,77,9,10238,944,972,1492,1525,1662,1761,1145,560,157,17,3,10556,870,875,1383,1577,1691,1957,1134,654,349,60,6
2017,10,읍면동,경기도 안양시 만안구 석수2동,33794,2737,3214,4875,4874,5539,6130,3603,2007,716,91,8,16966,1406,1721,2497,2497,2804,3104,1785,894,239,18,1,16828,1331,1493,2378,2377,2735,3026,1818,1113,477,73,7
2017,10,읍면동,경기도 안양시 만안구 석수3동,15111,1318,1740,2192,1961,2599,2785,1435,749,291,39,2,7582,644,915,1212,983,1307,1419,708,310,79,5,0,7529,674,825,980,978,1292,1366,727,439,212,34,2
2017,10,읍면동,경기도 안양시 만안구 안양1동,18307,1575,1814,2781,2901,3009,3176,1873,812,311,53,2,9088,785,903,1461,1460,1472,1554,949,373,111,20,0,9219,790,911,1320,1441,1537,1622,924,439,200,33,2
2017,10,읍면동,경기도 안양시 만안구 안양2동,22070,1325,1842,3519,3102,3326,4237,2732,1446,476,58,7,11111,691,964,1757,1670,1682,2123,1380,661,164,16,3,10959,634,878,1762,1432,1644,2114,1352,785,312,42,4
2017,10,읍면동,경기도 안양시 만안구 안양3동,17706,1099,1592,2693,2518,2736,3341,2228,1081,373,38,7,8844,560,855,1401,1372,1389,1572,1082,486,118,8,1,8862,539,737,1292,1146,1347,1769,1146,595,255,30,6
2017,10,읍면동,경기도 안양시 만안구 안양4동,7368,370,564,1148,1018,1131,1314,934,618,241,30,0,3712,186,298,555,588,597,668,459,257,96,8,0,3656,184,266,593,430,534,646,475,361,145,22,0
2017,10,읍면동,경기도 안양시 만안구 안양5동,13875,754,1100,1982,1891,2091,2669,1801,1094,438,50,5,6971,433,579,1016,1047,1061,1329,883,474,138,10,1,6904,321,521,966,844,1030,1340,918,620,300,40,4
2017,10,읍면동,경기도 안양시 만안구 안양6동,19308,1179,1357,2875,3408,2964,3429,2394,1221,424,47,10,9990,586,671,1535,1924,1584,1734,1207,562,164,19,4,9318,593,686,1340,1484,1380,1695,1187,659,260,28,6
2017,10,읍면동,경기도 안양시 만안구 안양7동,16181,1763,1514,2310,3032,2672,2665,1430,565,178,44,8,8136,911,790,1167,1543,1329,1329,710,286,58,10,3,8045,852,724,1143,1489,1343,1336,720,279,120,34,5
2017,10,읍면동,경기도 안양시 만안구 안양8동,12076,653,947,1937,1856,1848,2272,1513,732,272,44,2,6216,334,488,1074,1086,975,1077,759,341,73,9,0,5860,319,459,863,770,873,1195,754,391,199,35,2
2017,10,읍면동,경기도 안양시 만안구 안양9동,18557,1318,1656,2799,2599,2721,3486,2246,1215,451,59,7,9146,650,856,1469,1338,1361,1671,1105,528,151,15,2,9411,668,800,1330,1261,1360,1815,1141,687,300,44,5
2017,10,시군,경기도 양주시 ,211323,20444,24382,24205,27601,38446,34196,22243,13896,5183,686,41,107157,10438,12532,12910,14010,19854,18005,11012,6351,1872,163,10,104166,10006,11850,11295,13591,18592,16191,11231,7545,3311,523,31
2017,10,읍면동,경기도 양주시 광적면,12492,832,1070,1499,1308,2020,2593,1670,1029,424,43,4,6717,435,573,867,737,1119,1462,892,472,149,11,0,5775,397,497,632,571,901,1131,778,557,275,32,4
2017,10,읍면동,경기도 양주시 남면,7566,517,530,925,880,1005,1511,1132,657,340,65,4,4162,268,271,565,520,617,860,645,295,105,14,2,3404,249,259,360,360,388,651,487,362,235,51,2
2017,10,읍면동,경기도 양주시 백석읍,28160,2086,3148,3533,2952,4820,5300,3351,2052,809,103,6,14254,1066,1649,1867,1546,2418,2772,1694,922,296,23,1,13906,1020,1499,1666,1406,2402,2528,1657,1130,513,80,5
2017,10,읍면동,경기도 양주시 양주1동,5990,277,400,705,553,835,1234,1017,648,284,36,1,3104,153,209,362,314,461,639,562,288,108,7,1,2886,124,191,343,239,374,595,455,360,176,29,0
2017,10,읍면동,경기도 양주시 양주2동,53564,7184,7633,4786,7827,11415,6346,4467,2928,858,115,5,26274,3658,3814,2449,3622,5853,3197,1990,1359,313,19,0,27290,3526,3819,2337,4205,5562,3149,2477,1569,545,96,5
2017,10,읍면동,경기도 양주시 은현면,6595,242,442,776,637,880,1532,1083,663,298,40,2,3711,133,232,466,401,535,883,612,326,112,11,0,2884,109,210,310,236,345,649,471,337,186,29,2
2017,10,읍면동,경기도 양주시 장흥면,10269,604,630,1176,1249,1252,1980,1870,1025,402,76,5,5243,306,333,652,708,686,972,911,505,147,20,3,5026,298,297,524,541,566,1008,959,520,255,56,2
2017,10,읍면동,경기도 양주시 회천1동,10143,738,944,1558,1250,1645,1876,1133,694,266,31,8,5234,367,468,896,661,828,1027,574,316,89,6,2,4909,371,476,662,589,817,849,559,378,177,25,6
2017,10,읍면동,경기도 양주시 회천2동,28265,2302,3204,3792,3409,5078,5311,2815,1710,571,69,4,14335,1212,1665,1999,1751,2579,2786,1376,751,200,16,0,13930,1090,1539,1793,1658,2499,2525,1439,959,371,53,4
2017,10,읍면동,경기도 양주시 회천3동,29415,3003,4602,3466,3685,6217,4175,1969,1588,644,65,1,14561,1494,2377,1763,1788,3057,2223,915,671,247,25,1,14854,1509,2225,1703,1897,3160,1952,1054,917,397,40,0
2017,10,읍면동,경기도 양주시 회천4동,18864,2659,1779,1989,3851,3279,2338,1736,902,287,43,1,9562,1346,941,1024,1962,1701,1184,841,446,106,11,0,9302,1313,838,965,1889,1578,1154,895,456,181,32,1
2017,10,시군,경기도 양평군 ,114925,8309,10215,10933,11985,16687,21058,17975,11868,5107,741,47,58023,4275,5468,6022,6070,8822,10774,8905,5646,1832,200,9,56902,4034,4747,4911,5915,7865,10284,9070,6222,3275,541,38
2017,10,읍면동,경기도 양평군 강상면,9637,952,853,838,1275,1514,1642,1354,827,319,59,4,4806,477,448,449,630,771,819,658,414,124,16,0,4831,475,405,389,645,743,823,696,413,195,43,4
2017,10,읍면동,경기도 양평군 강하면,4540,206,294,361,394,556,928,1001,560,200,40,0,2291,106,166,200,219,287,455,476,290,81,11,0,2249,100,128,161,175,269,473,525,270,119,29,0
2017,10,읍면동,경기도 양평군 개군면,5020,272,349,428,442,629,999,883,685,297,35,1,2526,130,187,257,238,339,510,419,341,98,6,1,2494,142,162,171,204,290,489,464,344,199,29,0
2017,10,읍면동,경기도 양평군 단월면,3743,154,215,314,313,445,746,744,567,217,27,1,1921,71,133,175,174,265,356,401,260,81,5,0,1822,83,82,139,139,180,390,343,307,136,22,1
2017,10,읍면동,경기도 양평군 서종면,8993,658,741,643,883,1404,1719,1706,846,327,63,3,4518,336,400,350,430,721,849,848,442,120,21,1,4475,322,341,293,453,683,870,858,404,207,42,2
2017,10,읍면동,경기도 양평군 양동면,4647,185,226,349,340,476,939,992,696,389,49,6,2310,96,124,185,178,277,500,499,305,135,11,0,2337,89,102,164,162,199,439,493,391,254,38,6
2017,10,읍면동,경기도 양평군 양서면,12428,796,1027,1196,1329,1781,2309,2045,1310,550,81,4,6292,378,568,668,679,946,1169,1003,646,213,20,2,6136,418,459,528,650,835,1140,1042,664,337,61,2
2017,10,읍면동,경기도 양평군 양평읍,30736,2708,3492,3524,3778,5149,5281,3511,2245,911,125,12,15420,1415,1816,1892,1855,2604,2733,1747,1013,306,36,3,15316,1293,1676,1632,1923,2545,2548,1764,1232,605,89,9
2017,10,읍면동,경기도 양평군 옥천면,7460,535,524,741,788,1039,1424,1278,782,306,39,4,3806,281,276,431,399,580,716,611,391,111,10,0,3654,254,248,310,389,459,708,667,391,195,29,4
2017,10,읍면동,경기도 양평군 용문면,17236,1428,1841,1774,1759,2485,2885,2370,1788,796,105,5,8798,754,994,987,898,1323,1514,1168,841,287,30,2,8438,674,847,787,861,1162,1371,1202,947,509,75,3
2017,10,읍면동,경기도 양평군 지평면,6737,284,453,512,440,799,1406,1283,989,499,71,1,3410,165,246,282,233,460,723,668,437,169,27,0,3327,119,207,230,207,339,683,615,552,330,44,1
2017,10,읍면동,경기도 양평군 청운면,3748,131,200,253,244,410,780,808,573,296,47,6,1925,66,110,146,137,249,430,407,266,107,7,0,1823,65,90,107,107,161,350,401,307,189,40,6
2017,10,시군,경기도 여주시 ,111982,8657,10987,12309,13206,17239,19970,14771,9757,4426,622,38,56617,4525,5579,6683,6790,9059,10401,7434,4438,1574,121,13,55365,4132,5408,5626,6416,8180,9569,7337,5319,2852,501,25
2017,10,읍면동,경기도 여주시 가남읍,15938,1314,1520,1686,2194,2433,2747,2061,1295,598,84,6,8227,668,773,928,1184,1323,1458,1058,591,222,19,3,7711,646,747,758,1010,1110,1289,1003,704,376,65,3
2017,10,읍면동,경기도 여주시 강천면,4012,151,298,371,328,531,792,734,490,275,40,2,2062,83,160,201,183,302,435,359,241,94,3,1,1950,68,138,170,145,229,357,375,249,181,37,1
2017,10,읍면동,경기도 여주시 금사면,3085,130,183,257,234,352,643,654,412,188,30,2,1568,61,103,147,137,183,342,319,198,73,5,0,1517,69,80,110,97,169,301,335,214,115,25,2
2017,10,읍면동,경기도 여주시 능서면,6578,327,553,615,601,756,1354,1082,815,408,67,0,3412,148,298,356,326,448,731,583,372,130,20,0,3166,179,255,259,275,308,623,499,443,278,47,0
2017,10,읍면동,경기도 여주시 대신면,7610,271,541,670,552,906,1607,1403,1078,513,65,4,3805,142,281,384,317,489,792,712,481,190,15,2,3805,129,260,286,235,417,815,691,597,323,50,2
2017,10,읍면동,경기도 여주시 북내면,5099,194,463,502,330,724,1015,790,694,338,46,3,2595,98,234,280,180,394,552,415,305,125,11,1,2504,96,229,222,150,330,463,375,389,213,35,2
2017,10,읍면동,경기도 여주시 산북면,2536,125,190,216,197,309,466,487,367,154,24,1,1237,55,90,119,94,168,228,245,174,59,5,0,1299,70,100,97,103,141,238,242,193,95,19,1
2017,10,읍면동,경기도 여주시 여흥동,22125,2038,2234,2745,3005,3761,3772,2481,1451,545,84,9,11120,1059,1125,1493,1494,1935,1932,1230,665,176,8,3,11005,979,1109,1252,1511,1826,1840,1251,786,369,76,6
2017,10,읍면동,경기도 여주시 오학동,15334,1885,1578,1760,2569,2691,2380,1344,770,304,47,6,7635,1014,783,917,1253,1361,1197,656,335,109,8,2,7699,871,795,843,1316,1330,1183,688,435,195,39,4
2017,10,읍면동,경기도 여주시 점동면,4861,195,441,487,327,542,946,908,641,328,46,0,2513,119,231,278,180,302,515,461,298,116,13,0,2348,76,210,209,147,240,431,447,343,212,33,0
2017,10,읍면동,경기도 여주시 중앙동,19605,1793,2635,2523,2466,3645,3146,1866,1050,434,45,2,9737,935,1328,1305,1218,1820,1631,889,452,151,7,1,9868,858,1307,1218,1248,1825,1515,977,598,283,38,1
2017,10,읍면동,경기도 여주시 흥천면,5199,234,351,477,403,589,1102,961,694,341,44,3,2706,143,173,275,224,334,588,507,326,129,7,0,2493,91,178,202,179,255,514,454,368,212,37,3
2017,10,시군,경기도 연천군 ,45454,3466,3672,5857,4824,5659,7801,6465,5092,2248,338,32,23829,1796,1953,3750,2617,3127,4172,3260,2247,813,83,11,21625,1670,1719,2107,2207,2532,3629,3205,2845,1435,255,21
2017,10,읍면동,경기도 연천군 군남면,3536,153,225,381,256,382,678,634,551,244,30,2,1869,72,118,249,150,238,366,334,244,89,8,1,1667,81,107,132,106,144,312,300,307,155,22,1
2017,10,읍면동,경기도 연천군 미산면,1766,62,82,180,95,162,391,374,274,124,19,3,927,33,44,114,52,97,212,201,127,41,5,1,839,29,38,66,43,65,179,173,147,83,14,2
2017,10,읍면동,경기도 연천군 백학면,2844,142,199,290,220,312,555,472,452,182,20,0,1506,72,111,192,130,183,292,239,209,72,6,0,1338,70,88,98,90,129,263,233,243,110,14,0
2017,10,읍면동,경기도 연천군 신서면,2972,89,149,364,199,277,543,613,500,209,27,2,1590,42,77,270,123,174,299,291,221,84,8,1,1382,47,72,94,76,103,244,322,279,125,19,1
2017,10,읍면동,경기도 연천군 연천읍,8371,840,560,1413,1068,920,1209,985,911,405,57,3,4536,440,302,979,594,529,669,474,381,152,16,0,3835,400,258,434,474,391,540,511,530,253,41,3
2017,10,읍면동,경기도 연천군 왕징면,1101,43,49,97,66,104,184,254,214,75,13,2,575,29,24,60,38,66,101,125,101,27,3,1,526,14,25,37,28,38,83,129,113,48,10,1
2017,10,읍면동,경기도 연천군 장남면,752,32,38,62,43,91,155,136,136,46,13,0,383,16,23,39,23,52,78,72,64,16,0,0,369,16,15,23,20,39,77,64,72,30,13,0
2017,10,읍면동,경기도 연천군 전곡읍,19726,1905,2115,2533,2485,2926,3217,2222,1469,719,120,15,10130,1000,1108,1469,1285,1514,1682,1140,651,245,30,6,9596,905,1007,1064,1200,1412,1535,1082,818,474,90,9
2017,10,읍면동,경기도 연천군 중면,218,15,11,59,22,13,33,35,16,12,2,0,123,7,4,48,10,6,18,20,7,3,0,0,95,8,7,11,12,7,15,15,9,9,2,0
2017,10,읍면동,경기도 연천군 청산면,4168,185,244,478,370,472,836,740,569,232,37,5,2190,85,142,330,212,268,455,364,242,84,7,1,1978,100,102,148,158,204,381,376,327,148,30,4
2017,10,시군,경기도 오산시 ,211725,26629,24598,27142,39984,39661,27902,14361,8112,2915,387,34,108676,13703,12596,14447,20915,20921,14462,7034,3490,1017,84,7,103049,12926,12002,12695,19069,18740,13440,7327,4622,1898,303,27
2017,10,읍면동,경기도 오산시 남촌동,21976,1452,1568,4280,5744,3856,2647,1421,722,245,36,5,12624,745,815,2403,3612,2336,1535,737,346,87,7,1,9352,707,753,1877,2132,1520,1112,684,376,158,29,4
2017,10,읍면동,경기도 오산시 대원동,66827,8663,8171,8781,12352,12810,8661,4141,2356,774,112,6,34225,4443,4303,4691,6306,6655,4521,2016,990,271,29,0,32602,4220,3868,4090,6046,6155,4140,2125,1366,503,83,6
2017,10,읍면동,경기도 오산시 세마동,19684,2910,2328,2179,3469,3804,2600,1404,703,242,39,6,10020,1538,1169,1175,1654,2023,1337,703,325,86,9,1,9664,1372,1159,1004,1815,1781,1263,701,378,156,30,5
2017,10,읍면동,경기도 오산시 신장동,58713,8472,6502,6592,11294,10368,7805,4306,2388,868,110,8,29390,4345,3252,3437,5739,5385,3820,2087,1014,288,23,0,29323,4127,3250,3155,5555,4983,3985,2219,1374,580,87,8
2017,10,읍면동,경기도 오산시 중앙동,27535,2997,3714,3481,4104,5474,3912,2010,1261,515,63,4,13807,1521,1876,1805,2084,2757,2062,979,525,187,10,1,13728,1476,1838,1676,2020,2717,1850,1031,736,328,53,3
2017,10,읍면동,경기도 오산시 초평동,16990,2135,2315,1829,3021,3349,2277,1079,682,271,27,5,8610,1111,1181,936,1520,1765,1187,512,290,98,6,4,8380,1024,1134,893,1501,1584,1090,567,392,173,21,1
2017,10,시군,경기도 용인시 ,1002148,108551,125500,120816,148214,197067,138229,84663,55544,20419,2993,152,498207,55692,65023,62407,71797,98359,71222,39310,25739,7877,761,20,503941,52859,60477,58409,76417,98708,67007,45353,29805,12542,2232,132
2017,10,구,경기도 용인시 기흥구 ,419124,49793,52566,48566,64987,84643,54367,33208,22012,7734,1194,54,207341,25569,27051,25074,31080,42266,27607,15126,10204,3050,307,7,211783,24224,25515,23492,33907,42377,26760,18082,11808,4684,887,47
2017,10,읍면동,경기도 용인시 기흥구 구갈동,26652,2169,2907,4390,4398,4829,4167,2116,1196,413,64,3,13360,1101,1473,2189,2300,2432,2137,1024,552,136,16,0,13292,1068,1434,2201,2098,2397,2030,1092,644,277,48,3
2017,10,읍면동,경기도 용인시 기흥구 구성동,40716,4695,5102,3885,5680,8479,4974,3927,2888,942,138,6,19754,2402,2620,2013,2612,4202,2431,1701,1325,425,22,1,20962,2293,2482,1872,3068,4277,2543,2226,1563,517,116,5
2017,10,읍면동,경기도 용인시 기흥구 기흥동,22636,2671,2370,2513,3701,4184,3219,2194,1265,453,63,3,11218,1348,1253,1323,1817,2138,1550,1011,609,149,20,0,11418,1323,1117,1190,1884,2046,1669,1183,656,304,43,3
2017,10,읍면동,경기도 용인시 기흥구 동백동,81210,11302,13228,7580,11603,19380,8986,4762,3170,1032,156,11,39794,5765,6829,3850,5036,9613,4739,2097,1428,393,41,3,41416,5537,6399,3730,6567,9767,4247,2665,1742,639,115,8
2017,10,읍면동,경기도 용인시 기흥구 마북동,32893,3253,3526,3944,4724,5833,4585,3460,2539,900,124,5,16145,1685,1789,2059,2294,2856,2268,1537,1241,379,37,0,16748,1568,1737,1885,2430,2977,2317,1923,1298,521,87,5
2017,10,읍면동,경기도 용인시 기흥구 보정동,36621,4122,4495,3898,5264,7433,4454,3404,2611,816,122,2,17974,2163,2280,1970,2422,3620,2283,1535,1296,374,31,0,18647,1959,2215,1928,2842,3813,2171,1869,1315,442,91,2
2017,10,읍면동,경기도 용인시 기흥구 상갈동,46339,5034,6061,5168,6761,9491,6123,3863,2789,911,129,9,23342,2634,3150,2664,3360,4841,3191,1773,1309,381,37,2,22997,2400,2911,2504,3401,4650,2932,2090,1480,530,92,7
2017,10,읍면동,경기도 용인시 기흥구 상하동,25289,2695,3253,3015,3530,5101,3687,2124,1342,473,65,4,12381,1375,1682,1577,1668,2479,1850,971,596,170,13,0,12908,1320,1571,1438,1862,2622,1837,1153,746,303,52,4
2017,10,읍면동,경기도 용인시 기흥구 서농동,25124,3875,2230,4473,5572,3909,2874,1309,641,199,41,1,12841,1988,1148,2405,2903,2015,1398,621,289,64,10,0,12283,1887,1082,2068,2669,1894,1476,688,352,135,31,1
2017,10,읍면동,경기도 용인시 기흥구 신갈동,36504,3777,4209,4506,5505,7143,5376,3042,2069,760,110,7,18090,1910,2142,2286,2706,3604,2793,1427,893,300,28,1,18414,1867,2067,2220,2799,3539,2583,1615,1176,460,82,6
2017,10,읍면동,경기도 용인시 기흥구 영덕동,45140,6200,5185,5194,8249,8861,5922,3007,1502,835,182,3,22442,3198,2685,2738,3962,4466,2967,1429,666,279,52,0,22698,3002,2500,2456,4287,4395,2955,1578,836,556,130,3
2017,10,구,경기도 용인시 수지구 ,351912,38269,46225,41890,51165,71725,46162,28674,19993,6793,977,39,172106,19671,23604,21054,23864,34849,23696,12904,9473,2737,249,5,179806,18598,22621,20836,27301,36876,22466,15770,10520,4056,728,34
2017,10,읍면동,경기도 용인시 수지구 동천동,36585,4011,4619,4390,5311,7605,5034,3109,1839,563,99,5,18070,2090,2348,2218,2490,3727,2558,1507,892,222,18,0,18515,1921,2271,2172,2821,3878,2476,1602,947,341,81,5
2017,10,읍면동,경기도 용인시 수지구 상현1동,47977,5320,6503,5779,7059,9818,6144,3846,2512,856,136,4,23307,2710,3305,2851,3260,4732,3200,1679,1210,333,27,0,24670,2610,3198,2928,3799,5086,2944,2167,1302,523,109,4
2017,10,읍면동,경기도 용인시 수지구 상현2동,33635,3549,4622,3708,4423,6817,4403,3072,2249,687,100,5,16368,1837,2368,1849,2024,3294,2254,1356,1077,277,32,0,17267,1712,2254,1859,2399,3523,2149,1716,1172,410,68,5
2017,10,읍면동,경기도 용인시 수지구 성복동,38405,3868,4655,3952,4563,7291,5148,4648,3205,917,152,6,18476,1959,2363,2039,1916,3493,2533,2031,1679,419,42,2,19929,1909,2292,1913,2647,3798,2615,2617,1526,498,110,4
2017,10,읍면동,경기도 용인시 수지구 신봉동,37841,4160,5416,3830,4719,8379,4850,3135,2433,811,104,4,18411,2096,2777,1975,2067,4035,2522,1359,1192,366,22,0,19430,2064,2639,1855,2652,4344,2328,1776,1241,445,82,4
2017,10,읍면동,경기도 용인시 수지구 죽전1동,59200,6670,7904,7395,8721,12076,7703,4337,3098,1130,159,7,28895,3442,4029,3723,4068,5880,3894,1971,1396,448,43,1,30305,3228,3875,3672,4653,6196,3809,2366,1702,682,116,6
2017,10,읍면동,경기도 용인시 수지구 죽전2동,19394,1929,1877,2864,3696,3353,2740,1533,958,400,44,0,9542,991,978,1396,1852,1636,1363,722,444,151,9,0,9852,938,899,1468,1844,1717,1377,811,514,249,35,0
2017,10,읍면동,경기도 용인시 수지구 풍덕천1동,36907,3600,4326,5183,6240,6959,5095,2749,1959,691,103,2,18430,1837,2255,2668,3212,3436,2616,1282,848,244,32,0,18477,1763,2071,2515,3028,3523,2479,1467,1111,447,71,2
2017,10,읍면동,경기도 용인시 수지구 풍덕천2동,41968,5162,6303,4789,6433,9427,5045,2245,1740,738,80,6,20607,2709,3181,2335,2975,4616,2756,997,735,277,24,2,21361,2453,3122,2454,3458,4811,2289,1248,1005,461,56,4
2017,10,구,경기도 용인시 처인구 ,231112,20489,26709,30360,32062,40699,37700,22781,13539,5892,822,59,118760,10452,14368,16279,16853,21244,19919,11280,6062,2090,205,8,112352,10037,12341,14081,15209,19455,17781,11501,7477,3802,617,51
2017,10,읍면동,경기도 용인시 처인구 남사면,6926,285,527,718,643,1007,1401,1103,770,405,62,5,3687,150,269,395,371,602,807,567,348,160,18,0,3239,135,258,323,272,405,594,536,422,245,44,5
2017,10,읍면동,경기도 용인시 처인구 동부동,14237,1025,1510,2032,1788,2511,2621,1559,822,317,47,5,7279,518,832,1073,961,1262,1348,787,374,113,11,0,6958,507,678,959,827,1249,1273,772,448,204,36,5
2017,10,읍면동,경기도 용인시 처인구 모현면,26532,2500,2570,3303,3768,4602,4449,2966,1636,644,86,8,13964,1334,1347,1809,1986,2488,2450,1512,773,246,17,2,12568,1166,1223,1494,1782,2114,1999,1454,863,398,69,6
2017,10,읍면동,경기도 용인시 처인구 백암면,9058,336,887,1033,786,1186,1783,1417,991,543,89,7,4755,179,465,581,466,701,963,744,434,199,22,1,4303,157,422,452,320,485,820,673,557,344,67,6
2017,10,읍면동,경기도 용인시 처인구 양지면,19284,1505,2821,2410,2546,3141,3165,1992,1078,534,87,5,10366,808,1711,1369,1371,1674,1678,1040,511,179,24,1,8918,697,1110,1041,1175,1467,1487,952,567,355,63,4
2017,10,읍면동,경기도 용인시 처인구 역삼동,32265,3546,3643,4895,5486,5663,4614,2444,1387,510,70,7,16196,1764,1911,2530,2833,2793,2322,1198,631,189,24,1,16069,1782,1732,2365,2653,2870,2292,1246,756,321,46,6
2017,10,읍면동,경기도 용인시 처인구 원삼면,7877,419,602,761,763,1115,1531,1340,872,417,53,4,4084,214,295,429,439,640,802,695,411,145,14,0,3793,205,307,332,324,475,729,645,461,272,39,4
2017,10,읍면동,경기도 용인시 처인구 유림동,33131,3581,4617,4062,4745,6827,4833,2358,1476,567,63,2,16690,1757,2436,2107,2378,3414,2621,1130,627,198,22,0,16441,1824,2181,1955,2367,3413,2212,1228,849,369,41,2
2017,10,읍면동,경기도 용인시 처인구 이동면,21395,2066,2143,2217,2928,3750,3747,2348,1412,672,106,6,10895,1037,1132,1268,1507,2034,1960,1107,609,216,25,0,10500,1029,1011,949,1421,1716,1787,1241,803,456,81,6
2017,10,읍면동,경기도 용인시 처인구 중앙동,25193,1985,2603,4155,3602,4362,4153,2405,1307,541,71,9,12680,1005,1372,2154,1898,2228,2087,1150,575,193,15,3,12513,980,1231,2001,1704,2134,2066,1255,732,348,56,6
2017,10,읍면동,경기도 용인시 처인구 포곡읍,35214,3241,4786,4774,5007,6535,5403,2849,1788,742,88,1,18164,1686,2598,2564,2643,3408,2881,1350,769,252,13,0,17050,1555,2188,2210,2364,3127,2522,1499,1019,490,75,1
2017,10,시군,경기도 의왕시 ,155908,13581,16163,22069,21758,26373,28006,15950,7926,3505,535,42,77835,7024,8274,11616,11243,12966,13807,8065,3589,1116,125,10,78073,6557,7889,10453,10515,13407,14199,7885,4337,2389,410,32
2017,10,읍면동,경기도 의왕시 고천동,12517,980,1128,1593,1814,1867,2282,1688,782,332,50,1,6315,509,569,861,969,939,1095,882,380,97,13,1,6202,471,559,732,845,928,1187,806,402,235,37,0
2017,10,읍면동,경기도 의왕시 내손1동,22405,1862,2561,3535,2810,3871,4347,2008,891,447,64,9,10991,953,1335,1818,1362,1816,2150,1017,383,145,11,1,11414,909,1226,1717,1448,2055,2197,991,508,302,53,8
2017,10,읍면동,경기도 의왕시 내손2동,33318,3117,3140,5142,4913,5510,6056,3128,1462,725,119,6,16510,1574,1658,2699,2478,2663,3010,1594,603,207,23,1,16808,1543,1482,2443,2435,2847,3046,1534,859,518,96,5
2017,10,읍면동,경기도 의왕시 부곡동,26606,2070,2609,3797,3710,4380,4635,2728,1748,822,98,9,13568,1089,1302,2046,2096,2241,2341,1353,780,288,29,3,13038,981,1307,1751,1614,2139,2294,1375,968,534,69,6
2017,10,읍면동,경기도 의왕시 오전동,39543,3456,4600,5272,5280,6977,7103,4210,1837,676,126,6,19754,1795,2363,2771,2670,3410,3477,2156,876,210,24,2,19789,1661,2237,2501,2610,3567,3626,2054,961,466,102,4
2017,10,읍면동,경기도 의왕시 청계동,21519,2096,2125,2730,3231,3768,3583,2188,1206,503,78,11,10697,1104,1047,1421,1668,1897,1734,1063,567,169,25,2,10822,992,1078,1309,1563,1871,1849,1125,639,334,53,9
2017,10,시군,경기도 의정부시 ,439930,36388,47061,59768,59832,77251,74838,44843,27943,10472,1347,187,217139,18672,24264,30629,30370,38232,37348,21344,12226,3681,334,39,222791,17716,22797,29139,29462,39019,37490,23499,15717,6791,1013,148
2017,10,읍면동,경기도 의정부시 가능1동,24852,1463,2265,3526,3079,4079,4878,2929,1849,696,77,11,12503,768,1160,1859,1664,2081,2468,1414,821,250,17,1,12349,695,1105,1667,1415,1998,2410,1515,1028,446,60,10
2017,10,읍면동,경기도 의정부시 녹양동,23292,2103,2628,3122,3147,4139,3997,2247,1324,516,66,3,11625,1127,1388,1632,1601,2052,1969,1073,583,181,19,0,11667,976,1240,1490,1546,2087,2028,1174,741,335,47,3
2017,10,읍면동,경기도 의정부시 송산1동,32764,2608,3698,4444,4108,5903,5801,3290,1935,841,125,11,16235,1295,1926,2355,2118,2879,2932,1620,809,273,27,1,16529,1313,1772,2089,1990,3024,2869,1670,1126,568,98,10
2017,10,읍면동,경기도 의정부시 송산2동,64303,8021,8432,7516,9943,12789,9015,4511,2800,1125,146,5,31411,4108,4229,3807,4739,6249,4589,2089,1184,387,28,2,32892,3913,4203,3709,5204,6540,4426,2422,1616,738,118,3
2017,10,읍면동,경기도 의정부시 신곡1동,43791,3328,4943,6183,5489,7733,7953,4425,2625,988,115,9,21581,1700,2496,3253,2826,3662,3975,2178,1134,323,32,2,22210,1628,2447,2930,2663,4071,3978,2247,1491,665,83,7
2017,10,읍면동,경기도 의정부시 신곡2동,46920,3831,6088,6771,5581,8551,8281,4170,2465,1030,144,8,22748,1972,3179,3416,2711,3975,4068,2008,1042,336,40,1,24172,1859,2909,3355,2870,4576,4213,2162,1423,694,104,7
2017,10,읍면동,경기도 의정부시 의정부1동,20412,957,1392,3187,2882,3207,3997,2623,1493,565,81,28,10562,516,692,1591,1632,1771,2097,1351,677,207,23,5,9850,441,700,1596,1250,1436,1900,1272,816,358,58,23
2017,10,읍면동,경기도 의정부시 의정부2동,27861,1679,2298,4554,4239,4640,4869,2954,1900,643,77,8,13865,880,1210,2280,2253,2341,2416,1396,821,236,29,3,13996,799,1088,2274,1986,2299,2453,1558,1079,407,48,5
2017,10,읍면동,경기도 의정부시 의정부3동,10667,470,687,1809,1558,1670,1993,1293,818,313,36,20,5452,246,372,897,840,949,1075,609,329,118,13,4,5215,224,315,912,718,721,918,684,489,195,23,16
2017,10,읍면동,경기도 의정부시 자금동,30141,2619,3296,4037,3977,5309,5243,2948,1852,745,95,20,14807,1317,1740,2058,1984,2600,2589,1423,802,265,20,9,15334,1302,1556,1979,1993,2709,2654,1525,1050,480,75,11
2017,10,읍면동,경기도 의정부시 장암동,20531,1754,2197,2387,2740,3576,3317,2354,1522,598,76,10,9867,882,1151,1247,1325,1763,1601,1057,643,187,10,1,10664,872,1046,1140,1415,1813,1716,1297,879,411,66,9
2017,10,읍면동,경기도 의정부시 호원1동,35860,2874,2938,4635,5445,5742,5580,4638,2987,889,112,20,17596,1510,1499,2245,2810,2941,2644,2142,1431,343,26,5,18264,1364,1439,2390,2635,2801,2936,2496,1556,546,86,15
2017,10,읍면동,경기도 의정부시 호원2동,37184,3233,4098,4669,4966,6400,5975,3996,2788,944,108,7,18147,1623,2093,2394,2429,3147,2932,1843,1277,379,28,2,19037,1610,2005,2275,2537,3253,3043,2153,1511,565,80,5
2017,10,읍면동,경기도 의정부시 흥선동,21352,1448,2101,2928,2678,3513,3939,2465,1585,579,89,27,10740,728,1129,1595,1438,1822,1993,1141,673,196,22,3,10612,720,972,1333,1240,1691,1946,1324,912,383,67,24
2017,10,시군,경기도 이천시 ,213665,21742,25022,27350,31965,35404,33429,20073,12312,5562,754,52,109220,11285,13174,14596,16656,18229,17495,10141,5545,1895,193,11,104445,10457,11848,12754,15309,17175,15934,9932,6767,3667,561,41
2017,10,읍면동,경기도 이천시 관고동,10606,771,1002,1596,1510,1653,1992,1180,629,242,29,2,5310,427,473,798,813,823,1025,601,265,78,6,1,5296,344,529,798,697,830,967,579,364,164,23,1
2017,10,읍면동,경기도 이천시 대월면,13818,1492,1343,2059,2414,2094,1907,1277,843,328,55,6,6920,786,674,996,1217,1108,1010,643,359,112,13,2,6898,706,669,1063,1197,986,897,634,484,216,42,4
2017,10,읍면동,경기도 이천시 마장면,11304,1039,1663,1491,1578,1504,1608,1208,782,365,61,5,6190,545,958,899,901,873,887,631,356,124,16,0,5114,494,705,592,677,631,721,577,426,241,45,5
2017,10,읍면동,경기도 이천시 모가면,4656,200,318,472,431,551,996,787,572,281,46,2,2475,111,184,279,252,312,545,413,264,101,14,0,2181,89,134,193,179,239,451,374,308,180,32,2
2017,10,읍면동,경기도 이천시 백사면,10620,802,953,1348,1222,1620,2017,1297,863,435,58,5,5425,428,505,699,663,833,1059,664,402,153,19,0,5195,374,448,649,559,787,958,633,461,282,39,5
2017,10,읍면동,경기도 이천시 부발읍,37409,4707,4988,4504,6549,6873,4945,2626,1493,637,82,5,19121,2389,2597,2359,3291,3565,2677,1335,668,223,17,0,18288,2318,2391,2145,3258,3308,2268,1291,825,414,65,5
2017,10,읍면동,경기도 이천시 설성면,5125,249,307,513,465,600,1013,904,692,341,39,2,2689,115,152,299,272,372,555,475,319,120,9,1,2436,134,155,214,193,228,458,429,373,221,30,1
2017,10,읍면동,경기도 이천시 신둔면,12259,946,1186,1500,1589,1913,2365,1464,856,365,71,4,6481,515,657,814,861,1052,1249,779,406,128,19,1,5778,431,529,686,728,861,1116,685,450,237,52,3
2017,10,읍면동,경기도 이천시 율면,2877,96,160,226,202,285,565,552,454,297,38,2,1438,52,73,122,119,175,300,268,214,104,10,1,1439,44,87,104,83,110,265,284,240,193,28,1
2017,10,읍면동,경기도 이천시 장호원읍,15633,1292,1658,1691,1852,2296,2679,2018,1351,709,78,9,7906,678,857,951,954,1201,1364,1003,619,247,28,4,7727,614,801,740,898,1095,1315,1015,732,462,50,5
2017,10,읍면동,경기도 이천시 중리동,14373,1183,1119,2345,2422,2113,2439,1516,853,331,50,2,7822,639,605,1415,1465,1133,1258,755,417,121,14,0,6551,544,514,930,957,980,1181,761,436,210,36,2
2017,10,읍면동,경기도 이천시 증포동,50721,7239,8021,5944,8455,10147,6499,2452,1321,573,67,3,25260,3711,4230,3028,4051,4906,3412,1208,527,173,13,1,25461,3528,3791,2916,4404,5241,3087,1244,794,400,54,2
2017,10,읍면동,경기도 이천시 창전동,18315,1298,1855,2959,2556,2915,3299,1975,1029,390,35,4,9031,658,955,1555,1373,1382,1553,963,459,128,5,0,9284,640,900,1404,1183,1533,1746,1012,570,262,30,4
2017,10,읍면동,경기도 이천시 호법면,5949,428,449,702,720,840,1105,817,574,268,45,1,3152,231,254,382,424,494,601,403,270,83,10,0,2797,197,195,320,296,346,504,414,304,185,35,1
2017,10,시군,경기도 파주시 ,434576,46751,48643,53310,67118,77721,63908,38442,26236,10799,1487,161,220604,23860,25187,27857,35510,40234,33536,18620,11427,3942,386,45,213972,22891,23456,25453,31608,37487,30372,19822,14809,6857,1101,116
2017,10,읍면동,경기도 파주시 광탄면,12180,578,829,1535,1173,1600,2653,1845,1237,614,101,15,6546,310,436,910,692,919,1483,1001,573,195,23,4,5634,268,393,625,481,681,1170,844,664,419,78,11
2017,10,읍면동,경기도 파주시 교하동,42691,5022,5916,4387,6387,9030,5796,3249,1931,840,119,14,21584,2574,3130,2333,3083,4607,3126,1579,848,281,21,2,21107,2448,2786,2054,3304,4423,2670,1670,1083,559,98,12
2017,10,읍면동,경기도 파주시 금촌1동,23426,1538,1918,3536,3422,3684,4279,2613,1653,675,96,12,12282,786,1010,1919,1973,2016,2313,1294,703,239,24,5,11144,752,908,1617,1449,1668,1966,1319,950,436,72,7
2017,10,읍면동,경기도 파주시 금촌2동,35806,4673,4888,4233,6079,6851,4560,2255,1577,597,85,8,17634,2422,2521,2048,3115,3345,2313,1008,635,210,16,1,18172,2251,2367,2185,2964,3506,2247,1247,942,387,69,7
2017,10,읍면동,경기도 파주시 금촌3동,28848,3120,3226,3986,4558,4812,4338,2468,1614,637,87,2,14770,1582,1721,2072,2467,2461,2268,1206,720,247,26,0,14078,1538,1505,1914,2091,2351,2070,1262,894,390,61,2
2017,10,읍면동,경기도 파주시 문산읍,50775,6216,4851,6289,9320,7756,6824,4363,3465,1485,185,21,25913,3144,2535,3250,5183,4161,3484,2051,1467,575,53,10,24862,3072,2316,3039,4137,3595,3340,2312,1998,910,132,11
2017,10,읍면동,경기도 파주시 법원읍,11816,563,1016,1394,1145,1688,2367,1736,1269,548,81,9,6220,293,561,803,667,956,1269,888,570,186,25,2,5596,270,455,591,478,732,1098,848,699,362,56,7
2017,10,읍면동,경기도 파주시 운정1동,45233,6341,5898,4769,7516,9192,5865,3073,1848,644,81,6,22150,3226,2934,2342,3563,4600,2952,1467,820,223,22,1,23083,3115,2964,2427,3953,4592,2913,1606,1028,421,59,5
2017,10,읍면동,경기도 파주시 운정2동,39182,5537,5515,3771,6381,8295,4635,2594,1731,642,79,2,19078,2813,2810,1856,3019,4118,2310,1158,714,259,20,1,20104,2724,2705,1915,3362,4177,2325,1436,1017,383,59,1
2017,10,읍면동,경기도 파주시 운정3동,60717,8167,7816,6353,10130,12484,7858,4149,2678,960,119,3,29660,4149,3991,3173,4801,6236,3893,1889,1144,355,29,0,31057,4018,3825,3180,5329,6248,3965,2260,1534,605,90,3
2017,10,읍면동,경기도 파주시 월롱면,12094,277,376,4410,2740,1114,1369,947,556,268,35,2,7473,151,208,2380,2319,731,814,524,248,91,7,0,4621,126,168,2030,421,383,555,423,308,177,28,2
2017,10,읍면동,경기도 파주시 장단출장소,627,41,44,76,56,90,119,81,90,28,2,0,317,15,23,34,34,58,63,34,43,12,1,0,310,26,21,42,22,32,56,47,47,16,1,0
2017,10,읍면동,경기도 파주시 적성면,7925,684,656,918,972,1005,1386,1068,862,329,43,2,4153,347,360,526,539,563,753,535,393,129,8,0,3772,337,296,392,433,442,633,533,469,200,35,2
2017,10,읍면동,경기도 파주시 조리읍,31203,2208,3369,3937,3493,5193,5910,3628,2336,973,146,10,15754,1108,1693,2121,1834,2609,3132,1791,1062,355,45,4,15449,1100,1676,1816,1659,2584,2778,1837,1274,618,101,6
2017,10,읍면동,경기도 파주시 진동면,169,9,7,3,11,22,30,38,33,14,2,0,91,3,3,2,6,11,19,20,19,7,1,0,78,6,4,1,5,11,11,18,14,7,1,0
2017,10,읍면동,경기도 파주시 탄현면,14123,949,1185,1653,1885,2506,2450,1664,1187,551,89,4,7600,504,640,904,1131,1410,1388,839,549,209,26,0,6523,445,545,749,754,1096,1062,825,638,342,63,4
2017,10,읍면동,경기도 파주시 파주읍,13706,694,882,1618,1577,1953,2610,1993,1544,707,86,42,7298,363,479,928,938,1164,1479,999,642,265,29,12,6408,331,403,690,639,789,1131,994,902,442,57,30
2017,10,읍면동,경기도 파주시 파평면,4055,134,251,442,273,446,859,678,625,287,51,9,2081,70,132,256,146,269,477,337,277,104,10,3,1974,64,119,186,127,177,382,341,348,183,41,6
2017,10,시군,경기도 평택시 ,479823,47625,53431,62930,73690,86644,75435,41407,26018,10989,1447,207,245673,24379,27701,34044,39119,45415,39507,20076,11213,3771,387,61,234150,23246,25730,28886,34571,41229,35928,21331,14805,7218,1060,146
2017,10,읍면동,경기도 평택시 고덕면,11155,1085,1014,1452,1530,1800,1880,1203,790,347,49,5,5825,543,551,834,808,983,1013,625,347,109,11,1,5330,542,463,618,722,817,867,578,443,238,38,4
2017,10,읍면동,경기도 평택시 비전1동,53632,6712,6713,7050,10084,10307,7163,3175,1658,680,81,9,27153,3453,3465,3581,5237,5201,3713,1539,723,221,18,2,26479,3259,3248,3469,4847,5106,3450,1636,935,459,63,7
2017,10,읍면동,경기도 평택시 비전2동,59666,6770,7939,8159,9226,11519,8826,3987,2213,897,116,14,30038,3531,4175,4258,4600,5652,4545,1926,980,346,23,2,29628,3239,3764,3901,4626,5867,4281,2061,1233,551,93,12
2017,10,읍면동,경기도 평택시 서정동,29913,2161,3209,4401,4129,5348,5236,2802,1851,686,75,15,15027,1122,1659,2364,2221,2713,2617,1279,784,236,26,6,14886,1039,1550,2037,1908,2635,2619,1523,1067,450,49,9
2017,10,읍면동,경기도 평택시 서탄면,4033,196,264,412,458,525,826,636,467,227,21,1,2189,96,153,232,274,327,479,333,210,82,3,0,1844,100,111,180,184,198,347,303,257,145,18,1
2017,10,읍면동,경기도 평택시 세교동,21757,1842,2705,3262,2718,3975,3854,1764,1116,460,57,4,11020,954,1412,1769,1432,1933,2009,857,470,164,19,1,10737,888,1293,1493,1286,2042,1845,907,646,296,38,3
2017,10,읍면동,경기도 평택시 송북동,23338,2135,2571,3233,3259,4022,4092,2102,1287,540,87,10,11546,1057,1326,1693,1616,2057,2056,1008,517,184,27,5,11792,1078,1245,1540,1643,1965,2036,1094,770,356,60,5
2017,10,읍면동,경기도 평택시 송탄동,15507,1933,1704,1833,2478,2971,2470,1138,639,291,44,6,8101,1011,873,1001,1266,1611,1336,591,306,95,9,2,7406,922,831,832,1212,1360,1134,547,333,196,35,4
2017,10,읍면동,경기도 평택시 신장1동,6673,664,492,821,1136,1087,1030,734,483,183,34,9,3216,330,261,410,603,601,475,292,166,65,8,5,3457,334,231,411,533,486,555,442,317,118,26,4
2017,10,읍면동,경기도 평택시 신장2동,6353,257,433,786,702,922,1238,930,728,298,41,18,3138,136,216,431,387,527,615,424,286,100,8,8,3215,121,217,355,315,395,623,506,442,198,33,10
2017,10,읍면동,경기도 평택시 신평동,24512,1547,2447,3899,3429,4146,4458,2424,1506,580,66,10,12286,774,1289,2018,1878,2048,2238,1160,643,219,16,3,12226,773,1158,1881,1551,2098,2220,1264,863,361,50,7
2017,10,읍면동,경기도 평택시 안중읍,42668,4919,6399,4973,6367,8889,5617,2803,1807,766,118,10,21685,2443,3252,2695,3253,4564,3070,1368,759,251,29,1,20983,2476,3147,2278,3114,4325,2547,1435,1048,515,89,9
2017,10,읍면동,경기도 평택시 오성면,7254,458,613,850,722,1029,1453,977,728,374,46,4,3780,224,320,475,410,596,786,499,322,121,26,1,3474,234,293,375,312,433,667,478,406,253,20,3
2017,10,읍면동,경기도 평택시 원평동,12303,954,969,1848,1888,1931,2141,1314,866,331,47,14,6274,483,507,981,1067,981,1126,607,396,110,11,5,6029,471,462,867,821,950,1015,707,470,221,36,9
2017,10,읍면동,경기도 평택시 중앙동,45965,4302,6247,6519,6145,8972,7349,3408,2054,846,110,13,23075,2202,3192,3560,3135,4422,3764,1660,832,273,31,4,22890,2100,3055,2959,3010,4550,3585,1748,1222,573,79,9
2017,10,읍면동,경기도 평택시 지산동,11798,940,1062,2037,2202,2064,1637,988,610,228,25,5,6090,468,536,1132,1228,1080,835,481,253,73,3,1,5708,472,526,905,974,984,802,507,357,155,22,4
2017,10,읍면동,경기도 평택시 진위면,12391,823,1033,1686,1725,1982,2208,1507,973,403,45,6,6574,423,531,947,1004,1110,1188,761,468,133,8,1,5817,400,502,739,721,872,1020,746,505,270,37,5
2017,10,읍면동,경기도 평택시 청북읍,25394,4680,2494,2117,5931,4170,2661,1748,998,498,93,4,13361,2440,1289,1175,3013,2453,1434,888,487,154,28,0,12033,2240,1205,942,2918,1717,1227,860,511,344,65,4
2017,10,읍면동,경기도 평택시 통복동,4401,185,354,536,438,715,911,672,423,144,21,2,2231,92,188,304,255,364,456,321,196,51,4,0,2170,93,166,232,183,351,455,351,227,93,17,2
2017,10,읍면동,경기도 평택시 팽성읍,29092,1938,2085,3246,3537,4640,5480,3911,2819,1241,156,39,14834,989,1080,1849,1986,2611,2848,1794,1160,457,47,13,14258,949,1005,1397,1551,2029,2632,2117,1659,784,109,26
2017,10,읍면동,경기도 평택시 포승읍,26067,2902,2277,3217,5060,4873,3774,2102,1221,568,66,7,15100,1500,1216,1986,3131,3108,2263,1115,564,197,20,0,10967,1402,1061,1231,1929,1765,1511,987,657,371,46,7
2017,10,읍면동,경기도 평택시 현덕면,5951,222,407,593,526,757,1131,1082,781,401,49,2,3130,108,210,349,315,473,641,548,344,130,12,0,2821,114,197,244,211,284,490,534,437,271,37,2
2017,10,시군,경기도 포천시 ,153119,11059,15295,18608,16800,24235,30239,18876,12071,5149,728,59,80476,5713,8098,10370,9153,13062,16682,10076,5276,1822,204,20,72643,5346,7197,8238,7647,11173,13557,8800,6795,3327,524,39
2017,10,읍면동,경기도 포천시 가산면,8131,275,621,914,691,1239,2044,1249,691,355,51,1,4707,133,342,519,444,764,1268,774,332,119,12,0,3424,142,279,395,247,475,776,475,359,236,39,1
2017,10,읍면동,경기도 포천시 관인면,3093,104,188,304,182,325,642,594,529,195,27,3,1588,46,92,169,105,186,346,311,246,77,7,3,1505,58,96,135,77,139,296,283,283,118,20,0
2017,10,읍면동,경기도 포천시 군내면,7216,394,544,806,756,1002,1567,1112,671,324,38,2,3927,211,285,472,453,553,902,627,297,116,10,1,3289,183,259,334,303,449,665,485,374,208,28,1
2017,10,읍면동,경기도 포천시 내촌면,5030,176,296,558,417,736,1230,810,539,242,25,1,2859,85,162,335,264,461,736,476,235,96,9,0,2171,91,134,223,153,275,494,334,304,146,16,1
2017,10,읍면동,경기도 포천시 선단동,14495,906,1421,1906,1680,2588,3141,1615,824,372,39,3,7727,510,721,1036,937,1412,1761,868,358,119,4,1,6768,396,700,870,743,1176,1380,747,466,253,35,2
2017,10,읍면동,경기도 포천시 소흘읍,46431,3897,5983,6040,5314,8623,8772,4250,2394,1006,144,8,23650,1968,3160,3175,2656,4324,4745,2203,1037,344,37,1,22781,1929,2823,2865,2658,4299,4027,2047,1357,662,107,7
2017,10,읍면동,경기도 포천시 신북면,13085,973,1227,1568,1476,1960,2604,1771,1004,426,71,5,7044,522,650,882,804,1119,1482,965,457,140,22,1,6041,451,577,686,672,841,1122,806,547,286,49,4
2017,10,읍면동,경기도 포천시 영북면,9176,796,604,1047,1147,1067,1603,1270,1079,465,84,14,4786,398,329,634,643,639,834,656,446,177,26,4,4390,398,275,413,504,428,769,614,633,288,58,10
2017,10,읍면동,경기도 포천시 영중면,5318,270,386,503,429,690,1148,903,717,236,33,3,2871,141,199,295,247,429,658,492,309,90,10,1,2447,129,187,208,182,261,490,411,408,146,23,2
2017,10,읍면동,경기도 포천시 이동면,6518,656,503,798,884,771,1042,887,652,285,38,2,3470,331,270,528,500,445,569,433,284,96,14,0,3048,325,233,270,384,326,473,454,368,189,24,2
2017,10,읍면동,경기도 포천시 일동면,10506,821,931,1113,1193,1428,1852,1527,1065,495,75,6,5439,428,500,635,683,791,977,774,448,174,25,4,5067,393,431,478,510,637,875,753,617,321,50,2
2017,10,읍면동,경기도 포천시 창수면,2319,66,150,210,153,277,497,447,379,124,14,2,1293,36,90,140,100,167,281,245,173,54,7,0,1026,30,60,70,53,110,216,202,206,70,7,2
2017,10,읍면동,경기도 포천시 포천동,19115,1536,2273,2571,2155,3230,3564,2023,1213,464,77,9,9687,805,1221,1389,1135,1603,1833,1008,509,162,18,4,9428,731,1052,1182,1020,1627,1731,1015,704,302,59,5
2017,10,읍면동,경기도 포천시 화현면,2686,189,168,270,323,299,533,418,314,160,12,0,1428,99,77,161,182,169,290,244,145,58,3,0,1258,90,91,109,141,130,243,174,169,102,9,0
2017,10,시군,경기도 하남시 ,227969,25456,20687,27009,39146,38592,35836,25048,11375,4011,729,80,114666,12992,10656,14037,19614,20194,17735,12481,5503,1271,165,18,113303,12464,10031,12972,19532,18398,18101,12567,5872,2740,564,62
2017,10,읍면동,경기도 하남시 감북동,3981,167,270,494,512,571,892,604,331,121,14,5,2222,93,150,295,301,332,506,332,164,44,4,1,1759,74,120,199,211,239,386,272,167,77,10,4
2017,10,읍면동,경기도 하남시 덕풍1동,17606,1244,1548,2459,2655,2729,3256,2225,1076,345,62,7,8897,645,832,1288,1444,1371,1547,1113,531,111,14,1,8709,599,716,1171,1211,1358,1709,1112,545,234,48,6
2017,10,읍면동,경기도 하남시 덕풍2동,20340,1278,1662,2924,3015,2992,3895,2771,1252,461,85,5,10241,658,860,1550,1655,1498,1945,1363,565,130,17,0,10099,620,802,1374,1360,1494,1950,1408,687,331,68,5
2017,10,읍면동,경기도 하남시 덕풍3동,27133,2555,3013,3337,3843,4910,4462,2980,1423,513,87,10,13501,1330,1562,1749,1928,2477,2149,1463,657,166,18,2,13632,1225,1451,1588,1915,2433,2313,1517,766,347,69,8
2017,10,읍면동,경기도 하남시 미사1동,24379,4128,2361,2223,5063,4494,2807,2093,858,300,52,0,12183,2127,1201,1132,2418,2429,1335,1005,434,90,12,0,12196,2001,1160,1091,2645,2065,1472,1088,424,210,40,0
2017,10,읍면동,경기도 하남시 미사2동,40146,6940,3746,3476,8580,7776,4543,3176,1361,459,88,1,19947,3565,1929,1744,3961,4202,2219,1542,662,109,14,0,20199,3375,1817,1732,4619,3574,2324,1634,699,350,74,1
2017,10,읍면동,경기도 하남시 신장1동,6643,357,499,1042,1060,994,1275,842,404,144,21,5,3435,165,272,569,625,527,636,420,169,45,6,1,3208,192,227,473,435,467,639,422,235,99,15,4
2017,10,읍면동,경기도 하남시 신장2동,44873,4113,4374,5461,7014,7218,7371,5590,2689,887,147,9,22253,2050,2269,2835,3552,3584,3565,2703,1327,329,39,0,22620,2063,2105,2626,3462,3634,3806,2887,1362,558,108,9
2017,10,읍면동,경기도 하남시 위례동,17244,2332,1430,2539,3326,2959,2766,1331,401,130,29,1,8445,1177,673,1268,1524,1506,1349,692,212,33,10,1,8799,1155,757,1271,1802,1453,1417,639,189,97,19,0
2017,10,읍면동,경기도 하남시 천현동,8004,497,516,965,1149,1151,1539,1320,589,228,40,10,4306,241,268,515,684,688,834,698,291,77,8,2,3698,256,248,450,465,463,705,622,298,151,32,8
2017,10,읍면동,경기도 하남시 초이동,3909,194,246,481,466,614,864,593,308,121,22,0,2248,113,124,278,291,377,522,336,157,47,3,0,1661,81,122,203,175,237,342,257,151,74,19,0
2017,10,읍면동,경기도 하남시 춘궁동,3939,169,218,481,489,562,823,668,358,141,23,7,2216,92,124,270,295,355,479,369,172,52,7,1,1723,77,94,211,194,207,344,299,186,89,16,6
2017,10,읍면동,경기도 하남시 풍산동,9772,1482,804,1127,1974,1622,1343,855,325,161,59,20,4772,736,392,544,936,848,649,445,162,38,13,9,5000,746,412,583,1038,774,694,410,163,123,46,11
2017,10,시군,경기도 화성시 ,683038,94308,80572,77875,129269,129689,85954,47192,25830,10801,1459,89,353182,48179,41303,41185,66773,69841,46651,23548,11680,3665,328,29,329856,46129,39269,36690,62496,59848,39303,23644,14150,7136,1131,60
2017,10,읍면동,경기도 화성시 기배동,14607,1890,2140,1519,2214,3037,1943,1077,573,183,30,1,7447,973,1145,775,1077,1587,1012,544,270,59,5,0,7160,917,995,744,1137,1450,931,533,303,124,25,1
2017,10,읍면동,경기도 화성시 남양읍,31828,3465,3070,3815,5623,5294,5087,2981,1632,749,109,3,17133,1803,1599,2171,3172,3002,2804,1551,731,277,23,0,14695,1662,1471,1644,2451,2292,2283,1430,901,472,86,3
2017,10,읍면동,경기도 화성시 동탄1동,53481,8176,7778,6734,11089,11475,5128,1841,900,310,47,3,27051,4202,4002,3301,5443,5841,2844,883,415,107,12,1,26430,3974,3776,3433,5646,5634,2284,958,485,203,35,2
2017,10,읍면동,경기도 화성시 동탄2동,37424,5828,6431,3512,5927,8929,3993,1604,855,303,41,1,18451,2951,3245,1819,2607,4484,2153,739,347,98,8,0,18973,2877,3186,1693,3320,4445,1840,865,508,205,33,1
2017,10,읍면동,경기도 화성시 동탄3동,43851,7964,5688,4728,10289,8713,3337,1799,982,303,46,2,22014,4035,2957,2335,5148,4516,1731,756,420,106,10,0,21837,3929,2731,2393,5141,4197,1606,1043,562,197,36,2
2017,10,읍면동,경기도 화성시 동탄4동,88173,17407,10570,8433,21095,17753,7550,3428,1368,490,77,2,44041,8894,5328,4045,10099,9364,3964,1590,592,150,15,0,44132,8513,5242,4388,10996,8389,3586,1838,776,340,62,2
2017,10,읍면동,경기도 화성시 동탄면,17298,3219,1311,1945,4854,2590,1834,937,400,176,30,2,8939,1634,689,978,2593,1385,929,476,195,55,5,0,8359,1585,622,967,2261,1205,905,461,205,121,25,2
2017,10,읍면동,경기도 화성시 마도면,6739,362,448,733,755,1014,1419,1000,670,300,34,4,3844,199,245,442,490,643,842,530,333,115,4,1,2895,163,203,291,265,371,577,470,337,185,30,3
2017,10,읍면동,경기도 화성시 매송면,8083,558,622,1014,926,1231,1570,1110,710,307,33,2,4247,292,327,574,516,694,854,570,307,102,10,1,3836,266,295,440,410,537,716,540,403,205,23,1
2017,10,읍면동,경기도 화성시 반월동,31056,5322,3680,3820,6601,5530,3707,1545,568,238,43,2,15750,2711,1889,1974,3281,2859,1896,773,278,78,10,1,15306,2611,1791,1846,3320,2671,1811,772,290,160,33,1
2017,10,읍면동,경기도 화성시 병점1동,29243,3744,3706,4004,5468,5519,3553,1879,1004,326,40,0,14710,1933,1884,2063,2749,2796,1857,899,419,102,8,0,14533,1811,1822,1941,2719,2723,1696,980,585,224,32,0
2017,10,읍면동,경기도 화성시 병점2동,26312,3639,4505,2629,4326,5877,2763,1415,783,329,46,0,12856,1859,2242,1301,2056,2918,1449,611,304,109,7,0,13456,1780,2263,1328,2270,2959,1314,804,479,220,39,0
2017,10,읍면동,경기도 화성시 봉담읍,73991,9611,9653,8261,11981,14795,10207,5439,2844,1028,162,10,37398,4752,4892,4377,5854,7769,5383,2701,1312,320,33,5,36593,4859,4761,3884,6127,7026,4824,2738,1532,708,129,5
2017,10,읍면동,경기도 화성시 비봉면,5912,261,383,621,581,781,1310,953,634,342,44,2,3281,128,202,382,363,474,774,544,284,122,6,2,2631,133,181,239,218,307,536,409,350,220,38,0
2017,10,읍면동,경기도 화성시 서신면,7087,229,373,607,598,926,1674,1330,826,452,64,8,3906,127,202,361,367,595,955,709,389,177,21,3,3181,102,171,246,231,331,719,621,437,275,43,5
2017,10,읍면동,경기도 화성시 송산면,11259,630,875,1128,1034,1629,2268,1738,1239,617,93,8,6009,321,458,673,607,970,1260,890,579,228,23,0,5250,309,417,455,427,659,1008,848,660,389,70,8
2017,10,읍면동,경기도 화성시 양감면,4201,150,225,440,449,558,1006,695,436,221,19,2,2488,76,131,270,315,383,639,389,204,78,3,0,1713,74,94,170,134,175,367,306,232,143,16,2
2017,10,읍면동,경기도 화성시 우정읍,18129,1361,1638,2024,2142,2953,3365,2301,1501,749,90,5,9722,699,805,1219,1219,1774,1849,1184,687,261,22,3,8407,662,833,805,923,1179,1516,1117,814,488,68,2
2017,10,읍면동,경기도 화성시 장안면,10655,562,737,1096,1093,1552,2260,1661,1106,523,60,5,6053,310,394,668,694,1001,1366,884,510,205,17,4,4602,252,343,428,399,551,894,777,596,318,43,1
2017,10,읍면동,경기도 화성시 정남면,12063,652,948,1433,1398,1954,2517,1598,996,495,66,6,6846,358,497,860,888,1228,1505,863,469,162,15,1,5217,294,451,573,510,726,1012,735,527,333,51,5
2017,10,읍면동,경기도 화성시 진안동,38491,4507,3689,6283,8998,6583,4407,2346,1196,409,72,1,20541,2356,1895,3314,5185,3659,2290,1158,527,135,21,1,17950,2151,1794,2969,3813,2924,2117,1188,669,274,51,0
2017,10,읍면동,경기도 화성시 팔탄면,10266,449,573,1177,1186,1662,2416,1466,850,426,54,7,6095,246,298,770,775,1124,1483,836,400,149,14,0,4171,203,275,407,411,538,933,630,450,277,40,7
2017,10,읍면동,경기도 화성시 향남읍,79577,11969,9061,8978,17104,15037,8837,4761,2631,1082,110,7,42122,6113,4668,4861,9349,8444,4815,2319,1192,332,24,5,37455,5856,4393,4117,7755,6593,4022,2442,1439,750,86,2
2017,10,읍면동,경기도 화성시 화산동,23312,2353,2468,2941,3538,4297,3803,2288,1126,443,49,6,12238,1207,1309,1652,1926,2331,1997,1149,516,138,12,1,11074,1146,1159,1289,1612,1966,1806,1139,610,305,37,5
2017,09,도,경기도  ,12827633,1233525,1419501,1709660,1943087,2306938,2063589,1169599,669595,271033,37810,3296,6452524,632910,733913,895063,989174,1168928,1056143,576877,296760,92776,9163,817,6375109,600615,685588,814597,953913,1138010,1007446,592722,372835,178257,28647,2479
2017,09,시군,경기도 가평군 ,63007,4092,5512,6332,6448,8804,11832,9722,6741,3074,413,37,32243,2093,2882,3582,3408,4770,6193,5005,3046,1142,107,15,30764,1999,2630,2750,3040,4034,5639,4717,3695,1932,306,22
2017,09,읍면동,경기도 가평군 가평읍,19752,1368,1965,2226,1991,3020,3587,2585,1983,904,112,11,10079,702,1056,1221,1052,1617,1877,1298,891,329,33,3,9673,666,909,1005,939,1403,1710,1287,1092,575,79,8
2017,09,읍면동,경기도 가평군 북면,4006,202,221,286,343,459,788,803,578,281,41,4,2044,96,125,166,190,280,397,417,254,106,11,2,1962,106,96,120,153,179,391,386,324,175,30,2
2017,09,읍면동,경기도 가평군 상면,5593,207,455,559,395,655,1193,1065,696,324,39,5,2813,107,183,329,212,346,653,533,325,115,7,3,2780,100,272,230,183,309,540,532,371,209,32,2
2017,09,읍면동,경기도 가평군 설악면,9253,616,874,795,859,1180,1820,1552,985,502,66,4,4679,307,442,437,437,633,938,816,463,191,13,2,4574,309,432,358,422,547,882,736,522,311,53,2
2017,09,읍면동,경기도 가평군 조종면,9961,865,754,1088,1281,1299,1753,1444,996,414,60,7,5290,451,385,683,685,710,945,805,451,155,17,3,4671,414,369,405,596,589,808,639,545,259,43,4
2017,09,읍면동,경기도 가평군 청평면,14442,834,1243,1378,1579,2191,2691,2273,1503,649,95,6,7338,430,691,746,832,1184,1383,1136,662,246,26,2,7104,404,552,632,747,1007,1308,1137,841,403,69,4
2017,09,시군,경기도 고양시 ,1041399,89902,117891,146350,141366,194262,177759,88794,56310,25236,3273,256,511328,46171,60818,74563,68855,94018,89536,43938,23605,8894,867,63,530071,43731,57073,71787,72511,100244,88223,44856,32705,16342,2406,193
2017,09,구,경기도 고양시 덕양구 ,447802,40269,45016,60173,64232,79638,76103,42430,27219,11071,1486,165,222119,20681,23245,31008,32141,39925,38537,20732,11594,3848,371,37,225683,19588,21771,29165,32091,39713,37566,21698,15625,7223,1115,128
2017,09,읍면동,경기도 고양시 덕양구 고양동,32925,3135,3716,3688,4479,6180,4987,3584,2209,824,109,14,16537,1648,1920,1975,2214,3188,2583,1706,954,319,26,4,16388,1487,1796,1713,2265,2992,2404,1878,1255,505,83,10
2017,09,읍면동,경기도 고양시 덕양구 관산동,35550,2660,3192,4287,4819,5896,6507,4360,2704,929,164,32,18022,1364,1706,2265,2558,3138,3322,2133,1216,278,36,6,17528,1296,1486,2022,2261,2758,3185,2227,1488,651,128,26
2017,09,읍면동,경기도 고양시 덕양구 능곡동,19300,1402,1727,2675,2402,3200,3830,2151,1339,489,72,13,9872,774,931,1423,1239,1653,1992,1073,604,169,12,2,9428,628,796,1252,1163,1547,1838,1078,735,320,60,11
2017,09,읍면동,경기도 고양시 덕양구 대덕동,2513,122,176,279,279,374,545,372,249,94,20,3,1400,59,93,154,162,230,333,211,115,36,6,1,1113,63,83,125,117,144,212,161,134,58,14,2
2017,09,읍면동,경기도 고양시 덕양구 성사1동,24594,1982,2313,3314,3243,4440,4432,2520,1573,671,95,11,12150,1012,1211,1717,1600,2285,2249,1193,623,231,28,1,12444,970,1102,1597,1643,2155,2183,1327,950,440,67,10
2017,09,읍면동,경기도 고양시 덕양구 성사2동,12312,927,1299,1587,1660,2067,2122,1242,963,395,50,0,6003,462,691,835,845,986,1009,623,396,143,13,0,6309,465,608,752,815,1081,1113,619,567,252,37,0
2017,09,읍면동,경기도 고양시 덕양구 신도동,19623,2236,1199,2509,3689,2943,3029,2125,1340,485,57,11,9613,1145,626,1242,1838,1521,1423,1022,616,164,12,4,10010,1091,573,1267,1851,1422,1606,1103,724,321,45,7
2017,09,읍면동,경기도 고양시 덕양구 원신동,21803,3198,1566,2535,4262,3468,3229,2041,1035,401,62,6,10589,1625,785,1261,2079,1746,1478,983,483,137,11,1,11214,1573,781,1274,2183,1722,1751,1058,552,264,51,5
2017,09,읍면동,경기도 고양시 덕양구 주교동,17169,877,1750,2424,1824,3008,3511,1939,1257,503,70,6,8819,480,957,1305,1008,1554,1872,953,508,156,24,2,8350,397,793,1119,816,1454,1639,986,749,347,46,4
2017,09,읍면동,경기도 고양시 덕양구 창릉동,13285,1679,1200,1394,2252,2298,1963,1451,725,271,43,9,6708,852,617,700,1066,1244,1020,749,345,109,5,1,6577,827,583,694,1186,1054,943,702,380,162,38,8
2017,09,읍면동,경기도 고양시 덕양구 행신1동,24021,2052,2615,3430,3295,4367,4240,2057,1352,533,78,2,11728,1042,1305,1757,1660,2114,2111,993,540,186,19,1,12293,1010,1310,1673,1635,2253,2129,1064,812,347,59,1
2017,09,읍면동,경기도 고양시 덕양구 행신2동,34930,2975,3778,5420,5364,6236,5909,2560,1796,781,104,7,17260,1570,1942,2799,2698,2972,3012,1274,716,248,28,1,17670,1405,1836,2621,2666,3264,2897,1286,1080,533,76,6
2017,09,읍면동,경기도 고양시 덕양구 행신3동,49594,4047,6137,7146,5886,9675,8820,3903,2636,1187,150,7,24129,2068,3070,3652,2912,4587,4454,1896,1069,379,42,0,25465,1979,3067,3494,2974,5088,4366,2007,1567,808,108,7
2017,09,읍면동,경기도 고양시 덕양구 행주동,21450,1153,1719,3266,2874,3577,4341,2363,1443,643,65,6,11018,601,879,1752,1590,1881,2309,1188,599,209,9,1,10432,552,840,1514,1284,1696,2032,1175,844,434,56,5
2017,09,읍면동,경기도 고양시 덕양구 화전동,5827,491,444,730,836,787,953,816,512,210,33,15,3149,258,230,422,471,455,556,423,233,85,11,5,2678,233,214,308,365,332,397,393,279,125,22,10
2017,09,읍면동,경기도 고양시 덕양구 화정1동,40653,2855,4700,6434,4956,7540,7126,3235,2518,1140,142,7,19741,1460,2402,3223,2420,3521,3624,1566,1027,451,46,1,20912,1395,2298,3211,2536,4019,3502,1669,1491,689,96,6
2017,09,읍면동,경기도 고양시 덕양구 화정2동,35153,3485,4534,4623,4918,7384,5383,2302,1663,790,71,0,17109,1772,2376,2331,2285,3547,2708,1117,670,285,18,0,18044,1713,2158,2292,2633,3837,2675,1185,993,505,53,0
2017,09,읍면동,경기도 고양시 덕양구 효자동,2474,220,144,282,369,337,410,346,228,97,28,13,1301,114,83,144,200,186,219,184,108,42,15,6,1173,106,61,138,169,151,191,162,120,55,13,7
2017,09,읍면동,경기도 고양시 덕양구 흥도동,34626,4773,2807,4150,6825,5861,4766,3063,1677,628,73,3,16971,2375,1421,2051,3296,3117,2263,1445,772,221,10,0,17655,2398,1386,2099,3529,2744,2503,1618,905,407,63,3
2017,09,구,경기도 고양시 일산동구 ,293678,23258,33943,43913,39761,56088,51008,23714,14136,6871,941,45,143382,11994,17536,22052,19043,26673,25504,11966,5931,2415,252,16,150296,11264,16407,21861,20718,29415,25504,11748,8205,4456,689,29
2017,09,읍면동,경기도 고양시 일산동구 고봉동,20753,1508,1690,2654,2706,3475,4087,2532,1411,594,94,2,10856,770,901,1457,1464,1899,2156,1366,644,185,13,1,9897,738,789,1197,1242,1576,1931,1166,767,409,81,1
2017,09,읍면동,경기도 고양시 일산동구 마두1동,26227,1775,3877,4256,2522,5067,4891,1951,1161,648,71,8,12718,905,1993,2131,1164,2308,2478,991,505,228,12,3,13509,870,1884,2125,1358,2759,2413,960,656,420,59,5
2017,09,읍면동,경기도 고양시 일산동구 마두2동,17386,1460,2567,2436,1723,3428,3023,1184,898,590,75,2,8259,748,1295,1231,731,1540,1511,611,344,219,28,1,9127,712,1272,1205,992,1888,1512,573,554,371,47,1
2017,09,읍면동,경기도 고양시 일산동구 백석1동,33207,2631,3744,5222,5366,6165,5550,2479,1343,619,83,5,15990,1347,1959,2540,2667,2815,2647,1230,534,234,15,2,17217,1284,1785,2682,2699,3350,2903,1249,809,385,68,3
2017,09,읍면동,경기도 고양시 일산동구 백석2동,22013,1228,1733,3517,4098,4330,3610,1799,1093,529,72,4,10648,655,904,1656,2009,2111,1794,905,426,164,23,1,11365,573,829,1861,2089,2219,1816,894,667,365,49,3
2017,09,읍면동,경기도 고양시 일산동구 식사동,32890,3864,4669,4263,3928,7167,5180,2121,1143,495,59,1,16083,1988,2347,2163,1635,3442,2732,1102,485,166,23,0,16807,1876,2322,2100,2293,3725,2448,1019,658,329,36,1
2017,09,읍면동,경기도 고양시 일산동구 장항1동,3093,155,161,331,345,449,761,532,259,78,18,4,1748,82,80,188,183,294,445,292,148,30,5,1,1345,73,81,143,162,155,316,240,111,48,13,3
2017,09,읍면동,경기도 고양시 일산동구 장항2동,27163,1614,2026,4566,5338,5496,4314,1866,1202,650,89,2,13253,810,1064,2191,2542,2682,2207,949,509,259,40,0,13910,804,962,2375,2796,2814,2107,917,693,391,49,2
2017,09,읍면동,경기도 고양시 일산동구 정발산동,26734,1908,2981,4457,3505,4732,4742,2348,1366,606,85,4,12941,968,1537,2267,1749,2186,2284,1130,585,210,22,3,13793,940,1444,2190,1756,2546,2458,1218,781,396,63,1
2017,09,읍면동,경기도 고양시 일산동구 중산동,44391,3193,5331,6843,4945,8012,8416,3833,2397,1218,195,8,21602,1683,2801,3538,2405,3709,4094,1907,988,427,47,3,22789,1510,2530,3305,2540,4303,4322,1926,1409,791,148,5
2017,09,읍면동,경기도 고양시 일산동구 풍산동,39821,3922,5164,5368,5285,7767,6434,3069,1863,844,100,5,19284,2038,2655,2690,2494,3687,3156,1483,763,293,24,1,20537,1884,2509,2678,2791,4080,3278,1586,1100,551,76,4
2017,09,구,경기도 고양시 일산서구 ,299919,26375,38932,42264,37373,58536,50648,22650,14955,7294,846,46,145827,13496,20037,21503,17671,27420,25495,11240,6080,2631,244,10,154092,12879,18895,20761,19702,31116,25153,11410,8875,4663,602,36
2017,09,읍면동,경기도 고양시 일산서구 대화동,32697,2094,3471,5950,4559,5627,5802,2708,1619,768,93,6,15755,1073,1829,2879,2286,2609,2799,1304,672,274,29,1,16942,1021,1642,3071,2273,3018,3003,1404,947,494,64,5
2017,09,읍면동,경기도 고양시 일산서구 송산동,49307,5284,6677,5954,6385,10251,7743,3781,2222,883,120,7,24376,2674,3357,3142,2971,5029,4000,1908,942,324,26,3,24931,2610,3320,2812,3414,5222,3743,1873,1280,559,94,4
2017,09,읍면동,경기도 고양시 일산서구 송포동,17968,1558,2471,2389,1938,3536,3123,1499,989,424,40,1,8941,808,1285,1288,899,1626,1647,758,448,173,9,0,9027,750,1186,1101,1039,1910,1476,741,541,251,31,1
2017,09,읍면동,경기도 고양시 일산서구 일산1동,29908,2758,3505,4226,3950,5461,5106,2477,1675,658,82,10,14572,1395,1786,2159,1909,2580,2535,1218,713,256,20,1,15336,1363,1719,2067,2041,2881,2571,1259,962,402,62,9
2017,09,읍면동,경기도 고양시 일산서구 일산2동,20706,1379,2082,3136,2377,3546,4306,2024,1221,575,57,3,10190,686,1095,1582,1193,1713,2173,1013,516,198,21,0,10516,693,987,1554,1184,1833,2133,1011,705,377,36,3
2017,09,읍면동,경기도 고양시 일산서구 일산3동,38160,3225,6599,5323,3752,8529,6322,2269,1288,762,87,4,18537,1663,3376,2734,1681,3825,3247,1199,518,267,27,0,19623,1562,3223,2589,2071,4704,3075,1070,770,495,60,4
2017,09,읍면동,경기도 고양시 일산서구 주엽1동,29847,2504,3932,3938,3630,5784,4872,2290,1766,1020,106,5,14154,1246,2063,1981,1650,2645,2372,1121,667,374,35,0,15693,1258,1869,1957,1980,3139,2500,1169,1099,646,71,5
2017,09,읍면동,경기도 고양시 일산서구 주엽2동,31295,2513,3832,4270,3711,5803,5247,2566,2036,1158,151,8,14722,1266,1940,2133,1757,2603,2562,1252,753,404,47,5,16573,1247,1892,2137,1954,3200,2685,1314,1283,754,104,3
2017,09,읍면동,경기도 고양시 일산서구 탄현동,50031,5060,6363,7078,7071,9999,8127,3036,2139,1046,110,2,24580,2685,3306,3605,3325,4790,4160,1467,851,361,30,0,25451,2375,3057,3473,3746,5209,3967,1569,1288,685,80,2
2017,09,시군,경기도 과천시 ,57924,4516,7121,8008,7017,10145,10134,5734,3310,1628,271,40,28276,2324,3712,4242,3435,4758,4987,2805,1398,543,67,5,29648,2192,3409,3766,3582,5387,5147,2929,1912,1085,204,35
2017,09,읍면동,경기도 과천시 갈현동,11532,1236,1635,1379,1356,2360,1826,918,562,220,35,5,5626,619,841,741,576,1140,922,464,235,81,7,0,5906,617,794,638,780,1220,904,454,327,139,28,5
2017,09,읍면동,경기도 과천시 과천동,9501,718,724,1251,1667,1507,1545,1192,634,224,37,2,4904,371,372,689,942,799,747,591,307,78,8,0,4597,347,352,562,725,708,798,601,327,146,29,2
2017,09,읍면동,경기도 과천시 문원동,8110,714,1045,921,1023,1532,1271,831,525,205,35,8,3927,376,552,471,508,734,620,381,219,57,8,1,4183,338,493,450,515,798,651,450,306,148,27,7
2017,09,읍면동,경기도 과천시 별양동,11296,698,1522,1779,1078,1867,2183,1076,619,405,59,10,5363,345,806,936,488,800,1078,518,241,134,16,1,5933,353,716,843,590,1067,1105,558,378,271,43,9
2017,09,읍면동,경기도 과천시 부림동,10527,708,1392,1568,1171,1838,1987,966,534,318,42,3,5115,367,723,825,597,834,979,467,214,95,14,0,5412,341,669,743,574,1004,1008,499,320,223,28,3
2017,09,읍면동,경기도 과천시 중앙동,6958,442,803,1110,722,1041,1322,751,436,256,63,12,3341,246,418,580,324,451,641,384,182,98,14,3,3617,196,385,530,398,590,681,367,254,158,49,9
2017,09,시군,경기도 광명시 ,333712,30904,36913,42809,51577,60083,53260,33418,17132,6639,861,116,165298,15885,19048,22476,25736,30028,26302,16093,7437,2072,197,24,168414,15019,17865,20333,25841,30055,26958,17325,9695,4567,664,92
2017,09,읍면동,경기도 광명시 광명1동,13975,892,1325,2025,2035,2250,2421,1670,962,356,36,3,6954,469,706,1103,1094,1119,1151,794,372,137,9,0,7021,423,619,922,941,1131,1270,876,590,219,27,3
2017,09,읍면동,경기도 광명시 광명2동,11073,625,945,1538,1554,1745,2031,1462,852,285,33,3,5434,311,467,800,845,879,988,650,382,99,13,0,5639,314,478,738,709,866,1043,812,470,186,20,3
2017,09,읍면동,경기도 광명시 광명3동,10158,499,734,1475,1472,1579,1892,1399,812,260,29,7,4941,251,383,767,767,777,915,614,363,92,9,3,5217,248,351,708,705,802,977,785,449,168,20,4
2017,09,읍면동,경기도 광명시 광명4동,15037,988,1171,2080,2441,2307,2596,2020,1056,307,55,16,7328,496,586,1083,1255,1127,1233,960,463,112,9,4,7709,492,585,997,1186,1180,1363,1060,593,195,46,12
2017,09,읍면동,경기도 광명시 광명5동,15460,1258,1557,1901,2386,2703,2522,1757,972,363,36,5,7687,635,823,1021,1236,1393,1219,817,429,109,4,1,7773,623,734,880,1150,1310,1303,940,543,254,32,4
2017,09,읍면동,경기도 광명시 광명6동,15206,1412,1553,1961,2265,2584,2561,1688,836,294,45,7,7521,686,795,1015,1119,1325,1256,841,382,88,13,1,7685,726,758,946,1146,1259,1305,847,454,206,32,6
2017,09,읍면동,경기도 광명시 광명7동,20699,1430,2161,2895,3012,3276,3664,2539,1235,427,55,5,10422,708,1136,1555,1604,1664,1783,1244,577,140,11,0,10277,722,1025,1340,1408,1612,1881,1295,658,287,44,5
2017,09,읍면동,경기도 광명시 소하1동,32360,3776,4321,3694,4553,6397,4791,2910,1321,513,68,16,15967,1943,2251,1945,2088,3173,2370,1423,613,143,14,4,16393,1833,2070,1749,2465,3224,2421,1487,708,370,54,12
2017,09,읍면동,경기도 광명시 소하2동,36891,3789,4043,4871,5831,6490,5722,3572,1819,663,80,11,18652,1976,2067,2652,2946,3380,2871,1721,803,214,18,4,18239,1813,1976,2219,2885,3110,2851,1851,1016,449,62,7
2017,09,읍면동,경기도 광명시 철산1동,13816,1448,1756,1778,2107,2705,2129,1092,539,225,37,0,6826,742,895,933,1012,1314,1075,534,238,76,7,0,6990,706,861,845,1095,1391,1054,558,301,149,30,0
2017,09,읍면동,경기도 광명시 철산2동,16084,961,1505,2583,2495,2682,3031,1662,806,324,31,4,8191,513,798,1356,1332,1337,1566,822,361,93,12,1,7893,448,707,1227,1163,1345,1465,840,445,231,19,3
2017,09,읍면동,경기도 광명시 철산3동,36203,3760,4823,4699,5071,6917,5804,3099,1349,584,88,9,17862,1951,2484,2432,2357,3332,2869,1597,613,200,26,1,18341,1809,2339,2267,2714,3585,2935,1502,736,384,62,8
2017,09,읍면동,경기도 광명시 철산4동,14535,1416,1409,1905,2727,2591,2114,1444,688,215,25,1,7278,724,754,993,1385,1321,1042,698,285,71,5,0,7257,692,655,912,1342,1270,1072,746,403,144,20,1
2017,09,읍면동,경기도 광명시 하안1동,27763,3232,3448,3302,3974,5466,4384,2356,1079,444,72,6,13940,1677,1759,1800,1864,2787,2228,1203,484,125,12,1,13823,1555,1689,1502,2110,2679,2156,1153,595,319,60,5
2017,09,읍면동,경기도 광명시 하안2동,15638,1630,1555,1703,3298,2963,2005,1278,729,418,50,9,7499,827,777,827,1681,1477,941,565,285,106,11,2,8139,803,778,876,1617,1486,1064,713,444,312,39,7
2017,09,읍면동,경기도 광명시 하안3동,22587,2216,2477,2555,3739,4154,3222,2204,1323,615,76,6,10763,1149,1281,1254,1855,2026,1578,970,472,163,15,0,11824,1067,1196,1301,1884,2128,1644,1234,851,452,61,6
2017,09,읍면동,경기도 광명시 하안4동,13850,1480,1999,1610,2336,3000,1869,837,486,206,26,1,6721,779,1014,802,1134,1436,929,396,180,45,6,0,7129,701,985,808,1202,1564,940,441,306,161,20,1
2017,09,읍면동,경기도 광명시 학온동,2377,92,131,234,281,274,502,429,268,140,19,7,1312,48,72,138,162,161,288,244,135,59,3,2,1065,44,59,96,119,113,214,185,133,81,16,5
2017,09,시군,경기도 광주시 ,338133,34510,33660,39863,57056,59417,54612,34720,17216,6084,929,66,173752,17727,17463,20976,29894,31543,28013,17607,8161,2157,191,20,164381,16783,16197,18887,27162,27874,26599,17113,9055,3927,738,46
2017,09,읍면동,경기도 광주시 경안동,41010,3939,4415,5374,6326,7431,6906,3914,1932,663,97,13,20939,2027,2298,2803,3277,3848,3597,1951,885,233,14,6,20071,1912,2117,2571,3049,3583,3309,1963,1047,430,83,7
2017,09,읍면동,경기도 광주시 곤지암읍,23409,1770,2286,2833,3087,4114,4433,2707,1437,624,100,18,12431,929,1197,1575,1640,2274,2413,1461,685,227,26,4,10978,841,1089,1258,1447,1840,2020,1246,752,397,74,14
2017,09,읍면동,경기도 광주시 광남동,46687,5194,5122,5220,7690,8805,7228,4568,2093,661,103,3,23933,2657,2674,2703,3946,4666,3680,2309,1040,234,22,2,22754,2537,2448,2517,3744,4139,3548,2259,1053,427,81,1
2017,09,읍면동,경기도 광주시 남종면,1602,56,93,123,129,196,322,319,244,105,15,0,822,24,51,59,72,112,173,168,116,42,5,0,780,32,42,64,57,84,149,151,128,63,10,0
2017,09,읍면동,경기도 광주시 남한산성면,2920,240,229,271,266,472,539,443,288,141,29,2,1537,112,121,147,147,276,301,241,136,50,6,0,1383,128,108,124,119,196,238,202,152,91,23,2
2017,09,읍면동,경기도 광주시 도척면,9118,679,688,956,1110,1440,1759,1358,731,331,63,3,4995,373,366,549,636,856,997,731,343,132,11,1,4123,306,322,407,474,584,762,627,388,199,52,2
2017,09,읍면동,경기도 광주시 송정동,59326,5832,5952,7695,9570,10633,10176,5766,2664,900,129,9,30023,2959,2984,4063,4993,5486,5058,2933,1194,325,26,2,29303,2873,2968,3632,4577,5147,5118,2833,1470,575,103,7
2017,09,읍면동,경기도 광주시 오포읍,97134,11212,8339,11600,20633,16259,13953,9090,4369,1440,229,10,49460,5746,4311,5946,10917,8576,6878,4440,2102,488,52,4,47674,5466,4028,5654,9716,7683,7075,4650,2267,952,177,6
2017,09,읍면동,경기도 광주시 초월읍,43012,4422,5369,4661,6549,7823,6845,4207,2261,776,96,3,22498,2294,2838,2492,3393,4203,3717,2201,1073,269,18,0,20514,2128,2531,2169,3156,3620,3128,2006,1188,507,78,3
2017,09,읍면동,경기도 광주시 퇴촌면,13915,1166,1167,1130,1696,2244,2451,2348,1197,443,68,5,7114,606,623,639,873,1246,1199,1172,587,157,11,1,6801,560,544,491,823,998,1252,1176,610,286,57,4
2017,09,시군,경기도 구리시 ,196316,16941,21272,27345,28158,35199,34177,18639,10350,3661,512,62,97565,8699,10981,14075,14084,17225,17268,9250,4573,1269,121,20,98751,8242,10291,13270,14074,17974,16909,9389,5777,2392,391,42
2017,09,읍면동,경기도 구리시 갈매동,17138,2353,1156,2018,3834,2473,2522,1721,766,251,44,0,8473,1185,571,1010,1945,1260,1169,876,375,72,10,0,8665,1168,585,1008,1889,1213,1353,845,391,179,34,0
2017,09,읍면동,경기도 구리시 교문1동,17527,1037,1458,2380,2457,2912,3448,2095,1250,405,63,22,8976,550,739,1269,1321,1523,1806,1022,572,147,19,8,8551,487,719,1111,1136,1389,1642,1073,678,258,44,14
2017,09,읍면동,경기도 구리시 교문2동,24000,2218,3333,3151,2984,4688,3918,2121,1106,423,54,4,11669,1109,1709,1622,1370,2194,1958,1040,499,156,11,1,12331,1109,1624,1529,1614,2494,1960,1081,607,267,43,3
2017,09,읍면동,경기도 구리시 동구동,41005,3920,5135,5753,5504,7783,6945,3215,1925,722,95,8,20238,2026,2666,2964,2683,3685,3505,1625,802,260,20,2,20767,1894,2469,2789,2821,4098,3440,1590,1123,462,75,6
2017,09,읍면동,경기도 구리시 수택1동,22112,1301,1974,3429,2936,3590,4438,2584,1331,456,67,6,10987,709,991,1734,1546,1760,2225,1293,567,147,14,1,11125,592,983,1695,1390,1830,2213,1291,764,309,53,5
2017,09,읍면동,경기도 구리시 수택2동,26113,1582,2627,4088,3427,4314,4983,2907,1545,560,69,11,13034,818,1371,2103,1824,2137,2514,1397,671,184,12,3,13079,764,1256,1985,1603,2177,2469,1510,874,376,57,8
2017,09,읍면동,경기도 구리시 수택3동,23473,2202,2822,3041,3502,4807,3718,1851,1073,396,56,5,11856,1114,1506,1606,1699,2406,1954,943,467,147,12,2,11617,1088,1316,1435,1803,2401,1764,908,606,249,44,3
2017,09,읍면동,경기도 구리시 인창동,24948,2328,2767,3485,3514,4632,4205,2145,1354,448,64,6,12332,1188,1428,1767,1696,2260,2137,1054,620,156,23,3,12616,1140,1339,1718,1818,2372,2068,1091,734,292,41,3
2017,09,시군,경기도 군포시 ,282371,26702,30889,38909,43624,49449,47389,24907,13411,6182,862,47,140257,13667,15976,20120,22240,24193,23458,12477,5740,2145,228,13,142114,13035,14913,18789,21384,25256,23931,12430,7671,4037,634,34
2017,09,읍면동,경기도 군포시 광정동,26712,2398,3324,3583,3757,5034,4201,2121,1298,853,136,7,12970,1248,1720,1820,1832,2398,2084,1049,503,286,28,2,13742,1150,1604,1763,1925,2636,2117,1072,795,567,108,5
2017,09,읍면동,경기도 군포시 군포1동,34441,2580,3308,5165,5097,5858,6425,3559,1719,637,85,8,18076,1328,1778,2814,2909,3036,3332,1870,770,220,16,3,16365,1252,1530,2351,2188,2822,3093,1689,949,417,69,5
2017,09,읍면동,경기도 군포시 군포2동,56815,6474,6838,7764,8811,10122,9389,4365,2076,829,138,9,28304,3368,3446,4015,4376,4920,4674,2229,952,288,34,2,28511,3106,3392,3749,4435,5202,4715,2136,1124,541,104,7
2017,09,읍면동,경기도 군포시 궁내동,22289,2356,3537,2694,2549,4874,3313,1467,929,502,67,1,10870,1226,1804,1398,1155,2272,1691,734,380,187,23,0,11419,1130,1733,1296,1394,2602,1622,733,549,315,44,1
2017,09,읍면동,경기도 군포시 금정동,19199,1213,1577,3036,2867,3101,3748,2270,996,340,44,7,9898,623,815,1579,1602,1652,1879,1178,461,94,12,3,9301,590,762,1457,1265,1449,1869,1092,535,246,32,4
2017,09,읍면동,경기도 군포시 대야동,10063,1017,1059,1257,1330,1854,1764,992,534,230,23,3,5160,527,565,692,675,930,913,514,249,84,10,1,4903,490,494,565,655,924,851,478,285,146,13,2
2017,09,읍면동,경기도 군포시 산본1동,18546,1167,1271,2905,2954,2622,3610,2217,1197,526,71,6,9256,567,667,1561,1643,1330,1720,1079,516,154,19,0,9290,600,604,1344,1311,1292,1890,1138,681,372,52,6
2017,09,읍면동,경기도 군포시 산본2동,29595,3120,3288,4205,4429,5003,5105,2536,1237,573,98,1,14415,1599,1699,2138,2106,2368,2467,1268,534,215,21,0,15180,1521,1589,2067,2323,2635,2638,1268,703,358,77,1
2017,09,읍면동,경기도 군포시 수리동,18740,1687,2020,2369,2916,3190,3065,1621,1165,624,80,3,8996,815,1052,1154,1463,1526,1502,755,448,253,27,1,9744,872,968,1215,1453,1664,1563,866,717,371,53,2
2017,09,읍면동,경기도 군포시 오금동,24436,2786,2734,2881,4733,4458,3376,1774,1113,523,58,0,12036,1416,1440,1467,2340,2187,1627,872,476,195,16,0,12400,1370,1294,1414,2393,2271,1749,902,637,328,42,0
2017,09,읍면동,경기도 군포시 재궁동,21535,1904,1933,3050,4181,3333,3393,1985,1147,545,62,2,10276,950,990,1482,2139,1574,1569,929,451,169,22,1,11259,954,943,1568,2042,1759,1824,1056,696,376,40,1
2017,09,시군,경기도 김포시 ,385913,47880,41082,41394,64884,70194,55895,35566,20213,7686,1071,48,193663,24478,21081,21499,31652,36586,28866,17246,9276,2702,262,15,192250,23402,20001,19895,33232,33608,27029,18320,10937,4984,809,33
2017,09,읍면동,경기도 김포시 고촌읍,26727,2854,2550,2919,3992,4631,4290,3229,1576,589,87,10,13498,1512,1318,1549,1939,2417,2148,1631,760,208,14,2,13229,1342,1232,1370,2053,2214,2142,1598,816,381,73,8
2017,09,읍면동,경기도 김포시 구래동,42064,7865,3294,3562,10908,6931,4031,3174,1733,493,71,2,20606,3959,1647,1688,5302,3761,1858,1371,830,174,15,1,21458,3906,1647,1874,5606,3170,2173,1803,903,319,56,1
2017,09,읍면동,경기도 김포시 김포본동,51840,4512,6723,6981,6285,9705,8903,4651,2812,1097,162,9,25593,2243,3538,3583,3038,4628,4600,2300,1209,405,47,2,26247,2269,3185,3398,3247,5077,4303,2351,1603,692,115,7
2017,09,읍면동,경기도 김포시 대곶면,10127,402,667,1076,961,1537,2373,1637,956,441,76,1,5800,217,362,636,589,989,1441,911,467,170,18,0,4327,185,305,440,372,548,932,726,489,271,58,1
2017,09,읍면동,경기도 김포시 사우동,21609,1544,2370,3175,2812,3921,3847,2096,1295,491,56,2,10857,808,1264,1630,1492,1923,1998,1005,550,176,11,0,10752,736,1106,1545,1320,1998,1849,1091,745,315,45,2
2017,09,읍면동,경기도 김포시 양촌읍,26368,2528,2308,2740,4025,4398,4590,3170,1773,723,105,8,13884,1265,1201,1526,2196,2504,2507,1620,799,229,33,4,12484,1263,1107,1214,1829,1894,2083,1550,974,494,72,4
2017,09,읍면동,경기도 김포시 운양동,37056,6598,3701,3196,8229,7046,3937,2536,1282,461,70,0,18254,3420,1873,1595,3761,3755,1931,1137,617,150,15,0,18802,3178,1828,1601,4468,3291,2006,1399,665,311,55,0
2017,09,읍면동,경기도 김포시 월곶면,5686,212,311,562,526,724,1281,1079,638,298,52,3,3146,109,159,351,321,445,739,592,317,102,10,1,2540,103,152,211,205,279,542,487,321,196,42,2
2017,09,읍면동,경기도 김포시 장기동,39879,6680,4411,3766,8142,7999,4378,2619,1393,435,54,2,19533,3390,2163,1882,3806,4189,2153,1184,613,144,9,0,20346,3290,2248,1884,4336,3810,2225,1435,780,291,45,2
2017,09,읍면동,경기도 김포시 장기본동,36450,5781,4861,3249,6730,7569,3894,2438,1399,457,71,1,17803,2922,2462,1602,3086,3847,1923,1115,667,161,18,0,18647,2859,2399,1647,3644,3722,1971,1323,732,296,53,1
2017,09,읍면동,경기도 김포시 통진읍,27436,2198,2634,3504,3497,4510,5218,3116,1818,843,96,2,14448,1130,1374,2014,1927,2474,2803,1616,790,301,17,2,12988,1068,1260,1490,1570,2036,2415,1500,1028,542,79,0
2017,09,읍면동,경기도 김포시 풍무동,51975,6349,6680,5692,7997,10131,7219,4344,2538,907,113,5,25529,3289,3415,2876,3736,5009,3662,2015,1177,316,33,1,26446,3060,3265,2816,4261,5122,3557,2329,1361,591,80,4
2017,09,읍면동,경기도 김포시 하성면,8696,357,572,972,780,1092,1934,1477,1000,451,58,3,4712,214,305,567,459,645,1103,749,480,166,22,2,3984,143,267,405,321,447,831,728,520,285,36,1
2017,09,시군,경기도 남양주시 ,665926,68757,77654,78112,94346,124544,103915,64689,38105,13811,1828,165,332543,35333,40079,40647,45997,63255,53344,31239,17260,4907,443,39,333383,33424,37575,37465,48349,61289,50571,33450,20845,8904,1385,126
2017,09,읍면동,경기도 남양주시 금곡동,21501,1231,1752,3147,2742,3076,4473,2741,1579,678,71,11,10955,640,931,1724,1512,1573,2255,1373,694,225,23,5,10546,591,821,1423,1230,1503,2218,1368,885,453,48,6
2017,09,읍면동,경기도 남양주시 도농동,38353,3584,4388,5221,5259,6598,6159,4108,2138,782,104,12,18630,1829,2167,2675,2485,3156,2983,2008,1015,286,24,2,19723,1755,2221,2546,2774,3442,3176,2100,1123,496,80,10
2017,09,읍면동,경기도 남양주시 별내동,69055,9449,6155,8532,13287,11555,9937,6193,2801,989,153,4,33862,4782,3064,4338,6421,5790,4744,3066,1317,308,31,1,35193,4667,3091,4194,6866,5765,5193,3127,1484,681,122,3
2017,09,읍면동,경기도 남양주시 별내면,20867,1634,2316,2537,2390,3844,3461,2385,1613,598,75,14,10416,864,1225,1274,1224,1919,1798,1142,707,237,23,3,10451,770,1091,1263,1166,1925,1663,1243,906,361,52,11
2017,09,읍면동,경기도 남양주시 수동면,9632,472,1135,938,805,1326,1847,1585,969,449,98,8,5139,261,694,535,445,721,1010,813,483,148,24,5,4493,211,441,403,360,605,837,772,486,301,74,3
2017,09,읍면동,경기도 남양주시 양정동,5106,251,280,599,627,672,1118,899,465,166,22,7,2825,119,144,343,370,411,641,488,233,73,3,0,2281,132,136,256,257,261,477,411,232,93,19,7
2017,09,읍면동,경기도 남양주시 오남읍,54884,5599,7341,6112,7011,11390,8214,4763,3209,1097,141,7,27489,2902,3789,3180,3391,5851,4347,2236,1400,357,34,2,27395,2697,3552,2932,3620,5539,3867,2527,1809,740,107,5
2017,09,읍면동,경기도 남양주시 와부읍,68609,6305,8631,8105,8405,13377,10782,6817,4440,1495,229,23,33861,3198,4424,4198,4008,6524,5564,3201,2092,580,67,5,34748,3107,4207,3907,4397,6853,5218,3616,2348,915,162,18
2017,09,읍면동,경기도 남양주시 조안면,4402,253,302,465,471,617,892,740,441,194,25,2,2289,138,153,246,246,343,473,390,219,75,5,1,2113,115,149,219,225,274,419,350,222,119,20,1
2017,09,읍면동,경기도 남양주시 지금동,19262,1944,2253,2273,2780,3737,3002,1925,954,327,56,11,9508,983,1186,1169,1343,1874,1494,919,419,111,6,4,9754,961,1067,1104,1437,1863,1508,1006,535,216,50,7
2017,09,읍면동,경기도 남양주시 진건읍,26891,1566,2630,3903,2974,4181,5644,3202,1910,762,103,16,13926,834,1372,2118,1586,2189,3066,1634,827,271,29,0,12965,732,1258,1785,1388,1992,2578,1568,1083,491,74,16
2017,09,읍면동,경기도 남양주시 진접읍,95799,11303,11840,10072,13652,18745,14174,8774,5177,1851,199,12,48418,5844,6152,5350,6559,9793,7405,4207,2367,686,51,4,47381,5459,5688,4722,7093,8952,6769,4567,2810,1165,148,8
2017,09,읍면동,경기도 남양주시 퇴계원면,31902,2520,3170,4628,4209,4915,6113,3622,1940,689,93,3,15894,1249,1633,2416,2157,2465,2991,1864,850,253,16,0,16008,1271,1537,2212,2052,2450,3122,1758,1090,436,77,3
2017,09,읍면동,경기도 남양주시 평내동,41132,4584,5899,4427,5885,8787,5635,3141,1955,729,84,6,20172,2326,2981,2249,2737,4356,2950,1484,827,243,19,0,20960,2258,2918,2178,3148,4431,2685,1657,1128,486,65,6
2017,09,읍면동,경기도 남양주시 호평동,51221,6954,6915,5005,8198,11089,6027,3709,2399,804,116,5,25121,3614,3541,2546,3750,5578,3073,1624,1078,289,26,2,26100,3340,3374,2459,4448,5511,2954,2085,1321,515,90,3
2017,09,읍면동,경기도 남양주시 화도읍,94479,9653,11474,10742,13424,18544,14431,8644,5412,1917,214,24,47437,4995,5977,5544,6632,9605,7549,4034,2392,655,49,5,47042,4658,5497,5198,6792,8939,6882,4610,3020,1262,165,19
2017,09,읍면동,경기도 남양주시 화도읍동부출장소,12831,1455,1173,1406,2227,2091,2006,1441,703,284,45,0,6601,755,646,742,1131,1107,1001,756,340,110,13,0,6230,700,527,664,1096,984,1005,685,363,174,32,0
2017,09,시군,경기도 동두천시 ,97253,8187,9979,11192,12253,16324,16301,10838,8345,3335,427,72,48441,4161,5145,5956,6256,8503,8450,5170,3440,1218,124,18,48812,4026,4834,5236,5997,7821,7851,5668,4905,2117,303,54
2017,09,읍면동,경기도 동두천시 보산동,3358,181,268,361,348,491,673,491,398,129,16,2,1621,94,146,202,175,257,343,217,148,36,3,0,1737,87,122,159,173,234,330,274,250,93,13,2
2017,09,읍면동,경기도 동두천시 불현동,27793,2380,3125,3460,3493,4641,4746,2849,2148,848,91,12,13673,1191,1547,1851,1760,2304,2425,1383,884,303,22,3,14120,1189,1578,1609,1733,2337,2321,1466,1264,545,69,9
2017,09,읍면동,경기도 동두천시 상패동,5458,289,335,571,561,831,1071,867,627,263,37,6,2874,149,178,320,324,475,601,435,288,89,13,2,2584,140,157,251,237,356,470,432,339,174,24,4
2017,09,읍면동,경기도 동두천시 생연1동,7343,575,669,831,937,1122,1333,885,694,261,32,4,3669,306,334,452,491,571,684,429,287,103,11,1,3674,269,335,379,446,551,649,456,407,158,21,3
2017,09,읍면동,경기도 동두천시 생연2동,11999,1011,1316,1274,1425,2060,1944,1324,1126,466,44,9,5935,537,724,659,698,1101,975,592,438,194,14,3,6064,474,592,615,727,959,969,732,688,272,30,6
2017,09,읍면동,경기도 동두천시 소요동,9237,543,591,1025,1002,1312,1809,1389,1055,436,60,15,4796,269,316,593,536,754,980,682,486,162,15,3,4441,274,275,432,466,558,829,707,569,274,45,12
2017,09,읍면동,경기도 동두천시 송내동,26404,3011,3354,3034,3970,5079,3504,2105,1624,632,86,5,12961,1508,1724,1533,1963,2587,1780,965,649,227,22,3,13443,1503,1630,1501,2007,2492,1724,1140,975,405,64,2
2017,09,읍면동,경기도 동두천시 중앙동,5661,197,321,636,517,788,1221,928,673,300,61,19,2912,107,176,346,309,454,662,467,260,104,24,3,2749,90,145,290,208,334,559,461,413,196,37,16
2017,09,시군,경기도 부천시 ,849282,69246,83988,125544,130520,142056,153218,86180,39914,16226,2201,189,423605,35518,43362,64894,66882,71034,75529,43221,17614,5011,499,41,425677,33728,40626,60650,63638,71022,77689,42959,22300,11215,1702,148
2017,09,읍면동,경기도 부천시 고강1동,16413,1073,1588,2569,2102,2873,3213,1654,912,387,39,3,8197,512,827,1363,1111,1459,1615,803,378,116,12,1,8216,561,761,1206,991,1414,1598,851,534,271,27,2
2017,09,읍면동,경기도 부천시 고강본동,30290,1943,3215,4180,4104,5474,5459,3237,1921,675,75,7,15315,1003,1672,2201,2232,2829,2769,1564,800,230,14,1,14975,940,1543,1979,1872,2645,2690,1673,1121,445,61,6
2017,09,읍면동,경기도 부천시 괴안동,21877,1649,2184,3217,3087,3640,3927,2338,1135,604,90,6,10754,836,1124,1677,1576,1791,1911,1159,466,189,23,2,11123,813,1060,1540,1511,1849,2016,1179,669,415,67,4
2017,09,읍면동,경기도 부천시 도당동,24253,1689,2640,3786,3153,4335,4875,2288,1068,380,37,2,12475,872,1390,2028,1672,2211,2567,1180,434,115,6,0,11778,817,1250,1758,1481,2124,2308,1108,634,265,31,2
2017,09,읍면동,경기도 부천시 범박동,38225,5282,4173,4284,7014,6534,5319,3427,1502,579,101,10,18960,2686,2128,2171,3393,3302,2638,1740,705,172,24,1,19265,2596,2045,2113,3621,3232,2681,1687,797,407,77,9
2017,09,읍면동,경기도 부천시 상1동,25825,2754,2636,3371,4932,4457,3998,2366,913,349,49,0,12715,1438,1357,1663,2450,2188,1842,1237,415,113,12,0,13110,1316,1279,1708,2482,2269,2156,1129,498,236,37,0
2017,09,읍면동,경기도 부천시 상2동,31782,3891,4318,4321,5180,6051,4932,1871,806,353,57,2,15572,1953,2247,2174,2421,2841,2542,954,329,101,9,1,16210,1938,2071,2147,2759,3210,2390,917,477,252,48,1
2017,09,읍면동,경기도 부천시 상3동,33227,3237,4818,5087,4039,6688,6128,2022,783,360,65,0,16518,1665,2452,2691,1821,3082,3240,1122,342,92,11,0,16709,1572,2366,2396,2218,3606,2888,900,441,268,54,0
2017,09,읍면동,경기도 부천시 상동,20142,1276,2035,3334,2625,3115,3983,2238,1024,433,73,6,10026,664,1099,1706,1298,1523,1941,1194,444,138,16,3,10116,612,936,1628,1327,1592,2042,1044,580,295,57,3
2017,09,읍면동,경기도 부천시 성곡동,44169,3147,4955,6647,5490,7681,8606,4342,2210,959,122,10,22280,1626,2537,3576,2837,3857,4366,2230,933,289,27,2,21889,1521,2418,3071,2653,3824,4240,2112,1277,670,95,8
2017,09,읍면동,경기도 부천시 소사동,9146,520,496,1206,1383,1313,1725,1411,771,257,58,6,4462,285,242,627,748,689,799,644,342,74,12,0,4684,235,254,579,635,624,926,767,429,183,46,6
2017,09,읍면동,경기도 부천시 소사본3동,32896,2737,3465,4676,4693,5158,6162,3758,1514,631,94,8,16147,1364,1737,2465,2344,2513,2967,1846,712,178,21,0,16749,1373,1728,2211,2349,2645,3195,1912,802,453,73,8
2017,09,읍면동,경기도 부천시 소사본동,25465,1653,1840,3846,3825,3700,4879,3396,1630,585,102,9,12811,831,933,2009,2088,1910,2373,1673,773,191,27,3,12654,822,907,1837,1737,1790,2506,1723,857,394,75,6
2017,09,읍면동,경기도 부천시 송내1동,23900,1916,2091,3641,3828,3628,4340,2762,1171,455,63,5,11833,972,1110,1890,1957,1775,2058,1378,523,157,12,1,12067,944,981,1751,1871,1853,2282,1384,648,298,51,4
2017,09,읍면동,경기도 부천시 송내2동,28100,2451,2872,4148,4313,4719,4911,2821,1269,530,61,5,13926,1259,1537,2143,2169,2342,2318,1390,581,163,22,2,14174,1192,1335,2005,2144,2377,2593,1431,688,367,39,3
2017,09,읍면동,경기도 부천시 신흥동,19508,1217,1692,3022,2728,3326,4072,2120,939,335,47,10,10497,672,924,1660,1517,1864,2223,1126,396,107,7,1,9011,545,768,1362,1211,1462,1849,994,543,228,40,9
2017,09,읍면동,경기도 부천시 심곡1동,13409,777,987,2078,2354,2150,2432,1571,734,287,37,2,6948,410,526,1080,1342,1124,1233,762,366,92,13,0,6461,367,461,998,1012,1026,1199,809,368,195,24,2
2017,09,읍면동,경기도 부천시 심곡2동,18792,974,1074,3399,3757,3093,3090,2023,978,354,42,8,9762,492,524,1666,2114,1751,1611,1001,468,123,11,1,9030,482,550,1733,1643,1342,1479,1022,510,231,31,7
2017,09,읍면동,경기도 부천시 심곡3동,13595,882,1239,2130,1991,2272,2702,1470,643,234,23,9,6961,458,657,1139,1102,1175,1350,728,266,77,6,3,6634,424,582,991,889,1097,1352,742,377,157,17,6
2017,09,읍면동,경기도 부천시 심곡본1동,18495,1033,1434,2762,2787,2923,3545,2346,1178,429,49,9,9284,524,724,1457,1537,1505,1705,1134,534,153,8,3,9211,509,710,1305,1250,1418,1840,1212,644,276,41,6
2017,09,읍면동,경기도 부천시 심곡본동,17850,1098,1363,2484,2767,2826,3155,2365,1267,452,69,4,8868,583,724,1282,1466,1455,1474,1128,589,153,13,1,8982,515,639,1202,1301,1371,1681,1237,678,299,56,3
2017,09,읍면동,경기도 부천시 약대동,19521,1927,1804,2971,3377,3142,3627,1731,647,256,32,7,9846,995,924,1571,1710,1583,1771,910,294,76,9,3,9675,932,880,1400,1667,1559,1856,821,353,180,23,4
2017,09,읍면동,경기도 부천시 역곡1동,19510,1791,1792,2477,3229,3210,3180,2227,1086,449,63,6,9653,905,889,1268,1610,1706,1519,1100,493,148,15,0,9857,886,903,1209,1619,1504,1661,1127,593,301,48,6
2017,09,읍면동,경기도 부천시 역곡2동,20086,1724,1668,2956,3532,3254,3212,2200,1042,428,61,9,9871,869,844,1552,1758,1689,1509,1028,451,155,14,2,10215,855,824,1404,1774,1565,1703,1172,591,273,47,7
2017,09,읍면동,경기도 부천시 역곡3동,24447,1799,1991,3396,3945,3879,4187,2940,1586,641,73,10,12039,915,1007,1747,2076,1964,1999,1382,713,213,20,3,12408,884,984,1649,1869,1915,2188,1558,873,428,53,7
2017,09,읍면동,경기도 부천시 오정동,23206,2105,2214,3312,3724,3786,4208,2426,994,385,46,6,12037,1112,1207,1758,2028,1982,2123,1255,444,115,12,1,11169,993,1007,1554,1696,1804,2085,1171,550,270,34,5
2017,09,읍면동,경기도 부천시 원미1동,17965,1261,1676,2708,2519,2957,3476,2076,899,331,56,6,9190,661,905,1443,1340,1535,1734,1031,405,116,17,3,8775,600,771,1265,1179,1422,1742,1045,494,215,39,3
2017,09,읍면동,경기도 부천시 원미2동,13895,881,1146,1975,1895,2185,2774,1842,852,309,33,3,6993,449,553,1039,1032,1129,1381,903,399,97,11,0,6902,432,593,936,863,1056,1393,939,453,212,22,3
2017,09,읍면동,경기도 부천시 원종1동,24168,1685,2382,3706,3252,4014,4716,2585,1262,503,59,4,12192,887,1228,1973,1736,1981,2348,1327,535,161,15,1,11976,798,1154,1733,1516,2033,2368,1258,727,342,44,3
2017,09,읍면동,경기도 부천시 원종2동,24308,1724,2752,3873,3129,4420,4632,2028,1174,511,63,2,12129,885,1412,1999,1638,2201,2361,1038,447,138,10,0,12179,839,1340,1874,1491,2219,2271,990,727,373,53,2
2017,09,읍면동,경기도 부천시 중1동,35418,2985,3617,5786,6412,6237,6011,2752,1026,523,66,3,17158,1534,1841,2771,3101,2963,2851,1479,449,151,18,0,18260,1451,1776,3015,3311,3274,3160,1273,577,372,48,3
2017,09,읍면동,경기도 부천시 중2동,33388,2779,3596,5356,5011,5244,6243,3315,1198,556,89,1,16317,1470,1836,2714,2423,2458,2904,1781,553,159,19,0,17071,1309,1760,2642,2588,2786,3339,1534,645,397,70,1
2017,09,읍면동,경기도 부천시 중3동,25587,2302,2537,3821,4415,3966,4566,2275,1092,552,61,0,12296,1151,1282,1886,2172,1867,2190,1121,478,138,11,0,13291,1151,1255,1935,2243,2099,2376,1154,614,414,50,0
2017,09,읍면동,경기도 부천시 중4동,20280,1761,2004,2985,3750,3303,3414,1800,817,389,54,3,9649,882,1023,1441,1875,1512,1622,837,338,108,11,0,10631,879,981,1544,1875,1791,1792,963,479,281,43,3
2017,09,읍면동,경기도 부천시 중동,24952,2196,2516,3866,3520,4245,4668,2418,1034,429,54,6,12259,1103,1326,1947,1742,2094,2240,1202,469,128,7,1,12693,1093,1190,1919,1778,2151,2428,1216,565,301,47,5
2017,09,읍면동,경기도 부천시 춘의동,15192,1127,1178,2168,2658,2258,2851,1739,837,336,38,2,7665,595,614,1117,1446,1184,1435,834,350,85,4,1,7527,532,564,1051,1212,1074,1416,905,487,251,34,1
2017,09,시군,경기도 성남시 ,971310,81611,100901,136365,152242,171940,156828,95037,52247,20502,3242,395,481303,41909,51985,69492,76364,85403,78484,46287,23472,7041,773,93,490007,39702,48916,66873,75878,86537,78344,48750,28775,13461,2469,302
2017,09,구,경기도 성남시 분당구 ,501718,46511,59989,69627,78372,94013,74835,41625,23783,11098,1794,71,243294,23869,30916,34579,37258,44190,37125,20254,10685,3959,449,10,258424,22642,29073,35048,41114,49823,37710,21371,13098,7139,1345,61
2017,09,읍면동,경기도 성남시 분당구 구미1동,18678,1503,2063,2963,2948,3374,2972,1484,867,436,67,1,9042,781,1068,1440,1425,1579,1470,730,366,169,13,1,9636,722,995,1523,1523,1795,1502,754,501,267,54,0
2017,09,읍면동,경기도 성남시 분당구 구미동,33086,2611,3350,4714,5048,5832,5220,3021,2018,1074,187,11,16006,1337,1731,2373,2469,2716,2598,1422,892,421,47,0,17080,1274,1619,2341,2579,3116,2622,1599,1126,653,140,11
2017,09,읍면동,경기도 성남시 분당구 금곡동,30171,2309,2865,4380,5092,4950,4637,3011,1850,943,131,3,14267,1175,1453,2103,2439,2315,2201,1442,787,321,31,0,15904,1134,1412,2277,2653,2635,2436,1569,1063,622,100,3
2017,09,읍면동,경기도 성남시 분당구 백현동,29377,3976,3540,3816,5014,5140,4359,2079,956,439,55,3,14289,2064,1851,1853,2312,2450,2166,994,453,128,17,1,15088,1912,1689,1963,2702,2690,2193,1085,503,311,38,2
2017,09,읍면동,경기도 성남시 분당구 분당동,28012,2419,3434,4138,4054,5356,4210,2400,1291,606,100,4,13663,1250,1795,2069,1931,2528,2036,1184,614,226,29,1,14349,1169,1639,2069,2123,2828,2174,1216,677,380,71,3
2017,09,읍면동,경기도 성남시 분당구 삼평동,25591,3255,3287,3106,3891,5040,3795,1894,919,355,45,4,12479,1675,1679,1562,1763,2449,1879,938,417,109,7,1,13112,1580,1608,1544,2128,2591,1916,956,502,246,38,3
2017,09,읍면동,경기도 성남시 분당구 서현1동,32761,2820,4524,4654,4660,6664,4641,2350,1535,784,126,3,15825,1444,2332,2298,2128,3084,2375,1151,667,316,30,0,16936,1376,2192,2356,2532,3580,2266,1199,868,468,96,3
2017,09,읍면동,경기도 성남시 분당구 서현2동,19619,1653,2663,3035,2478,3785,3285,1511,751,395,60,3,9620,864,1366,1595,1177,1693,1658,769,351,134,12,1,9999,789,1297,1440,1301,2092,1627,742,400,261,48,2
2017,09,읍면동,경기도 성남시 분당구 수내1동,18183,1331,2490,2353,2669,3952,2465,1302,951,584,81,5,8713,677,1327,1176,1202,1790,1284,589,414,228,26,0,9470,654,1163,1177,1467,2162,1181,713,537,356,55,5
2017,09,읍면동,경기도 성남시 분당구 수내2동,10964,1146,2089,1086,984,2805,1394,734,454,227,44,1,5334,574,1053,575,409,1309,766,353,202,78,15,0,5630,572,1036,511,575,1496,628,381,252,149,29,1
2017,09,읍면동,경기도 성남시 분당구 수내3동,14990,1237,2632,2056,1799,3587,2079,919,451,191,38,1,7438,635,1382,1045,861,1691,1088,450,219,53,14,0,7552,602,1250,1011,938,1896,991,469,232,138,24,1
2017,09,읍면동,경기도 성남시 분당구 야탑1동,18372,1568,1542,2917,3244,2924,2853,1904,984,356,78,2,8994,762,796,1479,1574,1462,1341,960,462,137,21,0,9378,806,746,1438,1670,1462,1512,944,522,219,57,2
2017,09,읍면동,경기도 성남시 분당구 야탑2동,17646,1399,1970,2454,2464,2944,2758,1976,1143,466,68,4,8454,705,1015,1232,1136,1361,1309,972,546,163,15,0,9192,694,955,1222,1328,1583,1449,1004,597,303,53,4
2017,09,읍면동,경기도 성남시 분당구 야탑3동,31373,2818,2706,4632,6149,4935,4939,2950,1530,602,106,6,15423,1448,1355,2403,3247,2410,2313,1424,636,170,16,1,15950,1370,1351,2229,2902,2525,2626,1526,894,432,90,5
2017,09,읍면동,경기도 성남시 분당구 운중동,20885,2376,2325,2557,3172,3996,3385,1922,742,340,70,0,10201,1193,1205,1258,1461,1939,1675,994,367,99,10,0,10684,1183,1120,1299,1711,2057,1710,928,375,241,60,0
2017,09,읍면동,경기도 성남시 분당구 이매1동,27248,2596,3647,3675,3871,5193,4115,2229,1263,557,98,4,13311,1329,1884,1883,1823,2421,2064,1126,563,191,27,0,13937,1267,1763,1792,2048,2772,2051,1103,700,366,71,4
2017,09,읍면동,경기도 성남시 분당구 이매2동,14440,1119,2021,2030,1490,2728,2346,1466,795,380,62,3,7076,607,1087,1051,661,1229,1184,738,370,135,14,0,7364,512,934,979,829,1499,1162,728,425,245,48,3
2017,09,읍면동,경기도 성남시 분당구 정자1동,31109,2267,3542,4681,5613,6032,4252,2319,1664,642,94,3,14645,1127,1767,2060,2523,2732,2189,1103,803,309,30,2,16464,1140,1775,2621,3090,3300,2063,1216,861,333,64,1
2017,09,읍면동,경기도 성남시 분당구 정자2동,17424,1262,1746,2268,3494,2912,2517,1444,1066,600,111,4,8221,677,933,1064,1791,1305,1227,638,392,161,32,1,9203,585,813,1204,1703,1607,1290,806,674,439,79,3
2017,09,읍면동,경기도 성남시 분당구 정자3동,16450,1526,2111,2279,2476,3140,2447,1156,802,445,68,0,7908,808,1050,1146,1189,1437,1196,556,338,168,20,0,8542,718,1061,1133,1287,1703,1251,600,464,277,48,0
2017,09,읍면동,경기도 성남시 분당구 정자동,21126,1843,2200,3308,4099,3578,2931,1847,924,340,54,2,10507,950,1118,1636,2140,1726,1450,898,446,129,14,0,10619,893,1082,1672,1959,1852,1481,949,478,211,40,2
2017,09,읍면동,경기도 성남시 분당구 판교동,24213,3477,3242,2525,3663,5146,3235,1707,827,336,51,4,11878,1787,1669,1278,1597,2564,1656,823,380,114,9,1,12335,1690,1573,1247,2066,2582,1579,884,447,222,42,3
2017,09,구,경기도 성남시 수정구 ,237794,17679,20037,33973,37951,39404,40807,27442,14833,4783,709,176,120654,8998,10347,17808,20286,20998,20556,13199,6659,1586,170,47,117140,8681,9690,16165,17665,18406,20251,14243,8174,3197,539,129
2017,09,읍면동,경기도 성남시 수정구 고등동,1816,104,69,216,283,239,364,319,161,47,14,0,946,50,31,124,157,138,190,150,83,18,5,0,870,54,38,92,126,101,174,169,78,29,9,0
2017,09,읍면동,경기도 성남시 수정구 단대동,16920,1454,1467,2332,2745,2756,2779,1911,1044,359,63,10,8402,756,786,1206,1427,1397,1345,878,461,128,15,3,8518,698,681,1126,1318,1359,1434,1033,583,231,48,7
2017,09,읍면동,경기도 성남시 수정구 복정동,12629,1237,819,2186,3696,2029,1199,904,393,133,27,6,6777,649,357,1152,2085,1247,606,427,203,41,8,2,5852,588,462,1034,1611,782,593,477,190,92,19,4
2017,09,읍면동,경기도 성남시 수정구 산성동,14449,976,1283,1908,2156,2561,2417,1721,1047,315,41,24,7438,520,678,995,1172,1411,1244,808,475,116,10,9,7011,456,605,913,984,1150,1173,913,572,199,31,15
2017,09,읍면동,경기도 성남시 수정구 수진1동,13735,589,996,1818,1765,2287,2738,1954,1146,360,65,17,7024,310,534,957,1015,1228,1398,942,502,117,14,7,6711,279,462,861,750,1059,1340,1012,644,243,51,10
2017,09,읍면동,경기도 성남시 수정구 수진2동,17945,1127,1472,2620,2613,2840,3292,2281,1284,349,52,15,9058,567,797,1364,1413,1468,1626,1076,603,128,13,3,8887,560,675,1256,1200,1372,1666,1205,681,221,39,12
2017,09,읍면동,경기도 성남시 수정구 시흥동,3329,245,197,405,566,448,560,532,269,89,16,2,1728,139,103,225,304,250,266,272,132,34,3,0,1601,106,94,180,262,198,294,260,137,55,13,2
2017,09,읍면동,경기도 성남시 수정구 신촌동,4810,640,469,729,950,765,543,437,194,74,9,0,2505,326,248,438,504,421,261,199,84,22,2,0,2305,314,221,291,446,344,282,238,110,52,7,0
2017,09,읍면동,경기도 성남시 수정구 신흥1동,14353,677,954,2096,2169,2400,2780,1874,1039,295,51,18,7421,341,509,1132,1224,1344,1428,887,449,91,13,3,6932,336,445,964,945,1056,1352,987,590,204,38,15
2017,09,읍면동,경기도 성남시 수정구 신흥2동,14779,1073,1425,1925,2151,2432,2748,1842,842,280,47,14,7531,529,738,1013,1108,1301,1408,923,410,89,7,5,7248,544,687,912,1043,1131,1340,919,432,191,40,9
2017,09,읍면동,경기도 성남시 수정구 신흥3동,11180,498,794,1713,1660,1873,2118,1428,831,220,38,7,5806,247,418,914,938,1050,1099,687,370,68,15,0,5374,251,376,799,722,823,1019,741,461,152,23,7
2017,09,읍면동,경기도 성남시 수정구 양지동,10537,769,1136,1399,1439,1845,1786,1183,717,231,27,5,5237,387,604,700,765,950,887,543,316,75,9,1,5300,382,532,699,674,895,899,640,401,156,18,4
2017,09,읍면동,경기도 성남시 수정구 위례동,37334,4523,3457,5010,6573,6176,6085,3447,1404,581,76,2,18368,2263,1714,2584,3158,3125,2948,1765,628,169,14,0,18966,2260,1743,2426,3415,3051,3137,1682,776,412,62,2
2017,09,읍면동,경기도 성남시 수정구 태평1동,17420,835,1155,2976,2868,2628,3023,2226,1262,394,43,10,8848,430,579,1497,1622,1446,1497,1060,563,140,13,1,8572,405,576,1479,1246,1182,1526,1166,699,254,30,9
2017,09,읍면동,경기도 성남시 수정구 태평2동,16496,943,1474,2480,2220,2835,2972,1978,1133,388,58,15,8340,516,760,1296,1215,1480,1499,934,493,129,12,6,8156,427,714,1184,1005,1355,1473,1044,640,259,46,9
2017,09,읍면동,경기도 성남시 수정구 태평3동,14930,905,1271,2102,2101,2538,2794,1778,1029,350,46,16,7568,428,671,1121,1128,1319,1469,865,437,115,12,3,7362,477,600,981,973,1219,1325,913,592,235,34,13
2017,09,읍면동,경기도 성남시 수정구 태평4동,15132,1084,1599,2058,1996,2752,2609,1627,1038,318,36,15,7657,540,820,1090,1051,1423,1385,783,450,106,5,4,7475,544,779,968,945,1329,1224,844,588,212,31,11
2017,09,구,경기도 성남시 중원구 ,231798,17421,20875,32765,35919,38523,41186,25970,13631,4621,739,148,117355,9042,10722,17105,18820,20215,20803,12834,6128,1496,154,36,114443,8379,10153,15660,17099,18308,20383,13136,7503,3125,585,112
2017,09,읍면동,경기도 성남시 중원구 금광1동,9443,632,724,1294,1516,1492,1832,1149,572,175,30,27,4950,341,357,688,842,818,965,587,281,59,7,5,4493,291,367,606,674,674,867,562,291,116,23,22
2017,09,읍면동,경기도 성남시 중원구 금광2동,27222,1742,2485,4297,4117,4526,4728,3083,1636,519,78,11,13246,889,1188,2068,2061,2272,2336,1507,727,178,18,2,13976,853,1297,2229,2056,2254,2392,1576,909,341,60,9
2017,09,읍면동,경기도 성남시 중원구 도촌동,27956,3478,2886,3411,4984,4913,4081,2495,1162,457,88,1,13669,1770,1508,1759,2382,2493,1900,1184,515,144,14,0,14287,1708,1378,1652,2602,2420,2181,1311,647,313,74,1
2017,09,읍면동,경기도 성남시 중원구 상대원1동,28074,2147,2373,3894,4686,4769,4988,3130,1488,518,71,10,14506,1122,1203,2120,2530,2603,2539,1552,662,156,17,2,13568,1025,1170,1774,2156,2166,2449,1578,826,362,54,8
2017,09,읍면동,경기도 성남시 중원구 상대원2동,15777,844,1300,2185,2084,2652,3236,1977,1084,343,62,10,8145,451,660,1172,1136,1449,1713,985,469,98,11,1,7632,393,640,1013,948,1203,1523,992,615,245,51,9
2017,09,읍면동,경기도 성남시 중원구 상대원3동,13999,853,1195,2023,1972,2332,2791,1639,855,287,44,8,7273,451,641,1072,1102,1229,1458,852,383,76,6,3,6726,402,554,951,870,1103,1333,787,472,211,38,5
2017,09,읍면동,경기도 성남시 중원구 성남동,31564,1853,2428,4934,5301,4769,5574,3744,2090,743,105,23,16219,941,1263,2568,2890,2574,2815,1902,983,261,16,6,15345,912,1165,2366,2411,2195,2759,1842,1107,482,89,17
2017,09,읍면동,경기도 성남시 중원구 은행1동,12053,928,1498,1693,1631,2245,1919,1201,675,226,35,2,5967,487,717,876,842,1137,970,559,302,70,6,1,6086,441,781,817,789,1108,949,642,373,156,29,1
2017,09,읍면동,경기도 성남시 중원구 은행2동,27265,2000,2709,3734,3783,4731,4707,3001,1873,614,95,18,13533,1053,1396,1955,2023,2392,2329,1374,785,201,22,3,13732,947,1313,1779,1760,2339,2378,1627,1088,413,73,15
2017,09,읍면동,경기도 성남시 중원구 중앙동,16087,1186,1137,1868,2509,2658,3027,2103,1143,357,66,33,8452,626,622,998,1297,1497,1664,1041,530,137,27,13,7635,560,515,870,1212,1161,1363,1062,613,220,39,20
2017,09,읍면동,경기도 성남시 중원구 하대원동,22358,1758,2140,3432,3336,3436,4303,2448,1053,382,65,5,11395,911,1167,1829,1715,1751,2114,1291,491,116,10,0,10963,847,973,1603,1621,1685,2189,1157,562,266,55,5
2017,09,시군,경기도 수원시 ,1200415,115201,134018,185468,196853,214889,187571,93084,49876,20263,2943,249,604555,59297,69585,97599,101176,107212,95135,45545,21747,6509,684,66,595860,55904,64433,87869,95677,107677,92436,47539,28129,13754,2259,183
2017,09,구,경기도 수원시 권선구 ,362787,36158,36935,54510,63159,62204,58723,29462,14814,5919,838,65,182934,18527,19354,28189,32731,31441,29492,14550,6550,1897,184,19,179853,17631,17581,26321,30428,30763,29231,14912,8264,4022,654,46
2017,09,읍면동,경기도 수원시 권선구 곡선동,29627,2372,2792,6002,6522,5323,4170,1436,645,315,47,3,15549,1166,1443,3124,3656,2833,2209,740,276,87,13,2,14078,1206,1349,2878,2866,2490,1961,696,369,228,34,1
2017,09,읍면동,경기도 수원시 권선구 구운동,27146,2007,2670,4417,4001,4531,5034,2575,1315,522,69,5,13754,1028,1355,2339,2153,2285,2505,1315,574,184,15,1,13392,979,1315,2078,1848,2246,2529,1260,741,338,54,4
2017,09,읍면동,경기도 수원시 권선구 권선1동,25134,1710,2194,4603,4666,4081,4402,2063,931,424,54,6,12742,858,1200,2302,2481,2058,2237,1054,413,126,11,2,12392,852,994,2301,2185,2023,2165,1009,518,298,43,4
2017,09,읍면동,경기도 수원시 권선구 권선2동,51602,6908,5982,7447,9627,9063,7632,3161,1178,511,90,3,25508,3580,3186,3763,4626,4352,3697,1619,517,149,17,2,26094,3328,2796,3684,5001,4711,3935,1542,661,362,73,1
2017,09,읍면동,경기도 수원시 권선구 금곡동,42211,5276,5071,5538,6878,7696,6587,2816,1569,708,70,2,20974,2760,2707,2839,3331,3742,3304,1371,662,244,14,0,21237,2516,2364,2699,3547,3954,3283,1445,907,464,56,2
2017,09,읍면동,경기도 수원시 권선구 서둔동,41293,3350,4053,6324,6735,6916,6938,4011,2124,728,106,8,20935,1723,2118,3270,3645,3577,3487,1959,912,220,22,2,20358,1627,1935,3054,3090,3339,3451,2052,1212,508,84,6
2017,09,읍면동,경기도 수원시 권선구 세류1동,11000,1080,740,1647,2121,1566,1886,1125,563,227,36,9,5535,584,391,839,1128,799,925,527,249,82,10,1,5465,496,349,808,993,767,961,598,314,145,26,8
2017,09,읍면동,경기도 수원시 권선구 세류2동,25848,1566,2070,4107,4257,4192,4667,2862,1514,528,79,6,13194,790,1103,2148,2380,2178,2311,1393,693,172,23,3,12654,776,967,1959,1877,2014,2356,1469,821,356,56,3
2017,09,읍면동,경기도 수원시 권선구 세류3동,23357,1556,2116,3388,3549,3980,4106,2672,1389,510,82,9,11699,726,1124,1799,1901,2061,1987,1266,639,178,18,0,11658,830,992,1589,1648,1919,2119,1406,750,332,64,9
2017,09,읍면동,경기도 수원시 권선구 입북동,18298,2432,2201,2079,3019,3675,2645,1271,683,260,33,0,9182,1214,1113,1114,1428,1910,1368,628,314,85,8,0,9116,1218,1088,965,1591,1765,1277,643,369,175,25,0
2017,09,읍면동,경기도 수원시 권선구 평동,37271,3295,3984,5440,5583,6309,6581,3442,1777,739,109,12,18980,1733,2057,2905,2921,3133,3418,1731,822,238,18,4,18291,1562,1927,2535,2662,3176,3163,1711,955,501,91,8
2017,09,읍면동,경기도 수원시 권선구 호매실동,30000,4606,3062,3518,6201,4872,4075,2028,1126,447,63,2,14882,2365,1557,1747,3081,2513,2044,947,479,132,15,2,15118,2241,1505,1771,3120,2359,2031,1081,647,315,48,0
2017,09,구,경기도 수원시 영통구 ,347193,39890,44179,55210,62959,66370,46587,18418,9084,3913,559,24,174851,20518,22817,28870,31868,32629,23946,9069,3832,1178,119,5,172342,19372,21362,26340,31091,33741,22641,9349,5252,2735,440,19
2017,09,읍면동,경기도 수원시 영통구 광교1동,49733,6657,6955,6698,9346,10599,5942,2106,943,417,67,3,24541,3435,3474,3205,4409,5242,3186,1063,386,122,19,0,25192,3222,3481,3493,4937,5357,2756,1043,557,295,48,3
2017,09,읍면동,경기도 수원시 영통구 광교2동,25769,3992,2553,2637,5753,4406,3228,1882,949,320,49,0,12420,2008,1298,1268,2776,2174,1516,855,423,91,11,0,13349,1984,1255,1369,2977,2232,1712,1027,526,229,38,0
2017,09,읍면동,경기도 수원시 영통구 매탄1동,20459,1826,2504,3323,3107,3715,3219,1604,797,316,44,4,10281,920,1308,1865,1568,1786,1606,756,356,107,9,0,10178,906,1196,1458,1539,1929,1613,848,441,209,35,4
2017,09,읍면동,경기도 수원시 영통구 매탄2동,16377,1304,2025,2527,2326,2966,2773,1409,732,274,38,3,8159,694,1046,1283,1208,1446,1371,685,327,93,6,0,8218,610,979,1244,1118,1520,1402,724,405,181,32,3
2017,09,읍면동,경기도 수원시 영통구 매탄3동,38599,3861,5184,7091,6360,7412,5169,2052,954,452,61,3,19978,1976,2657,3933,3463,3631,2734,1040,406,123,15,0,18621,1885,2527,3158,2897,3781,2435,1012,548,329,46,3
2017,09,읍면동,경기도 수원시 영통구 매탄4동,24053,2066,2951,3978,3932,4416,3734,1718,809,384,62,3,11942,1087,1494,2120,1989,2134,1820,846,334,99,17,2,12111,979,1457,1858,1943,2282,1914,872,475,285,45,1
2017,09,읍면동,경기도 수원시 영통구 영통1동,41804,4826,5635,6600,7192,8404,5699,1912,1019,449,66,2,20992,2489,2948,3430,3561,4099,2955,943,400,155,10,2,20812,2337,2687,3170,3631,4305,2744,969,619,294,56,0
2017,09,읍면동,경기도 수원시 영통구 영통2동,46870,5883,6537,6656,8859,9419,6154,1789,988,520,62,3,23406,3003,3427,3312,4430,4547,3248,889,379,156,15,0,23464,2880,3110,3344,4429,4872,2906,900,609,364,47,3
2017,09,읍면동,경기도 수원시 영통구 원천동,24805,2558,2345,5083,5529,4076,2824,1412,676,260,41,1,13008,1307,1302,2711,3020,2201,1414,673,297,75,7,1,11797,1251,1043,2372,2509,1875,1410,739,379,185,34,0
2017,09,읍면동,경기도 수원시 영통구 태장동,58724,6917,7490,10617,10555,10957,7845,2534,1217,521,69,2,30124,3599,3863,5743,5444,5369,4096,1319,524,157,10,0,28600,3318,3627,4874,5111,5588,3749,1215,693,364,59,2
2017,09,구,경기도 수원시 장안구 ,294379,25170,34793,45696,40437,53201,48737,24652,14441,6237,936,79,148051,12999,18119,24893,20534,26182,24715,12036,6272,2053,227,21,146328,12171,16674,20803,19903,27019,24022,12616,8169,4184,709,58
2017,09,읍면동,경기도 수원시 장안구 송죽동,20684,1543,2117,3070,3323,3500,3619,1979,1026,439,64,4,10261,786,1104,1551,1705,1737,1776,987,450,147,17,1,10423,757,1013,1519,1618,1763,1843,992,576,292,47,3
2017,09,읍면동,경기도 수원시 장안구 연무동,19564,1065,1617,2931,2534,2936,3589,2438,1642,686,110,16,9952,574,822,1639,1462,1571,1769,1142,735,210,26,2,9612,491,795,1292,1072,1365,1820,1296,907,476,84,14
2017,09,읍면동,경기도 수원시 장안구 영화동,21585,1235,1543,2978,3182,3438,4207,2821,1561,511,90,19,10817,614,767,1536,1748,1792,2083,1350,715,188,18,6,10768,621,776,1442,1434,1646,2124,1471,846,323,72,13
2017,09,읍면동,경기도 수원시 장안구 율천동,44186,3955,5213,9573,6563,7292,6246,2914,1576,749,96,9,23296,2015,2781,5897,3416,3623,3183,1434,651,265,26,5,20890,1940,2432,3676,3147,3669,3063,1480,925,484,70,4
2017,09,읍면동,경기도 수원시 장안구 정자1동,34567,3616,4254,4889,4842,6606,5522,2682,1405,650,93,8,17203,1858,2277,2588,2357,3229,2789,1287,608,185,22,3,17364,1758,1977,2301,2485,3377,2733,1395,797,465,71,5
2017,09,읍면동,경기도 수원시 장안구 정자2동,32088,2695,3937,4587,4476,5836,5302,2765,1754,640,93,3,15914,1396,2048,2452,2217,2833,2654,1301,746,243,23,1,16174,1299,1889,2135,2259,3003,2648,1464,1008,397,70,2
2017,09,읍면동,경기도 수원시 장안구 정자3동,44960,4883,7798,6070,5488,10329,6505,1978,1260,564,82,3,22335,2539,3920,3147,2496,4944,3569,1008,530,165,17,0,22625,2344,3878,2923,2992,5385,2936,970,730,399,65,3
2017,09,읍면동,경기도 수원시 장안구 조원1동,31457,2340,3563,4687,4072,5515,5469,2980,1827,873,126,5,15801,1236,1866,2437,2172,2728,2760,1491,800,282,29,0,15656,1104,1697,2250,1900,2787,2709,1489,1027,591,97,5
2017,09,읍면동,경기도 수원시 장안구 조원2동,20223,1853,2489,3226,2316,3491,3729,1512,961,545,97,4,9790,968,1302,1652,1042,1557,1873,756,409,195,35,1,10433,885,1187,1574,1274,1934,1856,756,552,350,62,3
2017,09,읍면동,경기도 수원시 장안구 파장동,25065,1985,2262,3685,3641,4258,4549,2583,1429,580,85,8,12682,1013,1232,1994,1919,2168,2259,1280,628,173,14,2,12383,972,1030,1691,1722,2090,2290,1303,801,407,71,6
2017,09,구,경기도 수원시 팔달구 ,196056,13983,18111,30052,30298,33114,33524,20552,11537,4194,610,81,98719,7253,9295,15647,16043,16960,16982,9890,5093,1381,154,21,97337,6730,8816,14405,14255,16154,16542,10662,6444,2813,456,60
2017,09,읍면동,경기도 수원시 팔달구 고등동,10260,502,773,1392,1425,1691,1865,1407,888,265,43,9,5228,272,392,702,819,893,945,666,422,98,13,6,5032,230,381,690,606,798,920,741,466,167,30,3
2017,09,읍면동,경기도 수원시 팔달구 매교동,10541,516,672,1429,1558,1598,2097,1432,895,293,46,5,5492,268,349,786,881,907,1085,709,390,104,10,3,5049,248,323,643,677,691,1012,723,505,189,36,2
2017,09,읍면동,경기도 수원시 팔달구 매산동,11156,573,650,2039,1899,1587,2012,1355,731,256,48,6,5773,283,338,1041,1043,857,1042,706,347,98,15,3,5383,290,312,998,856,730,970,649,384,158,33,3
2017,09,읍면동,경기도 수원시 팔달구 우만1동,22392,1457,1991,3480,3584,3672,3772,2441,1385,534,67,9,11152,770,1057,1845,1973,1850,1804,1131,554,148,17,3,11240,687,934,1635,1611,1822,1968,1310,831,386,50,6
2017,09,읍면동,경기도 수원시 팔달구 우만2동,18324,1614,2221,3469,2752,3146,2742,1361,707,268,42,2,9227,833,1193,1968,1355,1514,1349,629,301,74,10,1,9097,781,1028,1501,1397,1632,1393,732,406,194,32,1
2017,09,읍면동,경기도 수원시 팔달구 인계동,44250,3505,3724,7372,8414,7588,6917,3917,1996,704,99,14,22468,1773,1959,3724,4474,4011,3472,1921,903,207,22,2,21782,1732,1765,3648,3940,3577,3445,1996,1093,497,77,12
2017,09,읍면동,경기도 수원시 팔달구 지동,13906,693,1110,1712,1819,2251,2638,1961,1240,428,46,8,7070,374,589,913,995,1231,1352,926,547,135,7,1,6836,319,521,799,824,1020,1286,1035,693,293,39,7
2017,09,읍면동,경기도 수원시 팔달구 행궁동,11211,405,659,1304,1358,1702,2325,1870,1117,393,68,10,5918,209,336,700,778,1010,1276,916,533,136,24,0,5293,196,323,604,580,692,1049,954,584,257,44,10
2017,09,읍면동,경기도 수원시 팔달구 화서1동,25188,2031,2657,3438,3445,4467,4280,2754,1457,567,80,12,12247,1026,1296,1745,1755,2179,2087,1312,617,208,21,1,12941,1005,1361,1693,1690,2288,2193,1442,840,359,59,11
2017,09,읍면동,경기도 수원시 팔달구 화서2동,28828,2687,3654,4417,4044,5412,4876,2054,1121,486,71,6,14144,1445,1786,2223,1970,2508,2570,974,479,173,15,1,14684,1242,1868,2194,2074,2904,2306,1080,642,313,56,5
2017,09,시군,경기도 시흥시 ,413167,39859,49348,58104,61683,81369,70703,29305,15585,6277,869,65,216679,20513,25447,31599,33097,42994,38813,15392,6616,1998,190,20,196488,19346,23901,26505,28586,38375,31890,13913,8969,4279,679,45
2017,09,읍면동,경기도 시흥시 과림동,2156,60,66,197,224,237,573,482,215,90,10,2,1299,30,30,124,136,174,350,293,119,38,3,2,857,30,36,73,88,63,223,189,96,52,7,0
2017,09,읍면동,경기도 시흥시 군자동,25361,2456,2833,3355,3929,4561,4264,2255,1181,465,53,9,13246,1271,1471,1820,2170,2475,2255,1117,517,138,10,2,12115,1185,1362,1535,1759,2086,2009,1138,664,327,43,7
2017,09,읍면동,경기도 시흥시 능곡동,15986,1641,2540,1819,1799,3466,2598,1097,692,281,52,1,7902,844,1246,964,824,1691,1404,548,286,88,7,0,8084,797,1294,855,975,1775,1194,549,406,193,45,1
2017,09,읍면동,경기도 시흥시 대야동,32260,2096,3539,5090,3755,5465,6773,3110,1579,722,124,7,16424,1101,1828,2656,1997,2712,3572,1677,627,228,24,2,15836,995,1711,2434,1758,2753,3201,1433,952,494,100,5
2017,09,읍면동,경기도 시흥시 매화동,13537,1048,1630,1833,1476,2576,2461,1273,835,354,49,2,7016,529,865,992,759,1351,1368,663,366,106,17,0,6521,519,765,841,717,1225,1093,610,469,248,32,2
2017,09,읍면동,경기도 시흥시 목감동,24872,3417,2037,2796,5005,3914,3738,2277,1130,481,70,7,12608,1712,1053,1436,2557,2114,1909,1156,512,146,10,3,12264,1705,984,1360,2448,1800,1829,1121,618,335,60,4
2017,09,읍면동,경기도 시흥시 신천동,41472,2684,4864,6672,4741,7483,8596,3736,1873,708,104,11,21281,1394,2500,3530,2548,3727,4593,1984,764,216,25,0,20191,1290,2364,3142,2193,3756,4003,1752,1109,492,79,11
2017,09,읍면동,경기도 시흥시 신현동,11432,787,1094,1629,1261,1905,2424,1271,693,315,47,6,5982,400,565,909,682,996,1296,699,303,109,19,4,5450,387,529,720,579,909,1128,572,390,206,28,2
2017,09,읍면동,경기도 시흥시 연성동,24596,2263,3772,3375,2815,5426,4025,1477,1014,374,50,5,12521,1143,1999,1749,1378,2680,2267,724,440,128,11,2,12075,1120,1773,1626,1437,2746,1758,753,574,246,39,3
2017,09,읍면동,경기도 시흥시 월곶동,16296,1970,1563,1690,3002,3297,2424,1353,710,254,32,1,8466,1003,829,871,1560,1797,1281,690,339,90,6,0,7830,967,734,819,1442,1500,1143,663,371,164,26,1
2017,09,읍면동,경기도 시흥시 은행동,29944,2587,4308,4587,3402,5873,5584,2037,1045,472,42,7,15020,1332,2221,2446,1650,2810,2942,1073,402,135,7,2,14924,1255,2087,2141,1752,3063,2642,964,643,337,35,5
2017,09,읍면동,경기도 시흥시 장곡동,18802,2211,3479,2330,2260,4433,2685,688,494,189,32,1,9434,1153,1791,1185,1006,2164,1540,342,175,63,14,1,9368,1058,1688,1145,1254,2269,1145,346,319,126,18,0
2017,09,읍면동,경기도 시흥시 정왕1동,26741,2246,2526,3909,5049,5850,4450,1718,718,241,33,1,15494,1138,1280,2328,3151,3568,2679,953,312,77,7,1,11247,1108,1246,1581,1898,2282,1771,765,406,164,26,0
2017,09,읍면동,경기도 시흥시 정왕2동,34223,3719,4726,5174,4946,7096,5479,1645,988,408,40,2,17692,1962,2426,2761,2530,3629,2984,860,392,140,7,1,16531,1757,2300,2413,2416,3467,2495,785,596,268,33,1
2017,09,읍면동,경기도 시흥시 정왕3동,26166,2536,2793,3579,4531,5405,4489,1687,786,309,51,0,14586,1291,1452,2017,2687,3145,2620,932,338,93,11,0,11580,1245,1341,1562,1844,2260,1869,755,448,216,40,0
2017,09,읍면동,경기도 시흥시 정왕4동,44859,6304,6175,5832,7810,9266,6193,1832,997,395,54,1,22668,3291,3168,3066,3729,4614,3342,907,410,134,7,0,22191,3013,3007,2766,4081,4652,2851,925,587,261,47,1
2017,09,읍면동,경기도 시흥시 정왕본동,24464,1834,1403,4237,5678,5116,3947,1367,635,219,26,2,15040,919,723,2745,3733,3347,2411,774,314,69,5,0,9424,915,680,1492,1945,1769,1536,593,321,150,21,2
2017,09,시군,경기도 안산시 ,681522,55842,80004,107946,96053,127364,122074,52002,26808,11729,1606,94,349430,28452,41368,57433,51245,64143,64518,26841,11429,3644,338,19,332092,27390,38636,50513,44808,63221,57556,25161,15379,8085,1268,75
2017,09,구,경기도 안산시 단원구 ,308901,25501,36847,47650,43567,58295,56374,23885,11159,4947,627,49,159469,12979,19088,25509,23320,29575,29963,12527,4886,1482,129,11,149432,12522,17759,22141,20247,28720,26411,11358,6273,3465,498,38
2017,09,읍면동,경기도 안산시 단원구 고잔동,20910,1500,2515,3489,2768,3743,3833,1730,899,384,46,3,10500,751,1305,1861,1479,1818,1948,849,365,119,5,0,10410,749,1210,1628,1289,1925,1885,881,534,265,41,3
2017,09,읍면동,경기도 안산시 단원구 대부동,8353,337,463,818,722,970,1932,1619,972,444,69,7,4374,178,256,464,427,555,983,840,513,140,15,3,3979,159,207,354,295,415,949,779,459,304,54,4
2017,09,읍면동,경기도 안산시 단원구 백운동,20466,1566,2296,3031,2618,3494,4179,2134,820,281,40,7,10437,780,1189,1628,1369,1723,2122,1131,403,82,10,0,10029,786,1107,1403,1249,1771,2057,1003,417,199,30,7
2017,09,읍면동,경기도 안산시 단원구 선부1동,11687,948,1103,1671,1899,1980,2184,1106,511,260,24,1,6005,480,560,961,1093,1022,1088,561,173,58,8,1,5682,468,543,710,806,958,1096,545,338,202,16,0
2017,09,읍면동,경기도 안산시 단원구 선부2동,22293,1515,2605,3418,2897,4498,4354,1737,859,352,55,3,12080,799,1380,1848,1644,2481,2529,889,392,102,15,1,10213,716,1225,1570,1253,2017,1825,848,467,250,40,2
2017,09,읍면동,경기도 안산시 단원구 선부3동,35251,2956,4414,5697,5211,6705,6334,2340,1053,488,48,5,18026,1493,2316,3008,2752,3346,3282,1259,424,138,7,1,17225,1463,2098,2689,2459,3359,3052,1081,629,350,41,4
2017,09,읍면동,경기도 안산시 단원구 신길동,24883,2487,2953,3465,3918,4689,4223,1916,840,350,41,1,13242,1289,1498,1946,2187,2522,2283,1006,406,97,8,0,11641,1198,1455,1519,1731,2167,1940,910,434,253,33,1
2017,09,읍면동,경기도 안산시 단원구 와동,44248,3646,5242,6863,6807,8760,7574,3015,1578,676,84,3,23232,1913,2723,3718,3795,4620,4088,1530,622,205,18,0,21016,1733,2519,3145,3012,4140,3486,1485,956,471,66,3
2017,09,읍면동,경기도 안산시 단원구 원곡동,7799,436,346,773,916,1629,1862,994,584,235,19,5,4545,221,180,457,544,1022,1181,547,292,93,7,1,3254,215,166,316,372,607,681,447,292,142,12,4
2017,09,읍면동,경기도 안산시 단원구 중앙동,21589,1686,2457,3818,3411,3852,3758,1656,617,287,42,5,10706,824,1265,1943,1714,1871,1859,878,262,81,7,2,10883,862,1192,1875,1697,1981,1899,778,355,206,35,3
2017,09,읍면동,경기도 안산시 단원구 초지동,42845,4306,5755,6098,6544,8647,6712,2686,1364,635,93,5,21876,2174,2945,3320,3437,4276,3575,1365,568,199,16,1,20969,2132,2810,2778,3107,4371,3137,1321,796,436,77,4
2017,09,읍면동,경기도 안산시 단원구 호수동,48577,4118,6698,8509,5856,9328,9429,2952,1062,555,66,4,24446,2077,3471,4355,2879,4319,5025,1672,466,168,13,1,24131,2041,3227,4154,2977,5009,4404,1280,596,387,53,3
2017,09,구,경기도 안산시 상록구 ,372621,30341,43157,60296,52486,69069,65700,28117,15649,6782,979,45,189961,15473,22280,31924,27925,34568,34555,14314,6543,2162,209,8,182660,14868,20877,28372,24561,34501,31145,13803,9106,4620,770,37
2017,09,읍면동,경기도 안산시 상록구 반월동,19842,1662,1664,2547,2841,3179,3651,2443,1320,479,52,4,10075,845,830,1375,1517,1670,1833,1219,623,153,8,2,9767,817,834,1172,1324,1509,1818,1224,697,326,44,2
2017,09,읍면동,경기도 안산시 상록구 본오1동,43421,3949,5411,6491,6311,8604,7194,2873,1812,695,79,2,22278,1991,2754,3458,3373,4417,3887,1408,752,222,15,1,21143,1958,2657,3033,2938,4187,3307,1465,1060,473,64,1
2017,09,읍면동,경기도 안산시 상록구 본오2동,30308,2290,3948,4848,3764,5951,5307,2149,1390,591,69,1,14981,1171,1980,2432,1920,2891,2703,1102,576,189,17,0,15327,1119,1968,2416,1844,3060,2604,1047,814,402,52,1
2017,09,읍면동,경기도 안산시 상록구 본오3동,23115,1638,2472,3908,3379,4129,4270,1717,1058,475,69,0,11488,824,1246,1979,1796,2040,2101,891,430,166,15,0,11627,814,1226,1929,1583,2089,2169,826,628,309,54,0
2017,09,읍면동,경기도 안산시 상록구 부곡동,24366,2064,2815,3857,3131,4648,4437,1820,1102,443,47,2,12465,1061,1434,2044,1602,2357,2450,932,432,145,7,1,11901,1003,1381,1813,1529,2291,1987,888,670,298,40,1
2017,09,읍면동,경기도 안산시 상록구 사동,38535,2978,4223,6587,6244,7282,6208,2274,1590,970,169,10,20045,1550,2231,3539,3541,3738,3373,1148,588,290,45,2,18490,1428,1992,3048,2703,3544,2835,1126,1002,680,124,8
2017,09,읍면동,경기도 안산시 상록구 사이동,35348,3428,4628,5483,4861,6678,6048,2449,1195,499,77,2,17874,1719,2413,2870,2518,3262,3173,1257,493,150,19,0,17474,1709,2215,2613,2343,3416,2875,1192,702,349,58,2
2017,09,읍면동,경기도 안산시 상록구 성포동,26487,1992,3310,4688,3071,4387,5379,2160,907,499,89,5,13053,1020,1722,2505,1480,1939,2676,1148,390,146,26,1,13434,972,1588,2183,1591,2448,2703,1012,517,353,63,4
2017,09,읍면동,경기도 안산시 상록구 안산동,10038,780,916,1352,1283,1608,1972,1279,578,231,35,4,5211,394,476,720,693,865,1053,660,257,85,7,1,4827,386,440,632,590,743,919,619,321,146,28,3
2017,09,읍면동,경기도 안산시 상록구 월피동,44786,3419,5692,7699,5679,8409,8341,3068,1605,762,106,6,22952,1791,3030,4151,3019,4036,4449,1590,647,221,18,0,21834,1628,2662,3548,2660,4373,3892,1478,958,541,88,6
2017,09,읍면동,경기도 안산시 상록구 이동,28648,1935,2267,5375,5141,5064,4808,2264,1267,444,77,6,15135,976,1228,2845,2907,2724,2592,1129,556,167,11,0,13513,959,1039,2530,2234,2340,2216,1135,711,277,66,6
2017,09,읍면동,경기도 안산시 상록구 일동,28258,2558,3202,4018,4370,5506,4507,2201,1344,481,69,2,14317,1260,1591,2087,2307,2903,2373,1046,570,166,14,0,13941,1298,1611,1931,2063,2603,2134,1155,774,315,55,2
2017,09,읍면동,경기도 안산시 상록구 해양동,19469,1648,2609,3443,2411,3624,3578,1420,481,213,41,1,10087,871,1345,1919,1252,1726,1892,784,229,62,7,0,9382,777,1264,1524,1159,1898,1686,636,252,151,34,1
2017,09,시군,경기도 안성시 ,183450,16966,19812,21178,25911,30713,29503,19652,12723,6167,784,41,93928,8691,10368,11546,13731,16401,15487,9866,5583,2065,182,8,89522,8275,9444,9632,12180,14312,14016,9786,7140,4102,602,33
2017,09,읍면동,경기도 안성시 고삼면,2034,64,114,222,158,245,418,367,279,151,16,0,1068,30,59,139,96,151,210,193,134,54,2,0,966,34,55,83,62,94,208,174,145,97,14,0
2017,09,읍면동,경기도 안성시 공도읍,57160,7635,7645,5811,9953,11473,7104,4055,2354,1025,105,0,28642,3871,3968,3020,4942,5947,3633,1935,975,329,22,0,28518,3764,3677,2791,5011,5526,3471,2120,1379,696,83,0
2017,09,읍면동,경기도 안성시 금광면,8350,767,870,813,1047,1316,1350,1049,720,373,41,4,4113,403,468,418,516,704,674,511,294,115,9,1,4237,364,402,395,531,612,676,538,426,258,32,3
2017,09,읍면동,경기도 안성시 대덕면,16777,1816,1213,2290,3525,2733,2445,1482,820,391,59,3,9319,958,614,1308,2087,1630,1400,772,383,151,16,0,7458,858,599,982,1438,1103,1045,710,437,240,43,3
2017,09,읍면동,경기도 안성시 미양면,6630,449,442,633,892,918,1171,1010,707,356,48,4,3512,226,225,366,525,566,617,547,321,109,9,1,3118,223,217,267,367,352,554,463,386,247,39,3
2017,09,읍면동,경기도 안성시 보개면,5954,244,421,650,555,720,1222,945,746,399,48,4,3155,128,260,361,340,433,656,497,334,138,8,0,2799,116,161,289,215,287,566,448,412,261,40,4
2017,09,읍면동,경기도 안성시 삼죽면,3851,133,443,442,319,402,741,638,482,231,18,2,2026,74,221,256,193,239,401,332,213,95,2,0,1825,59,222,186,126,163,340,306,269,136,16,2
2017,09,읍면동,경기도 안성시 서운면,3781,142,220,429,345,474,752,667,486,243,22,1,2013,75,133,257,198,283,421,329,221,90,5,1,1768,67,87,172,147,191,331,338,265,153,17,0
2017,09,읍면동,경기도 안성시 안성1동,12245,743,1218,1667,1344,1759,2338,1542,1083,481,64,6,6133,386,602,886,740,893,1194,759,486,170,15,2,6112,357,616,781,604,866,1144,783,597,311,49,4
2017,09,읍면동,경기도 안성시 안성2동,19162,1832,2339,2416,2696,3477,3119,1758,998,469,56,2,9606,940,1206,1301,1359,1798,1585,852,416,131,17,1,9556,892,1133,1115,1337,1679,1534,906,582,338,39,1
2017,09,읍면동,경기도 안성시 안성3동,21210,1795,2837,3049,2438,3807,3639,1881,1177,509,73,5,10549,919,1508,1639,1198,1808,1886,913,502,160,16,0,10661,876,1329,1410,1240,1999,1753,968,675,349,57,5
2017,09,읍면동,경기도 안성시 양성면,5499,216,302,564,480,691,1154,950,638,427,75,2,2866,105,152,357,282,395,639,497,296,130,13,0,2633,111,150,207,198,296,515,453,342,297,62,2
2017,09,읍면동,경기도 안성시 원곡면,5065,356,370,534,640,744,1011,699,455,212,42,2,2703,183,198,305,361,446,542,375,205,74,13,1,2362,173,172,229,279,298,469,324,250,138,29,1
2017,09,읍면동,경기도 안성시 일죽면,8337,431,793,822,798,989,1561,1442,935,488,76,2,4334,228,445,452,464,566,822,750,411,172,23,1,4003,203,348,370,334,423,739,692,524,316,53,1
2017,09,읍면동,경기도 안성시 죽산면,7395,343,585,836,721,965,1478,1167,843,412,41,4,3889,165,309,481,430,542,807,604,392,147,12,0,3506,178,276,355,291,423,671,563,451,265,29,4
2017,09,시군,경기도 안양시 ,591540,48600,63416,86567,87332,101795,103741,57972,28710,11669,1587,151,293680,24897,32857,44971,44525,49606,50957,29092,12652,3700,384,39,297860,23703,30559,41596,42807,52189,52784,28880,16058,7969,1203,112
2017,09,구,경기도 안양시 동안구 ,336524,29300,40131,48557,49209,61330,57202,29583,14039,6232,865,76,165629,15001,20763,25176,24458,29106,27988,14912,6077,1923,206,19,170895,14299,19368,23381,24751,32224,29214,14671,7962,4309,659,57
2017,09,읍면동,경기도 안양시 동안구 갈산동,11845,875,1605,1760,1310,2126,2096,1167,570,282,47,7,5774,426,828,929,624,975,1029,594,258,94,13,4,6071,449,777,831,686,1151,1067,573,312,188,34,3
2017,09,읍면동,경기도 안양시 동안구 관양1동,39437,3053,3800,6372,5676,6215,7223,4006,2078,896,110,8,19388,1600,1936,3379,2977,2971,3393,1944,871,288,28,1,20049,1453,1864,2993,2699,3244,3830,2062,1207,608,82,7
2017,09,읍면동,경기도 안양시 동안구 관양2동,20154,1663,1780,3020,3480,3380,3464,1882,1038,398,45,4,10198,810,892,1635,1852,1726,1742,917,470,143,11,0,9956,853,888,1385,1628,1654,1722,965,568,255,34,4
2017,09,읍면동,경기도 안양시 동안구 귀인동,17482,1579,3496,2182,1465,4222,2631,1049,565,260,32,1,8640,854,1837,1081,608,1964,1402,542,243,103,6,0,8842,725,1659,1101,857,2258,1229,507,322,157,26,1
2017,09,읍면동,경기도 안양시 동안구 달안동,12100,1141,952,1616,2813,2144,1629,946,543,287,28,1,5618,607,498,739,1406,978,695,424,197,70,4,0,6482,534,454,877,1407,1166,934,522,346,217,24,1
2017,09,읍면동,경기도 안양시 동안구 범계동,16226,1358,2508,2246,2010,3388,2566,1071,680,341,55,3,7817,682,1342,1098,908,1541,1302,518,294,119,13,0,8409,676,1166,1148,1102,1847,1264,553,386,222,42,3
2017,09,읍면동,경기도 안양시 동안구 부림동,25724,2767,2726,3172,5407,5115,3558,1681,886,366,45,1,12449,1388,1419,1526,2696,2442,1681,820,350,117,9,1,13275,1379,1307,1646,2711,2673,1877,861,536,249,36,0
2017,09,읍면동,경기도 안양시 동안구 부흥동,18466,1760,2480,2336,2614,3662,2781,1647,739,387,56,4,8927,915,1311,1191,1232,1735,1315,810,309,96,13,0,9539,845,1169,1145,1382,1927,1466,837,430,291,43,4
2017,09,읍면동,경기도 안양시 동안구 비산1동,23287,2308,2786,3128,3263,4198,3965,2256,935,366,65,17,11388,1198,1396,1604,1594,2008,1897,1129,433,112,16,1,11899,1110,1390,1524,1669,2190,2068,1127,502,254,49,16
2017,09,읍면동,경기도 안양시 동안구 비산2동,12966,1026,1412,2018,1752,2167,2427,1327,553,222,54,8,6340,516,734,1052,842,1012,1178,669,248,73,14,2,6626,510,678,966,910,1155,1249,658,305,149,40,6
2017,09,읍면동,경기도 안양시 동안구 비산3동,24961,1691,2482,4049,3347,3888,4830,2644,1305,631,91,3,12467,880,1282,2203,1788,1859,2353,1334,568,175,23,2,12494,811,1200,1846,1559,2029,2477,1310,737,456,68,1
2017,09,읍면동,경기도 안양시 동안구 신촌동,13964,1064,1998,2140,1693,2557,2601,1216,476,194,25,0,6885,524,1041,1104,836,1138,1296,661,222,58,5,0,7079,540,957,1036,857,1419,1305,555,254,136,20,0
2017,09,읍면동,경기도 안양시 동안구 평안동,25160,2826,4142,2855,3598,5840,3268,1450,748,386,43,4,12362,1435,2197,1468,1619,2801,1664,757,288,117,12,4,12798,1391,1945,1387,1979,3039,1604,693,460,269,31,0
2017,09,읍면동,경기도 안양시 동안구 평촌동,16388,1725,2094,2358,2139,3207,2840,1157,587,253,24,4,8091,895,1071,1238,988,1476,1473,597,250,93,8,2,8297,830,1023,1120,1151,1731,1367,560,337,160,16,2
2017,09,읍면동,경기도 안양시 동안구 호계1동,8570,582,713,1286,1346,1423,1655,935,433,166,28,3,4457,316,367,687,748,755,871,474,199,36,3,1,4113,266,346,599,598,668,784,461,234,130,25,2
2017,09,읍면동,경기도 안양시 동안구 호계2동,25557,1922,2608,4218,3815,3907,4939,2656,1012,422,53,5,12622,964,1330,2203,1942,1842,2370,1376,458,128,9,0,12935,958,1278,2015,1873,2065,2569,1280,554,294,44,5
2017,09,읍면동,경기도 안양시 동안구 호계3동,24237,1960,2549,3801,3481,3891,4729,2493,891,375,64,3,12206,991,1282,2039,1798,1883,2327,1346,419,101,19,1,12031,969,1267,1762,1683,2008,2402,1147,472,274,45,2
2017,09,구,경기도 안양시 만안구 ,255016,19300,23285,38010,38123,40465,46539,28389,14671,5437,722,75,128051,9896,12094,19795,20067,20500,22969,14180,6575,1777,178,20,126965,9404,11191,18215,18056,19965,23570,14209,8096,3660,544,55
2017,09,읍면동,경기도 안양시 만안구 박달1동,16820,1060,1475,2437,2134,2843,3286,1999,1137,391,52,6,8460,531,727,1269,1146,1499,1671,990,495,115,15,2,8360,529,748,1168,988,1344,1615,1009,642,276,37,4
2017,09,읍면동,경기도 안양시 만안구 박달2동,23222,2295,2557,3651,3654,3636,4052,2094,840,400,42,1,11683,1197,1336,1929,1866,1762,1981,1097,380,124,11,0,11539,1098,1221,1722,1788,1874,2071,997,460,276,31,1
2017,09,읍면동,경기도 안양시 만안구 석수1동,20777,1798,1865,2872,3111,3354,3728,2248,1214,504,73,10,10230,940,977,1488,1531,1666,1766,1128,558,157,16,3,10547,858,888,1384,1580,1688,1962,1120,656,347,57,7
2017,09,읍면동,경기도 안양시 만안구 석수2동,33825,2741,3229,4872,4909,5540,6136,3588,1995,715,92,8,16976,1404,1726,2505,2503,2818,3104,1771,892,234,18,1,16849,1337,1503,2367,2406,2722,3032,1817,1103,481,74,7
2017,09,읍면동,경기도 안양시 만안구 석수3동,15076,1323,1740,2177,1967,2602,2789,1408,745,285,38,2,7559,651,912,1204,984,1311,1414,695,305,78,5,0,7517,672,828,973,983,1291,1375,713,440,207,33,2
2017,09,읍면동,경기도 안양시 만안구 안양1동,18283,1580,1822,2769,2908,3010,3165,1873,796,305,53,2,9078,790,902,1462,1455,1478,1542,949,367,113,20,0,9205,790,920,1307,1453,1532,1623,924,429,192,33,2
2017,09,읍면동,경기도 안양시 만안구 안양2동,22073,1329,1852,3522,3116,3324,4224,2714,1460,468,57,7,11125,698,975,1755,1672,1681,2121,1377,667,160,16,3,10948,631,877,1767,1444,1643,2103,1337,793,308,41,4
2017,09,읍면동,경기도 안양시 만안구 안양3동,17711,1109,1596,2691,2524,2747,3339,2217,1076,365,40,7,8847,561,855,1402,1379,1392,1575,1078,481,115,8,1,8864,548,741,1289,1145,1355,1764,1139,595,250,32,6
2017,09,읍면동,경기도 안양시 만안구 안양4동,7350,371,561,1155,1019,1122,1310,927,620,235,30,0,3705,190,296,550,597,594,663,453,261,93,8,0,3645,181,265,605,422,528,647,474,359,142,22,0
2017,09,읍면동,경기도 안양시 만안구 안양5동,13898,771,1105,1989,1894,2092,2672,1788,1094,436,52,5,6975,439,577,1021,1048,1067,1323,876,477,137,9,1,6923,332,528,968,846,1025,1349,912,617,299,43,4
2017,09,읍면동,경기도 안양시 만안구 안양6동,19217,1182,1342,2856,3401,2946,3420,2382,1203,427,48,10,9936,592,667,1521,1920,1568,1729,1200,551,165,19,4,9281,590,675,1335,1481,1378,1691,1182,652,262,29,6
2017,09,읍면동,경기도 안양시 만안구 안양7동,16148,1760,1527,2295,3029,2683,2644,1415,562,183,42,8,8118,911,797,1156,1543,1331,1319,708,282,59,9,3,8030,849,730,1139,1486,1352,1325,707,280,124,33,5
2017,09,읍면동,경기도 안양시 만안구 안양8동,12085,650,955,1937,1849,1849,2288,1507,729,274,45,2,6227,334,494,1070,1083,978,1085,763,337,74,9,0,5858,316,461,867,766,871,1203,744,392,200,36,2
2017,09,읍면동,경기도 안양시 만안구 안양9동,18531,1331,1659,2787,2608,2717,3486,2229,1200,449,58,7,9132,658,853,1463,1340,1355,1676,1095,522,153,15,2,9399,673,806,1324,1268,1362,1810,1134,678,296,43,5
2017,09,시군,경기도 양주시 ,210878,20517,24365,24104,27621,38391,34175,22066,13784,5138,678,39,106969,10487,12530,12853,14021,19839,17996,10935,6283,1852,163,10,103909,10030,11835,11251,13600,18552,16179,11131,7501,3286,515,29
2017,09,읍면동,경기도 양주시 광적면,12396,824,1059,1495,1300,1997,2578,1648,1023,424,44,4,6666,428,571,864,738,1100,1457,880,465,152,11,0,5730,396,488,631,562,897,1121,768,558,272,33,4
2017,09,읍면동,경기도 양주시 남면,7537,503,538,916,885,999,1508,1127,653,341,64,3,4154,264,272,558,525,619,858,642,296,104,14,2,3383,239,266,358,360,380,650,485,357,237,50,1
2017,09,읍면동,경기도 양주시 백석읍,28198,2111,3158,3532,2968,4836,5319,3329,2039,795,105,6,14266,1082,1643,1870,1555,2425,2790,1672,914,290,24,1,13932,1029,1515,1662,1413,2411,2529,1657,1125,505,81,5
2017,09,읍면동,경기도 양주시 양주1동,6021,284,406,710,560,844,1244,1005,647,282,38,1,3120,159,211,363,318,460,652,554,287,108,7,1,2901,125,195,347,242,384,592,451,360,174,31,0
2017,09,읍면동,경기도 양주시 양주2동,53678,7278,7617,4764,7905,11449,6348,4432,2910,857,113,5,26339,3710,3813,2438,3657,5873,3185,1990,1342,312,19,0,27339,3568,3804,2326,4248,5576,3163,2442,1568,545,94,5
2017,09,읍면동,경기도 양주시 은현면,6609,245,447,775,640,881,1537,1085,666,295,36,2,3713,137,234,466,401,536,880,612,326,110,11,0,2896,108,213,309,239,345,657,473,340,185,25,2
2017,09,읍면동,경기도 양주시 장흥면,10252,612,634,1179,1255,1242,1992,1855,1012,395,71,5,5233,308,339,652,711,679,978,903,496,145,19,3,5019,304,295,527,544,563,1014,952,516,250,52,2
2017,09,읍면동,경기도 양주시 회천1동,10155,747,949,1557,1266,1634,1884,1129,683,268,30,8,5245,374,477,895,665,825,1032,571,310,88,6,2,4910,373,472,662,601,809,852,558,373,180,24,6
2017,09,읍면동,경기도 양주시 회천2동,28322,2331,3220,3786,3411,5104,5328,2808,1695,566,69,4,14381,1226,1675,1992,1754,2597,2798,1380,746,198,15,0,13941,1105,1545,1794,1657,2507,2530,1428,949,368,54,4
2017,09,읍면동,경기도 양주시 회천3동,29438,3043,4612,3436,3695,6241,4153,1968,1584,640,65,1,14576,1515,2384,1755,1791,3070,2206,916,669,244,25,1,14862,1528,2228,1681,1904,3171,1947,1052,915,396,40,0
2017,09,읍면동,경기도 양주시 회천4동,18272,2539,1725,1954,3736,3164,2284,1680,872,275,43,0,9276,1284,911,1000,1906,1655,1160,815,432,101,12,0,8996,1255,814,954,1830,1509,1124,865,440,174,31,0
2017,09,시군,경기도 양평군 ,114593,8352,10206,10906,12007,16652,20966,17849,11807,5064,736,48,57875,4300,5456,6030,6072,8806,10738,8840,5609,1814,200,10,56718,4052,4750,4876,5935,7846,10228,9009,6198,3250,536,38
2017,09,읍면동,경기도 양평군 강상면,9584,958,849,836,1273,1524,1628,1329,813,311,58,5,4772,477,444,449,627,774,811,647,404,122,16,1,4812,481,405,387,646,750,817,682,409,189,42,4
2017,09,읍면동,경기도 양평군 강하면,4547,210,299,364,397,562,932,982,556,206,39,0,2300,109,164,204,221,292,456,469,288,86,11,0,2247,101,135,160,176,270,476,513,268,120,28,0
2017,09,읍면동,경기도 양평군 개군면,5017,281,343,423,449,634,997,876,685,293,35,1,2531,139,177,256,238,349,515,414,340,96,6,1,2486,142,166,167,211,285,482,462,345,197,29,0
2017,09,읍면동,경기도 양평군 단월면,3720,157,210,305,316,445,743,735,566,219,23,1,1911,71,131,172,174,265,357,396,258,82,5,0,1809,86,79,133,142,180,386,339,308,137,18,1
2017,09,읍면동,경기도 양평군 서종면,8937,658,728,639,884,1387,1717,1700,837,322,62,3,4493,337,393,351,429,712,853,845,438,114,20,1,4444,321,335,288,455,675,864,855,399,208,42,2
2017,09,읍면동,경기도 양평군 양동면,4634,187,224,351,340,473,934,990,694,386,49,6,2305,96,124,184,180,275,499,495,308,133,11,0,2329,91,100,167,160,198,435,495,386,253,38,6
2017,09,읍면동,경기도 양평군 양서면,12406,795,1045,1184,1327,1792,2301,2030,1301,546,81,4,6282,380,580,654,674,960,1163,997,643,208,21,2,6124,415,465,530,653,832,1138,1033,658,338,60,2
2017,09,읍면동,경기도 양평군 양평읍,30631,2714,3482,3524,3771,5112,5265,3494,2233,898,126,12,15390,1418,1816,1911,1848,2583,2729,1731,1012,301,38,3,15241,1296,1666,1613,1923,2529,2536,1763,1221,597,88,9
2017,09,읍면동,경기도 양평군 옥천면,7450,537,522,740,798,1034,1420,1271,780,306,38,4,3795,281,275,428,404,576,713,611,386,112,9,0,3655,256,247,312,394,458,707,660,394,194,29,4
2017,09,읍면동,경기도 양평군 용문면,17171,1428,1850,1775,1755,2479,2852,2362,1773,786,106,5,8754,757,996,990,896,1314,1493,1166,827,284,29,2,8417,671,854,785,859,1165,1359,1196,946,502,77,3
2017,09,읍면동,경기도 양평군 지평면,6756,293,456,516,448,799,1404,1277,997,494,71,1,3427,168,247,289,243,457,726,663,439,169,26,0,3329,125,209,227,205,342,678,614,558,325,45,1
2017,09,읍면동,경기도 양평군 청운면,3740,134,198,249,249,411,773,803,572,297,48,6,1915,67,109,142,138,249,423,406,266,107,8,0,1825,67,89,107,111,162,350,397,306,190,40,6
2017,09,시군,경기도 여주시 ,112010,8732,11021,12282,13291,17230,19972,14697,9724,4408,617,36,56628,4565,5602,6665,6823,9075,10387,7392,4431,1560,116,12,55382,4167,5419,5617,6468,8155,9585,7305,5293,2848,501,24
2017,09,읍면동,경기도 여주시 가남읍,15961,1330,1513,1697,2221,2430,2741,2059,1281,598,85,6,8240,683,770,930,1199,1325,1450,1054,585,223,18,3,7721,647,743,767,1022,1105,1291,1005,696,375,67,3
2017,09,읍면동,경기도 여주시 강천면,4015,155,299,372,329,526,799,729,491,276,37,2,2063,87,160,203,181,299,434,360,241,95,2,1,1952,68,139,169,148,227,365,369,250,181,35,1
2017,09,읍면동,경기도 여주시 금사면,3089,130,185,258,237,353,646,653,407,188,30,2,1567,61,105,146,139,182,342,318,196,73,5,0,1522,69,80,112,98,171,304,335,211,115,25,2
2017,09,읍면동,경기도 여주시 능서면,6590,334,556,614,607,769,1350,1074,812,411,63,0,3419,154,299,356,328,459,723,575,374,132,19,0,3171,180,257,258,279,310,627,499,438,279,44,0
2017,09,읍면동,경기도 여주시 대신면,7628,272,549,671,560,911,1605,1399,1083,510,66,2,3814,144,284,387,319,491,787,711,485,190,15,1,3814,128,265,284,241,420,818,688,598,320,51,1
2017,09,읍면동,경기도 여주시 북내면,5107,196,464,505,330,734,1017,783,691,337,47,3,2606,98,236,281,182,401,556,411,305,124,11,1,2501,98,228,224,148,333,461,372,386,213,36,2
2017,09,읍면동,경기도 여주시 산북면,2529,124,190,217,199,307,476,472,367,152,24,1,1231,54,90,119,95,167,230,239,174,58,5,0,1298,70,100,98,104,140,246,233,193,94,19,1
2017,09,읍면동,경기도 여주시 여흥동,22055,2031,2232,2732,3015,3727,3772,2469,1440,546,82,9,11090,1050,1128,1487,1500,1925,1932,1224,662,172,7,3,10965,981,1104,1245,1515,1802,1840,1245,778,374,75,6
2017,09,읍면동,경기도 여주시 오학동,15328,1909,1584,1751,2582,2689,2376,1321,765,298,47,6,7637,1031,785,911,1257,1368,1198,640,333,104,8,2,7691,878,799,840,1325,1321,1178,681,432,194,39,4
2017,09,읍면동,경기도 여주시 점동면,4880,196,449,488,330,546,954,909,636,324,48,0,2524,117,238,277,182,305,519,465,294,114,13,0,2356,79,211,211,148,241,435,444,342,210,35,0
2017,09,읍면동,경기도 여주시 중앙동,19626,1815,2645,2506,2479,3646,3136,1870,1049,433,45,2,9742,943,1334,1297,1219,1820,1628,892,451,150,7,1,9884,872,1311,1209,1260,1826,1508,978,598,283,38,1
2017,09,읍면동,경기도 여주시 흥천면,5202,240,355,471,402,592,1100,959,702,335,43,3,2695,143,173,271,222,333,588,503,331,125,6,0,2507,97,182,200,180,259,512,456,371,210,37,3
2017,09,시군,경기도 연천군 ,45510,3490,3687,5867,4841,5673,7835,6422,5090,2242,331,32,23893,1807,1970,3766,2632,3129,4192,3248,2245,810,83,11,21617,1683,1717,2101,2209,2544,3643,3174,2845,1432,248,21
2017,09,읍면동,경기도 연천군 군남면,3528,152,228,376,255,382,680,628,547,246,32,2,1867,71,121,248,150,237,368,333,240,89,9,1,1661,81,107,128,105,145,312,295,307,157,23,1
2017,09,읍면동,경기도 연천군 미산면,1772,66,82,185,98,163,388,374,270,125,18,3,933,36,44,117,55,96,212,200,125,43,4,1,839,30,38,68,43,67,176,174,145,82,14,2
2017,09,읍면동,경기도 연천군 백학면,2833,139,200,288,214,308,560,469,455,179,20,1,1501,71,111,191,128,180,298,234,211,71,6,0,1332,68,89,97,86,128,262,235,244,108,14,1
2017,09,읍면동,경기도 연천군 신서면,2985,90,150,372,201,275,547,609,506,205,28,2,1603,42,77,282,125,173,297,290,225,82,9,1,1382,48,73,90,76,102,250,319,281,123,19,1
2017,09,읍면동,경기도 연천군 연천읍,8387,846,560,1418,1073,922,1217,977,914,405,53,2,4542,443,301,980,596,530,671,474,383,149,15,0,3845,403,259,438,477,392,546,503,531,256,38,2
2017,09,읍면동,경기도 연천군 왕징면,1098,41,55,93,60,107,185,254,214,74,13,2,574,28,28,58,35,68,100,127,99,27,3,1,524,13,27,35,25,39,85,127,115,47,10,1
2017,09,읍면동,경기도 연천군 장남면,747,33,36,60,45,91,149,140,134,47,12,0,380,16,22,38,24,52,75,72,65,16,0,0,367,17,14,22,21,39,74,68,69,31,12,0
2017,09,읍면동,경기도 연천군 전곡읍,19762,1921,2118,2540,2502,2929,3233,2208,1462,717,117,15,10165,1007,1116,1474,1295,1516,1689,1140,645,248,29,6,9597,914,1002,1066,1207,1413,1544,1068,817,469,88,9
2017,09,읍면동,경기도 연천군 중면,216,14,11,60,21,13,33,34,16,12,2,0,124,7,5,49,10,6,18,19,7,3,0,0,92,7,6,11,11,7,15,15,9,9,2,0
2017,09,읍면동,경기도 연천군 청산면,4182,188,247,475,372,483,843,729,572,232,36,5,2204,86,145,329,214,271,464,359,245,82,8,1,1978,102,102,146,158,212,379,370,327,150,28,4
2017,09,시군,경기도 오산시 ,211614,26715,24567,27167,40173,39524,27816,14262,8077,2891,388,34,108640,13754,12570,14478,21009,20848,14435,6973,3478,1004,84,7,102974,12961,11997,12689,19164,18676,13381,7289,4599,1887,304,27
2017,09,읍면동,경기도 오산시 남촌동,22051,1457,1577,4322,5798,3833,2652,1408,718,246,35,5,12669,749,817,2431,3643,2320,1537,732,347,85,7,1,9382,708,760,1891,2155,1513,1115,676,371,161,28,4
2017,09,읍면동,경기도 오산시 대원동,66822,8718,8178,8758,12413,12775,8625,4117,2342,777,113,6,34231,4490,4296,4689,6325,6639,4508,1997,985,272,30,0,32591,4228,3882,4069,6088,6136,4117,2120,1357,505,83,6
2017,09,읍면동,경기도 오산시 세마동,19619,2917,2302,2184,3490,3788,2576,1385,697,235,39,6,9991,1538,1156,1179,1666,2012,1331,691,324,84,9,1,9628,1379,1146,1005,1824,1776,1245,694,373,151,30,5
2017,09,읍면동,경기도 오산시 신장동,58637,8483,6490,6588,11323,10324,7785,4294,2369,862,111,8,29349,4338,3246,3437,5765,5362,3808,2074,1011,286,22,0,29288,4145,3244,3151,5558,4962,3977,2220,1358,576,89,8
2017,09,읍면동,경기도 오산시 중앙동,27479,2995,3710,3477,4104,5465,3901,1991,1266,505,61,4,13778,1521,1879,1801,2078,2752,2061,972,522,181,10,1,13701,1474,1831,1676,2026,2713,1840,1019,744,324,51,3
2017,09,읍면동,경기도 오산시 초평동,17006,2145,2310,1838,3045,3339,2277,1067,685,266,29,5,8622,1118,1176,941,1532,1763,1190,507,289,96,6,4,8384,1027,1134,897,1513,1576,1087,560,396,170,23,1
2017,09,시군,경기도 용인시 ,1000854,108949,125650,120400,148683,196713,137697,84173,55187,20283,2971,148,497625,55913,65170,62143,71959,98229,70967,39077,25602,7795,751,19,503229,53036,60480,58257,76724,98484,66730,45096,29585,12488,2220,129
2017,09,구,경기도 용인시 기흥구 ,419435,50198,52556,48479,65486,84658,54219,33045,21882,7690,1173,49,207527,25788,27077,24964,31317,42279,27547,15068,10163,3018,300,6,211908,24410,25479,23515,34169,42379,26672,17977,11719,4672,873,43
2017,09,읍면동,경기도 용인시 기흥구 구갈동,26795,2205,2949,4371,4468,4875,4164,2100,1187,409,64,3,13436,1116,1494,2181,2338,2446,2141,1017,550,137,16,0,13359,1089,1455,2190,2130,2429,2023,1083,637,272,48,3
2017,09,읍면동,경기도 용인시 기흥구 구성동,40755,4726,5101,3881,5726,8513,4955,3909,2866,941,131,6,19759,2418,2621,1989,2631,4221,2427,1684,1321,424,22,1,20996,2308,2480,1892,3095,4292,2528,2225,1545,517,109,5
2017,09,읍면동,경기도 용인시 기흥구 기흥동,22658,2688,2366,2515,3727,4183,3225,2182,1259,447,63,3,11232,1357,1253,1323,1827,2129,1555,1014,608,147,19,0,11426,1331,1113,1192,1900,2054,1670,1168,651,300,44,3
2017,09,읍면동,경기도 용인시 기흥구 동백동,81169,11384,13190,7537,11743,19292,8956,4726,3148,1026,158,9,39814,5828,6819,3824,5105,9581,4721,2085,1417,391,41,2,41355,5556,6371,3713,6638,9711,4235,2641,1731,635,117,7
2017,09,읍면동,경기도 용인시 기흥구 마북동,32869,3291,3533,3918,4743,5834,4552,3448,2529,895,121,5,16131,1706,1802,2033,2310,2845,2256,1528,1239,377,35,0,16738,1585,1731,1885,2433,2989,2296,1920,1290,518,86,5
2017,09,읍면동,경기도 용인시 기흥구 보정동,36645,4147,4487,3889,5295,7433,4474,3396,2604,798,120,2,17992,2180,2275,1961,2428,3630,2287,1540,1301,361,29,0,18653,1967,2212,1928,2867,3803,2187,1856,1303,437,91,2
2017,09,읍면동,경기도 용인시 기흥구 상갈동,46461,5081,6082,5171,6815,9547,6090,3858,2768,913,128,8,23406,2646,3174,2661,3394,4865,3178,1766,1306,379,35,2,23055,2435,2908,2510,3421,4682,2912,2092,1462,534,93,6
2017,09,읍면동,경기도 용인시 기흥구 상하동,25339,2717,3248,3023,3576,5101,3683,2112,1340,470,65,4,12389,1384,1672,1580,1683,2487,1844,966,594,166,13,0,12950,1333,1576,1443,1893,2614,1839,1146,746,304,52,4
2017,09,읍면동,경기도 용인시 기흥구 서농동,25057,3895,2202,4482,5575,3872,2859,1303,628,201,39,1,12817,2003,1136,2406,2904,2000,1391,621,282,64,10,0,12240,1892,1066,2076,2671,1872,1468,682,346,137,29,1
2017,09,읍면동,경기도 용인시 기흥구 신갈동,36471,3811,4203,4497,5526,7130,5371,3023,2049,749,107,5,18072,1925,2143,2280,2710,3593,2794,1423,880,296,27,1,18399,1886,2060,2217,2816,3537,2577,1600,1169,453,80,4
2017,09,읍면동,경기도 용인시 기흥구 영덕동,45216,6253,5195,5195,8292,8878,5890,2988,1504,841,177,3,22479,3225,2688,2726,3987,4482,2953,1424,665,276,53,0,22737,3028,2507,2469,4305,4396,2937,1564,839,565,124,3
2017,09,구,경기도 용인시 수지구 ,350630,38255,46151,41672,51138,71457,45895,28493,19842,6715,972,40,171455,19667,23584,20936,23806,34742,23566,12794,9409,2699,247,5,179175,18588,22567,20736,27332,36715,22329,15699,10433,4016,725,35
2017,09,읍면동,경기도 용인시 수지구 동천동,36551,4023,4618,4388,5335,7575,5012,3099,1827,570,99,5,18040,2094,2353,2206,2516,3702,2541,1497,889,225,17,0,18511,1929,2265,2182,2819,3873,2471,1602,938,345,82,5
2017,09,읍면동,경기도 용인시 수지구 상현1동,47922,5353,6489,5763,7083,9777,6149,3833,2487,847,136,5,23271,2730,3306,2834,3257,4720,3202,1669,1200,327,26,0,24651,2623,3183,2929,3826,5057,2947,2164,1287,520,110,5
2017,09,읍면동,경기도 용인시 수지구 상현2동,33613,3564,4617,3703,4439,6834,4394,3054,2230,674,100,4,16343,1849,2360,1842,2018,3309,2246,1344,1076,267,32,0,17270,1715,2257,1861,2421,3525,2148,1710,1154,407,68,4
2017,09,읍면동,경기도 용인시 수지구 성복동,38197,3855,4635,3926,4552,7257,5111,4613,3188,904,150,6,18378,1961,2344,2021,1911,3480,2510,2022,1669,416,42,2,19819,1894,2291,1905,2641,3777,2601,2591,1519,488,108,4
2017,09,읍면동,경기도 용인시 수지구 신봉동,37827,4199,5410,3813,4763,8378,4803,3142,2418,797,100,4,18407,2109,2778,1972,2078,4043,2502,1361,1180,364,20,0,19420,2090,2632,1841,2685,4335,2301,1781,1238,433,80,4
2017,09,읍면동,경기도 용인시 수지구 죽전1동,59255,6722,7899,7382,8796,12082,7682,4317,3090,1119,159,7,28922,3455,4027,3723,4097,5890,3893,1952,1400,438,46,1,30333,3267,3872,3659,4699,6192,3789,2365,1690,681,113,6
2017,09,읍면동,경기도 용인시 수지구 죽전2동,19396,1929,1884,2876,3707,3352,2736,1524,938,402,47,1,9542,997,981,1402,1858,1641,1353,716,433,152,9,0,9854,932,903,1474,1849,1711,1383,808,505,250,38,1
2017,09,읍면동,경기도 용인시 수지구 풍덕천1동,37003,3634,4350,5201,6273,6994,5089,2721,1952,684,103,2,18463,1848,2273,2671,3217,3459,2615,1267,840,242,31,0,18540,1786,2077,2530,3056,3535,2474,1454,1112,442,72,2
2017,09,읍면동,경기도 용인시 수지구 풍덕천2동,40866,4976,6249,4620,6190,9208,4919,2190,1712,718,78,6,20089,2624,3162,2265,2854,4498,2704,966,722,268,24,2,20777,2352,3087,2355,3336,4710,2215,1224,990,450,54,4
2017,09,구,경기도 용인시 처인구 ,230789,20496,26943,30249,32059,40598,37583,22635,13463,5878,826,59,118643,10458,14509,16243,16836,21208,19854,11215,6030,2078,204,8,112146,10038,12434,14006,15223,19390,17729,11420,7433,3800,622,51
2017,09,읍면동,경기도 용인시 처인구 남사면,6958,289,538,716,642,1015,1410,1106,770,408,59,5,3698,152,271,396,370,606,813,563,348,162,17,0,3260,137,267,320,272,409,597,543,422,246,42,5
2017,09,읍면동,경기도 용인시 처인구 동부동,14241,1034,1516,2033,1813,2507,2608,1554,810,317,44,5,7290,522,832,1081,973,1263,1339,785,373,112,10,0,6951,512,684,952,840,1244,1269,769,437,205,34,5
2017,09,읍면동,경기도 용인시 처인구 모현면,26510,2493,2590,3289,3788,4606,4431,2943,1631,644,87,8,13954,1331,1359,1800,2000,2490,2433,1503,775,243,18,2,12556,1162,1231,1489,1788,2116,1998,1440,856,401,69,6
2017,09,읍면동,경기도 용인시 처인구 백암면,9167,347,976,1033,794,1187,1790,1416,987,542,88,7,4807,187,510,582,471,695,970,738,434,197,22,1,4360,160,466,451,323,492,820,678,553,345,66,6
2017,09,읍면동,경기도 용인시 처인구 양지면,19317,1505,2911,2408,2564,3103,3152,1973,1078,531,87,5,10404,813,1776,1365,1382,1653,1667,1034,511,178,24,1,8913,692,1135,1043,1182,1450,1485,939,567,353,63,4
2017,09,읍면동,경기도 용인시 처인구 역삼동,31623,3424,3592,4810,5340,5562,4529,2415,1366,506,72,7,15884,1704,1887,2497,2760,2743,2278,1179,622,189,24,1,15739,1720,1705,2313,2580,2819,2251,1236,744,317,48,6
2017,09,읍면동,경기도 용인시 처인구 원삼면,7913,435,608,759,765,1121,1539,1341,869,418,54,4,4098,220,294,432,433,642,809,694,412,147,15,0,3815,215,314,327,332,479,730,647,457,271,39,4
2017,09,읍면동,경기도 용인시 처인구 유림동,33151,3621,4609,4057,4787,6821,4815,2347,1473,556,63,2,16709,1773,2437,2107,2396,3423,2610,1124,620,198,21,0,16442,1848,2172,1950,2391,3398,2205,1223,853,358,42,2
2017,09,읍면동,경기도 용인시 처인구 이동면,21453,2092,2152,2235,2941,3756,3749,2337,1403,674,108,6,10924,1057,1138,1270,1513,2041,1963,1097,604,216,25,0,10529,1035,1014,965,1428,1715,1786,1240,799,458,83,6
2017,09,읍면동,경기도 용인시 처인구 중앙동,25186,1997,2628,4127,3612,4368,4163,2378,1289,541,74,9,12684,1008,1381,2144,1909,2230,2089,1152,564,189,15,3,12502,989,1247,1983,1703,2138,2074,1226,725,352,59,6
2017,09,읍면동,경기도 용인시 처인구 포곡읍,35270,3259,4823,4782,5013,6552,5397,2825,1787,741,90,1,18191,1691,2624,2569,2629,3422,2883,1346,767,247,13,0,17079,1568,2199,2213,2384,3130,2514,1479,1020,494,77,1
2017,09,시군,경기도 의왕시 ,155684,13652,16176,22032,21801,26378,27937,15822,7837,3480,526,43,77703,7051,8272,11590,11256,12973,13776,8006,3544,1099,126,10,77981,6601,7904,10442,10545,13405,14161,7816,4293,2381,400,33
2017,09,읍면동,경기도 의왕시 고천동,12456,979,1123,1590,1812,1858,2264,1675,775,330,48,2,6273,503,562,852,967,941,1091,871,377,95,13,1,6183,476,561,738,845,917,1173,804,398,235,35,1
2017,09,읍면동,경기도 의왕시 내손1동,22371,1867,2575,3522,2805,3879,4353,1981,888,430,62,9,10961,950,1340,1809,1360,1817,2147,1007,384,134,12,1,11410,917,1235,1713,1445,2062,2206,974,504,296,50,8
2017,09,읍면동,경기도 의왕시 내손2동,33306,3142,3162,5134,4922,5531,6033,3108,1434,719,115,6,16514,1591,1675,2699,2472,2680,2990,1592,588,204,22,1,16792,1551,1487,2435,2450,2851,3043,1516,846,515,93,5
2017,09,읍면동,경기도 의왕시 부곡동,26513,2062,2608,3778,3707,4348,4631,2719,1729,826,96,9,13523,1084,1297,2043,2092,2228,2338,1353,770,286,29,3,12990,978,1311,1735,1615,2120,2293,1366,959,540,67,6
2017,09,읍면동,경기도 의왕시 오전동,39531,3485,4595,5293,5305,6975,7089,4171,1815,670,127,6,19741,1810,2360,2776,2682,3403,3476,2135,862,210,25,2,19790,1675,2235,2517,2623,3572,3613,2036,953,460,102,4
2017,09,읍면동,경기도 의왕시 청계동,21507,2117,2113,2715,3250,3787,3567,2168,1196,505,78,11,10691,1113,1038,1411,1683,1904,1734,1048,563,170,25,2,10816,1004,1075,1304,1567,1883,1833,1120,633,335,53,9
2017,09,시군,경기도 의정부시 ,439250,36468,47094,59622,59804,77207,74809,44537,27809,10375,1341,184,216807,18725,24278,30536,30352,38224,37347,21179,12162,3632,334,38,222443,17743,22816,29086,29452,38983,37462,23358,15647,6743,1007,146
2017,09,읍면동,경기도 의정부시 가능1동,24867,1474,2278,3526,3079,4094,4883,2911,1843,691,77,11,12496,778,1163,1855,1659,2091,2464,1405,816,247,17,1,12371,696,1115,1671,1420,2003,2419,1506,1027,444,60,10
2017,09,읍면동,경기도 의정부시 녹양동,23315,2121,2632,3122,3176,4132,3997,2241,1316,509,66,3,11657,1138,1391,1633,1627,2049,1981,1065,577,177,19,0,11658,983,1241,1489,1549,2083,2016,1176,739,332,47,3
2017,09,읍면동,경기도 의정부시 송산1동,33023,2650,3755,4469,4179,5951,5843,3272,1935,836,123,10,16371,1312,1964,2363,2160,2897,2951,1618,807,273,26,0,16652,1338,1791,2106,2019,3054,2892,1654,1128,563,97,10
2017,09,읍면동,경기도 의정부시 송산2동,62689,7763,8271,7336,9562,12531,8827,4400,2751,1097,146,5,30624,3975,4146,3725,4552,6130,4500,2030,1161,376,27,2,32065,3788,4125,3611,5010,6401,4327,2370,1590,721,119,3
2017,09,읍면동,경기도 의정부시 신곡1동,43842,3384,4958,6149,5560,7736,7954,4396,2602,981,113,9,21597,1725,2505,3224,2852,3669,3975,2162,1128,323,32,2,22245,1659,2453,2925,2708,4067,3979,2234,1474,658,81,7
2017,09,읍면동,경기도 의정부시 신곡2동,47001,3869,6123,6743,5633,8587,8270,4153,2458,1015,142,8,22797,1983,3199,3405,2742,3997,4066,1996,1039,328,41,1,24204,1886,2924,3338,2891,4590,4204,2157,1419,687,101,7
2017,09,읍면동,경기도 의정부시 의정부1동,20437,956,1399,3199,2879,3210,4030,2599,1495,560,82,28,10570,514,693,1601,1633,1778,2106,1334,679,206,21,5,9867,442,706,1598,1246,1432,1924,1265,816,354,61,23
2017,09,읍면동,경기도 의정부시 의정부2동,28061,1711,2315,4607,4255,4663,4910,2954,1915,646,77,8,13945,896,1222,2304,2261,2343,2438,1383,830,235,30,3,14116,815,1093,2303,1994,2320,2472,1571,1085,411,47,5
2017,09,읍면동,경기도 의정부시 의정부3동,10786,482,708,1812,1573,1692,2004,1312,829,318,36,20,5493,251,381,896,844,956,1084,614,332,119,12,4,5293,231,327,916,729,736,920,698,497,199,24,16
2017,09,읍면동,경기도 의정부시 자금동,30166,2633,3322,4030,3990,5339,5244,2922,1846,730,91,19,14818,1330,1749,2050,1986,2611,2595,1415,798,254,21,9,15348,1303,1573,1980,2004,2728,2649,1507,1048,476,70,10
2017,09,읍면동,경기도 의정부시 장암동,20580,1782,2202,2387,2763,3590,3332,2329,1508,599,78,10,9894,906,1143,1248,1331,1775,1605,1052,635,187,11,1,10686,876,1059,1139,1432,1815,1727,1277,873,412,67,9
2017,09,읍면동,경기도 의정부시 호원1동,35853,2903,2933,4636,5482,5730,5579,4618,2954,884,114,20,17604,1533,1496,2252,2819,2932,2648,2140,1411,341,27,5,18249,1370,1437,2384,2663,2798,2931,2478,1543,543,87,15
2017,09,읍면동,경기도 의정부시 호원2동,37260,3276,4090,4673,4983,6428,5983,3990,2782,937,111,7,18195,1652,2093,2394,2437,3165,2936,1835,1277,375,29,2,19065,1624,1997,2279,2546,3263,3047,2155,1505,562,82,5
2017,09,읍면동,경기도 의정부시 흥선동,21370,1464,2108,2933,2690,3524,3953,2440,1575,572,85,26,10746,732,1133,1586,1449,1831,1998,1130,672,191,21,3,10624,732,975,1347,1241,1693,1955,1310,903,381,64,23
2017,09,시군,경기도 이천시 ,213428,21802,25049,27270,31995,35379,33353,19960,12271,5553,747,49,109067,11306,13183,14526,16674,18213,17466,10084,5526,1886,192,11,104361,10496,11866,12744,15321,17166,15887,9876,6745,3667,555,38
2017,09,읍면동,경기도 이천시 관고동,10610,787,1010,1576,1512,1668,1998,1155,627,246,29,2,5324,436,479,795,817,831,1030,587,263,78,7,1,5286,351,531,781,695,837,968,568,364,168,22,1
2017,09,읍면동,경기도 이천시 대월면,13922,1525,1361,2065,2448,2105,1919,1274,838,326,56,5,6951,797,684,985,1238,1110,1014,638,360,110,13,2,6971,728,677,1080,1210,995,905,636,478,216,43,3
2017,09,읍면동,경기도 이천시 마장면,11351,1041,1715,1500,1567,1504,1606,1202,782,368,61,5,6214,547,989,896,893,875,888,630,356,124,16,0,5137,494,726,604,674,629,718,572,426,244,45,5
2017,09,읍면동,경기도 이천시 모가면,4629,193,316,468,424,555,991,786,575,274,46,1,2460,106,183,277,249,315,539,414,264,99,14,0,2169,87,133,191,175,240,452,372,311,175,32,1
2017,09,읍면동,경기도 이천시 백사면,10580,801,950,1341,1221,1611,2008,1292,858,436,57,5,5412,428,505,693,668,826,1057,664,400,152,19,0,5168,373,445,648,553,785,951,628,458,284,38,5
2017,09,읍면동,경기도 이천시 부발읍,37472,4768,4977,4512,6594,6858,4948,2614,1483,631,83,4,19137,2421,2590,2341,3303,3567,2687,1328,663,219,18,0,18335,2347,2387,2171,3291,3291,2261,1286,820,412,65,4
2017,09,읍면동,경기도 이천시 설성면,5149,252,314,515,471,606,1017,906,687,341,38,2,2705,116,155,300,275,377,559,477,314,122,9,1,2444,136,159,215,196,229,458,429,373,219,29,1
2017,09,읍면동,경기도 이천시 신둔면,12278,948,1194,1501,1596,1920,2357,1461,851,375,71,4,6476,515,658,807,870,1044,1253,779,402,129,18,1,5802,433,536,694,726,876,1104,682,449,246,53,3
2017,09,읍면동,경기도 이천시 율면,2878,97,160,229,199,293,557,553,457,295,36,2,1440,52,72,124,119,177,300,267,216,102,10,1,1438,45,88,105,80,116,257,286,241,193,26,1
2017,09,읍면동,경기도 이천시 장호원읍,15672,1305,1669,1689,1874,2303,2681,2007,1352,705,78,9,7942,682,864,958,969,1211,1364,995,619,248,28,4,7730,623,805,731,905,1092,1317,1012,733,457,50,5
2017,09,읍면동,경기도 이천시 중리동,14406,1202,1115,2351,2443,2110,2444,1515,845,330,49,2,7824,644,602,1416,1478,1127,1259,752,412,121,13,0,6582,558,513,935,965,983,1185,763,433,209,36,2
2017,09,읍면동,경기도 이천시 증포동,50143,7141,7953,5856,8351,10057,6427,2410,1311,571,63,3,24949,3664,4183,2988,3989,4850,3379,1186,528,169,12,1,25194,3477,3770,2868,4362,5207,3048,1224,783,402,51,2
2017,09,읍면동,경기도 이천시 창전동,18365,1306,1864,2968,2569,2936,3293,1969,1033,389,34,4,9068,663,962,1565,1378,1402,1537,963,461,132,5,0,9297,643,902,1403,1191,1534,1756,1006,572,257,29,4
2017,09,읍면동,경기도 이천시 호법면,5973,436,451,699,726,853,1107,816,572,266,46,1,3165,235,257,381,428,501,600,404,268,81,10,0,2808,201,194,318,298,352,507,412,304,185,36,1
2017,09,시군,경기도 파주시 ,434197,46976,48624,53250,67224,77585,63786,38233,26165,10708,1486,160,220381,23981,25193,27815,35533,40194,33433,18519,11398,3888,382,45,213816,22995,23431,25435,31691,37391,30353,19714,14767,6820,1104,115
2017,09,읍면동,경기도 파주시 광탄면,12191,579,832,1526,1189,1602,2653,1842,1237,617,99,15,6555,311,437,899,706,928,1475,999,573,200,23,4,5636,268,395,627,483,674,1178,843,664,417,76,11
2017,09,읍면동,경기도 파주시 교하동,42679,5069,5915,4362,6418,9036,5769,3230,1913,835,118,14,21570,2604,3130,2314,3102,4602,3110,1571,838,276,21,2,21109,2465,2785,2048,3316,4434,2659,1659,1075,559,97,12
2017,09,읍면동,경기도 파주시 금촌1동,23470,1558,1934,3544,3426,3696,4282,2600,1659,663,97,11,12318,799,1023,1928,1967,2025,2313,1291,707,235,25,5,11152,759,911,1616,1459,1671,1969,1309,952,428,72,6
2017,09,읍면동,경기도 파주시 금촌2동,35767,4709,4881,4223,6087,6833,4535,2229,1585,594,83,8,17614,2448,2516,2040,3115,3335,2300,996,635,211,17,1,18153,2261,2365,2183,2972,3498,2235,1233,950,383,66,7
2017,09,읍면동,경기도 파주시 금촌3동,28883,3148,3252,3965,4577,4818,4325,2466,1608,639,83,2,14770,1592,1735,2057,2479,2460,2255,1206,720,242,24,0,14113,1556,1517,1908,2098,2358,2070,1260,888,397,59,2
2017,09,읍면동,경기도 파주시 문산읍,50802,6258,4860,6312,9309,7742,6816,4351,3469,1472,192,21,25904,3157,2539,3250,5190,4152,3466,2051,1467,567,55,10,24898,3101,2321,3062,4119,3590,3350,2300,2002,905,137,11
2017,09,읍면동,경기도 파주시 법원읍,11821,568,1022,1382,1148,1691,2388,1720,1268,546,80,8,6208,295,566,788,666,960,1279,880,564,183,25,2,5613,273,456,594,482,731,1109,840,704,363,55,6
2017,09,읍면동,경기도 파주시 운정1동,45102,6336,5866,4768,7528,9137,5844,3068,1826,641,82,6,22097,3220,2919,2356,3564,4578,2937,1467,811,222,22,1,23005,3116,2947,2412,3964,4559,2907,1601,1015,419,60,5
2017,09,읍면동,경기도 파주시 운정2동,39047,5545,5491,3743,6384,8256,4616,2578,1716,639,77,2,19009,2820,2793,1837,3023,4098,2300,1156,708,254,19,1,20038,2725,2698,1906,3361,4158,2316,1422,1008,385,58,1
2017,09,읍면동,경기도 파주시 운정3동,60438,8190,7753,6298,10125,12438,7794,4107,2669,941,120,3,29517,4166,3963,3147,4778,6229,3867,1854,1144,343,26,0,30921,4024,3790,3151,5347,6209,3927,2253,1525,598,94,3
2017,09,읍면동,경기도 파주시 월롱면,12143,273,376,4489,2723,1105,1375,944,555,264,37,2,7486,146,207,2429,2305,720,818,521,248,86,6,0,4657,127,169,2060,418,385,557,423,307,178,31,2
2017,09,읍면동,경기도 파주시 장단출장소,609,36,43,73,54,86,117,82,88,28,2,0,311,14,22,33,35,56,62,35,41,12,1,0,298,22,21,40,19,30,55,47,47,16,1,0
2017,09,읍면동,경기도 파주시 적성면,7920,684,653,924,977,997,1395,1059,860,327,42,2,4152,350,358,525,540,565,751,536,391,128,8,0,3768,334,295,399,437,432,644,523,469,199,34,2
2017,09,읍면동,경기도 파주시 조리읍,31281,2240,3404,3929,3526,5214,5910,3618,2324,961,145,10,15797,1120,1714,2117,1855,2617,3132,1778,1063,352,45,4,15484,1120,1690,1812,1671,2597,2778,1840,1261,609,100,6
2017,09,읍면동,경기도 파주시 진동면,169,8,8,3,11,22,30,38,33,14,2,0,92,2,4,2,6,12,19,20,19,7,1,0,77,6,4,1,5,10,11,18,14,7,1,0
2017,09,읍면동,경기도 파주시 탄현면,14100,950,1194,1649,1890,2507,2436,1644,1186,549,91,4,7589,506,644,912,1120,1415,1376,834,549,206,27,0,6511,444,550,737,770,1092,1060,810,637,343,64,4
2017,09,읍면동,경기도 파주시 파주읍,13721,695,885,1623,1580,1957,2634,1983,1540,695,86,43,7307,365,487,927,937,1171,1493,986,640,263,26,12,6414,330,398,696,643,786,1141,997,900,432,60,31
2017,09,읍면동,경기도 파주시 파평면,4054,130,255,437,272,448,867,674,629,283,50,9,2085,66,136,254,145,271,480,338,280,101,11,3,1969,64,119,183,127,177,387,336,349,182,39,6
2017,09,시군,경기도 평택시 ,479063,47738,53447,62750,73695,86541,75220,41187,25938,10911,1432,204,245283,24482,27677,33948,39100,45358,39411,19961,11170,3733,383,60,233780,23256,25770,28802,34595,41183,35809,21226,14768,7178,1049,144
2017,09,읍면동,경기도 평택시 고덕면,11184,1098,1015,1452,1539,1811,1886,1195,792,346,45,5,5855,551,554,832,815,990,1026,618,351,109,8,1,5329,547,461,620,724,821,860,577,441,237,37,4
2017,09,읍면동,경기도 평택시 비전1동,52858,6582,6622,6985,9937,10121,7064,3137,1643,675,83,9,26742,3392,3413,3546,5157,5109,3657,1511,715,220,20,2,26116,3190,3209,3439,4780,5012,3407,1626,928,455,63,7
2017,09,읍면동,경기도 평택시 비전2동,59613,6777,7961,8138,9204,11532,8803,3965,2211,894,114,14,29995,3530,4183,4247,4585,5653,4536,1915,979,343,22,2,29618,3247,3778,3891,4619,5879,4267,2050,1232,551,92,12
2017,09,읍면동,경기도 평택시 서정동,29919,2173,3231,4371,4162,5361,5224,2788,1832,688,75,14,15023,1121,1666,2348,2242,2713,2613,1271,781,236,27,5,14896,1052,1565,2023,1920,2648,2611,1517,1051,452,48,9
2017,09,읍면동,경기도 평택시 서탄면,4065,206,271,417,469,540,819,635,466,221,20,1,2206,102,157,232,282,337,474,330,210,80,2,0,1859,104,114,185,187,203,345,305,256,141,18,1
2017,09,읍면동,경기도 평택시 세교동,21783,1841,2742,3248,2723,4012,3841,1755,1109,450,58,4,11037,952,1430,1766,1431,1955,2006,849,468,160,19,1,10746,889,1312,1482,1292,2057,1835,906,641,290,39,3
2017,09,읍면동,경기도 평택시 송북동,23267,2140,2565,3207,3270,4020,4068,2082,1284,538,84,9,11530,1059,1328,1684,1625,2055,2050,1003,515,180,26,5,11737,1081,1237,1523,1645,1965,2018,1079,769,358,58,4
2017,09,읍면동,경기도 평택시 송탄동,15531,1956,1716,1812,2503,2970,2468,1125,641,290,44,6,8110,1025,871,988,1280,1610,1342,584,305,94,9,2,7421,931,845,824,1223,1360,1126,541,336,196,35,4
2017,09,읍면동,경기도 평택시 신장1동,6651,672,485,814,1120,1088,1027,730,489,184,33,9,3197,332,257,406,592,600,472,291,169,65,8,5,3454,340,228,408,528,488,555,439,320,119,25,4
2017,09,읍면동,경기도 평택시 신장2동,6368,260,439,783,708,932,1239,927,727,295,40,18,3134,137,214,427,388,531,613,423,288,97,8,8,3234,123,225,356,320,401,626,504,439,198,32,10
2017,09,읍면동,경기도 평택시 신평동,24518,1554,2442,3914,3436,4158,4438,2420,1506,574,66,10,12293,783,1281,2035,1886,2038,2230,1160,646,215,16,3,12225,771,1161,1879,1550,2120,2208,1260,860,359,50,7
2017,09,읍면동,경기도 평택시 안중읍,42532,4933,6393,4939,6358,8857,5585,2796,1787,756,118,10,21631,2464,3249,2682,3238,4554,3056,1366,749,242,30,1,20901,2469,3144,2257,3120,4303,2529,1430,1038,514,88,9
2017,09,읍면동,경기도 평택시 오성면,7256,464,612,840,727,1039,1448,975,728,372,47,4,3777,226,321,474,411,596,783,496,321,121,27,1,3479,238,291,366,316,443,665,479,407,251,20,3
2017,09,읍면동,경기도 평택시 원평동,12326,960,980,1856,1902,1929,2139,1307,863,329,47,14,6280,490,514,986,1063,985,1121,606,389,110,11,5,6046,470,466,870,839,944,1018,701,474,219,36,9
2017,09,읍면동,경기도 평택시 중앙동,46031,4365,6254,6506,6166,8984,7375,3369,2046,843,110,13,23123,2242,3190,3548,3144,4439,3777,1642,830,276,31,4,22908,2123,3064,2958,3022,4545,3598,1727,1216,567,79,9
2017,09,읍면동,경기도 평택시 지산동,11731,943,1063,2020,2175,2049,1629,989,609,223,27,4,6058,481,538,1120,1213,1069,827,482,252,72,3,1,5673,462,525,900,962,980,802,507,357,151,24,3
2017,09,읍면동,경기도 평택시 진위면,12414,821,1033,1701,1738,1985,2211,1501,974,400,44,6,6582,419,528,949,1019,1110,1191,760,467,131,7,1,5832,402,505,752,719,875,1020,741,507,269,37,5
2017,09,읍면동,경기도 평택시 청북읍,25456,4721,2473,2135,5988,4146,2663,1742,994,502,88,4,13399,2475,1271,1191,3050,2435,1427,887,479,157,27,0,12057,2246,1202,944,2938,1711,1236,855,515,345,61,4
2017,09,읍면동,경기도 평택시 통복동,4382,183,350,528,436,712,908,677,421,144,21,2,2219,91,187,298,251,366,455,323,193,51,4,0,2163,92,163,230,185,346,453,354,228,93,17,2
2017,09,읍면동,경기도 평택시 팽성읍,29144,1950,2117,3250,3555,4659,5480,3903,2813,1225,153,39,14861,995,1099,1845,1995,2618,2854,1788,1154,454,46,13,14283,955,1018,1405,1560,2041,2626,2115,1659,771,107,26
2017,09,읍면동,경기도 평택시 포승읍,26067,2910,2276,3240,5045,4878,3763,2090,1224,568,66,7,15092,1504,1216,1998,3114,3119,2256,1106,566,193,20,0,10975,1406,1060,1242,1931,1759,1507,984,658,375,46,7
2017,09,읍면동,경기도 평택시 현덕면,5967,229,407,594,534,758,1142,1079,779,394,49,2,3139,111,210,346,319,476,645,550,343,127,12,0,2828,118,197,248,215,282,497,529,436,267,37,2
2017,09,시군,경기도 포천시 ,153269,11141,15356,18641,16894,24317,30226,18755,12036,5127,717,59,80551,5757,8115,10393,9200,13108,16695,9987,5267,1805,204,20,72718,5384,7241,8248,7694,11209,13531,8768,6769,3322,513,39
2017,09,읍면동,경기도 포천시 가산면,8186,276,645,918,707,1253,2036,1250,693,356,51,1,4735,134,359,521,452,769,1266,767,335,121,11,0,3451,142,286,397,255,484,770,483,358,235,40,1
2017,09,읍면동,경기도 포천시 관인면,3094,102,189,304,180,327,652,591,526,193,27,3,1590,44,90,172,104,190,354,306,244,76,7,3,1504,58,99,132,76,137,298,285,282,117,20,0
2017,09,읍면동,경기도 포천시 군내면,6955,372,511,765,705,947,1546,1079,669,322,37,2,3784,197,266,447,421,533,891,609,296,113,10,1,3171,175,245,318,284,414,655,470,373,209,27,1
2017,09,읍면동,경기도 포천시 내촌면,5041,176,302,552,419,735,1245,806,536,244,25,1,2871,85,167,334,269,456,746,473,234,97,10,0,2170,91,135,218,150,279,499,333,302,147,15,1
2017,09,읍면동,경기도 포천시 선단동,14556,922,1428,1914,1694,2614,3138,1608,824,372,39,3,7751,522,719,1034,943,1428,1758,865,360,117,4,1,6805,400,709,880,751,1186,1380,743,464,255,35,2
2017,09,읍면동,경기도 포천시 소흘읍,46482,3939,6000,6068,5357,8639,8763,4193,2372,999,144,8,23667,1982,3167,3189,2687,4324,4745,2161,1034,338,39,1,22815,1957,2833,2879,2670,4315,4018,2032,1338,661,105,7
2017,09,읍면동,경기도 포천시 신북면,13150,990,1232,1581,1502,1967,2618,1768,998,420,69,5,7081,531,653,889,816,1127,1492,959,455,136,22,1,6069,459,579,692,686,840,1126,809,543,284,47,4
2017,09,읍면동,경기도 포천시 영북면,9200,805,611,1054,1149,1082,1598,1266,1078,461,82,14,4806,405,333,642,640,647,833,655,447,174,26,4,4394,400,278,412,509,435,765,611,631,287,56,10
2017,09,읍면동,경기도 포천시 영중면,5345,274,390,508,430,703,1153,909,710,233,32,3,2878,141,202,296,246,436,660,495,305,86,10,1,2467,133,188,212,184,267,493,414,405,147,22,2
2017,09,읍면동,경기도 포천시 이동면,6536,661,494,797,902,775,1036,891,658,282,38,2,3485,335,263,527,513,448,566,436,286,97,14,0,3051,326,231,270,389,327,470,455,372,185,24,2
2017,09,읍면동,경기도 포천시 일동면,10461,819,930,1103,1196,1431,1831,1515,1068,491,71,6,5417,431,493,635,682,790,965,770,449,174,24,4,5044,388,437,468,514,641,866,745,619,317,47,2
2017,09,읍면동,경기도 포천시 창수면,2338,69,150,215,155,276,505,446,379,127,14,2,1303,37,91,144,101,167,282,246,172,56,7,0,1035,32,59,71,54,109,223,200,207,71,7,2
2017,09,읍면동,경기도 포천시 포천동,19231,1546,2308,2590,2173,3270,3573,2003,1215,468,76,9,9745,814,1235,1402,1140,1625,1845,993,510,160,17,4,9486,732,1073,1188,1033,1645,1728,1010,705,308,59,5
2017,09,읍면동,경기도 포천시 화현면,2694,190,166,272,325,298,532,430,310,159,12,0,1438,99,77,161,186,168,292,252,140,60,3,0,1256,91,89,111,139,130,240,178,170,99,9,0
2017,09,시군,경기도 하남시 ,225859,25237,20579,26762,38878,38182,35621,24636,11201,3966,717,80,113610,12913,10602,13866,19501,19971,17651,12274,5407,1244,164,17,112249,12324,9977,12896,19377,18211,17970,12362,5794,2722,553,63
2017,09,읍면동,경기도 하남시 감북동,4000,172,270,488,517,574,898,604,338,120,14,5,2226,96,151,284,304,333,511,329,168,45,4,1,1774,76,119,204,213,241,387,275,170,75,10,4
2017,09,읍면동,경기도 하남시 덕풍1동,17594,1266,1546,2443,2674,2722,3242,2221,1071,339,63,7,8882,657,823,1280,1453,1370,1543,1107,528,107,13,1,8712,609,723,1163,1221,1352,1699,1114,543,232,50,6
2017,09,읍면동,경기도 하남시 덕풍2동,20497,1289,1690,2948,3036,3034,3943,2757,1248,465,82,5,10316,663,877,1557,1670,1510,1973,1357,565,126,18,0,10181,626,813,1391,1366,1524,1970,1400,683,339,64,5
2017,09,읍면동,경기도 하남시 덕풍3동,27217,2584,3058,3322,3861,4925,4478,2961,1412,520,87,9,13539,1339,1592,1736,1940,2475,2163,1458,651,165,19,1,13678,1245,1466,1586,1921,2450,2315,1503,761,355,68,8
2017,09,읍면동,경기도 하남시 미사1동,22838,3876,2212,2100,4734,4250,2621,1941,785,272,46,1,11415,2011,1123,1061,2245,2299,1254,943,387,81,11,0,11423,1865,1089,1039,2489,1951,1367,998,398,191,35,1
2017,09,읍면동,경기도 하남시 미사2동,39703,6918,3687,3419,8581,7647,4460,3121,1327,456,86,1,19726,3561,1894,1712,3977,4125,2174,1518,643,107,15,0,19977,3357,1793,1707,4604,3522,2286,1603,684,349,71,1
2017,09,읍면동,경기도 하남시 신장1동,6683,370,523,1027,1066,997,1278,849,403,145,20,5,3456,172,290,556,628,532,635,421,169,47,5,1,3227,198,233,471,438,465,643,428,234,98,15,4
2017,09,읍면동,경기도 하남시 신장2동,44465,4084,4352,5435,6992,7127,7322,5482,2644,870,148,9,22061,2044,2250,2822,3547,3551,3538,2643,1307,320,39,0,22404,2040,2102,2613,3445,3576,3784,2839,1337,550,109,9
2017,09,읍면동,경기도 하남시 위례동,17219,2329,1439,2534,3332,2948,2772,1307,400,128,29,1,8435,1179,679,1260,1525,1505,1356,674,213,33,10,1,8784,1150,760,1274,1807,1443,1416,633,187,95,19,0
2017,09,읍면동,경기도 하남시 천현동,8055,500,528,979,1161,1156,1561,1308,588,227,37,10,4339,245,275,520,691,690,846,696,290,77,7,2,3716,255,253,459,470,466,715,612,298,150,30,8
2017,09,읍면동,경기도 하남시 초이동,3906,195,250,479,467,619,866,578,312,119,21,0,2238,115,125,274,293,377,522,326,157,46,3,0,1668,80,125,205,174,242,344,252,155,73,18,0
2017,09,읍면동,경기도 하남시 춘궁동,3939,174,220,472,485,571,824,665,356,141,24,7,2220,94,130,263,296,363,476,368,170,52,7,1,1719,80,90,209,189,208,348,297,186,89,17,6
2017,09,읍면동,경기도 하남시 풍산동,9743,1480,804,1116,1972,1612,1356,842,317,164,60,20,4757,737,393,541,932,841,660,434,159,38,13,9,4986,743,411,575,1040,771,696,408,158,126,47,11
2017,09,시군,경기도 화성시 ,678784,94040,80220,77121,128857,128619,85264,46741,25673,10718,1444,87,350946,48054,41138,40784,66465,69289,46309,23328,11589,3637,324,29,327838,45986,39082,36337,62392,59330,38955,23413,14084,7081,1120,58
2017,09,읍면동,경기도 화성시 기배동,14605,1911,2137,1512,2235,3033,1925,1069,573,179,30,1,7447,985,1145,772,1084,1587,1005,535,270,59,5,0,7158,926,992,740,1151,1446,920,534,303,120,25,1
2017,09,읍면동,경기도 화성시 남양읍,31524,3436,3049,3790,5565,5229,5024,2960,1623,737,109,2,16962,1788,1593,2143,3132,2965,2776,1544,725,272,24,0,14562,1648,1456,1647,2433,2264,2248,1416,898,465,85,2
2017,09,읍면동,경기도 화성시 동탄1동,53562,8252,7780,6744,11132,11450,5110,1850,889,307,45,3,27079,4236,4001,3322,5439,5823,2847,888,405,106,11,1,26483,4016,3779,3422,5693,5627,2263,962,484,201,34,2
2017,09,읍면동,경기도 화성시 동탄2동,37506,5883,6421,3501,6013,8898,3982,1600,865,300,42,1,18485,2968,3253,1805,2644,4472,2151,734,353,97,8,0,19021,2915,3168,1696,3369,4426,1831,866,512,203,34,1
2017,09,읍면동,경기도 화성시 동탄3동,43869,8011,5713,4662,10345,8707,3315,1788,967,313,46,2,21994,4064,2967,2290,5167,4518,1714,741,413,110,10,0,21875,3947,2746,2372,5178,4189,1601,1047,554,203,36,2
2017,09,읍면동,경기도 화성시 동탄4동,85911,17031,10322,8201,20672,17208,7299,3323,1309,473,71,2,42916,8722,5203,3935,9869,9080,3825,1554,568,145,15,0,42995,8309,5119,4266,10803,8128,3474,1769,741,328,56,2
2017,09,읍면동,경기도 화성시 동탄면,16497,3088,1256,1846,4700,2418,1715,890,378,174,30,2,8549,1566,658,929,2520,1296,875,458,186,56,5,0,7948,1522,598,917,2180,1122,840,432,192,118,25,2
2017,09,읍면동,경기도 화성시 마도면,6727,362,455,717,769,1005,1421,995,669,296,34,4,3830,200,250,429,494,640,843,524,334,111,4,1,2897,162,205,288,275,365,578,471,335,185,30,3
2017,09,읍면동,경기도 화성시 매송면,8122,565,632,1011,937,1243,1572,1106,720,302,32,2,4264,293,332,570,521,706,852,567,308,104,10,1,3858,272,300,441,416,537,720,539,412,198,22,1
2017,09,읍면동,경기도 화성시 반월동,31106,5346,3700,3806,6642,5521,3714,1531,556,245,43,2,15771,2720,1900,1958,3303,2854,1902,773,270,80,10,1,15335,2626,1800,1848,3339,2667,1812,758,286,165,33,1
2017,09,읍면동,경기도 화성시 병점1동,29213,3753,3712,3976,5469,5515,3552,1883,995,320,38,0,14686,1936,1882,2039,2756,2788,1859,900,418,100,8,0,14527,1817,1830,1937,2713,2727,1693,983,577,220,30,0
2017,09,읍면동,경기도 화성시 병점2동,26321,3666,4492,2634,4357,5858,2744,1410,788,327,45,0,12858,1872,2236,1303,2066,2912,1439,607,309,108,6,0,13463,1794,2256,1331,2291,2946,1305,803,479,219,39,0
2017,09,읍면동,경기도 화성시 봉담읍,74017,9678,9657,8224,12071,14777,10179,5406,2834,1015,166,10,37407,4793,4888,4357,5901,7765,5356,2685,1308,314,35,5,36610,4885,4769,3867,6170,7012,4823,2721,1526,701,131,5
2017,09,읍면동,경기도 화성시 비봉면,5906,267,393,613,587,779,1304,945,632,341,43,2,3277,133,211,374,367,470,772,538,286,118,6,2,2629,134,182,239,220,309,532,407,346,223,37,0
2017,09,읍면동,경기도 화성시 서신면,7065,229,373,602,586,929,1686,1307,833,449,63,8,3899,125,199,365,359,600,963,698,390,178,19,3,3166,104,174,237,227,329,723,609,443,271,44,5
2017,09,읍면동,경기도 화성시 송산면,11242,626,879,1126,1027,1633,2269,1725,1242,614,93,8,5984,317,459,669,599,970,1257,884,579,227,23,0,5258,309,420,457,428,663,1012,841,663,387,70,8
2017,09,읍면동,경기도 화성시 양감면,4193,150,223,446,443,561,1003,689,437,220,19,2,2488,78,127,278,310,387,636,386,203,80,3,0,1705,72,96,168,133,174,367,303,234,140,16,2
2017,09,읍면동,경기도 화성시 우정읍,18142,1378,1629,2030,2165,2941,3369,2294,1500,740,91,5,9724,711,798,1221,1235,1771,1851,1177,678,259,20,3,8418,667,831,809,930,1170,1518,1117,822,481,71,2
2017,09,읍면동,경기도 화성시 장안면,10659,559,736,1097,1096,1559,2260,1660,1103,526,58,5,6047,307,397,671,687,1008,1362,882,509,203,17,4,4612,252,339,426,409,551,898,778,594,323,41,1
2017,09,읍면동,경기도 화성시 정남면,12075,648,966,1424,1417,1941,2519,1586,994,508,67,5,6844,352,507,856,901,1208,1511,862,465,166,15,1,5231,296,459,568,516,733,1008,724,529,342,52,4
2017,09,읍면동,경기도 화성시 진안동,37980,4450,3646,6189,8881,6540,4326,2291,1178,406,72,1,20284,2326,1885,3266,5109,3650,2247,1128,515,137,20,1,17696,2124,1761,2923,3772,2890,2079,1163,663,269,52,0
2017,09,읍면동,경기도 화성시 팔탄면,10292,461,569,1182,1205,1671,2412,1461,847,425,52,7,6118,259,295,770,785,1133,1485,832,398,147,14,0,4174,202,274,412,420,538,927,629,449,278,38,7
2017,09,읍면동,경기도 화성시 향남읍,79107,11951,9018,8882,17032,14921,8795,4705,2621,1067,108,7,41877,6099,4654,4829,9303,8366,4789,2298,1186,325,23,5,37230,5852,4364,4053,7729,6555,4006,2407,1435,742,85,2
2017,09,읍면동,경기도 화성시 화산동,23143,2339,2462,2906,3511,4282,3769,2267,1120,434,47,6,12156,1204,1298,1633,1914,2320,1992,1133,513,135,13,1,10987,1135,1164,1273,1597,1962,1777,1134,607,299,34,5
2017,08,도,경기도  ,12810014,1235834,1421315,1705979,1941985,2306168,2060532,1161706,666251,269440,37516,3288,6443859,634200,734978,893174,988410,1168403,1055019,572691,295030,92024,9113,817,6366155,601634,686337,812805,953575,1137765,1005513,589015,371221,177416,28403,2471
2017,08,시군,경기도 가평군 ,62941,4106,5544,6295,6443,8816,11844,9660,6716,3070,410,37,32202,2096,2898,3564,3406,4773,6200,4974,3032,1136,108,15,30739,2010,2646,2731,3037,4043,5644,4686,3684,1934,302,22
2017,08,읍면동,경기도 가평군 가평읍,19724,1371,1960,2214,1987,3017,3595,2570,1981,904,114,11,10064,706,1054,1216,1045,1615,1877,1296,890,328,34,3,9660,665,906,998,942,1402,1718,1274,1091,576,80,8
2017,08,읍면동,경기도 가평군 북면,4002,202,220,285,339,462,806,785,576,283,40,4,2041,96,124,165,189,282,408,405,253,106,11,2,1961,106,96,120,150,180,398,380,323,177,29,2
2017,08,읍면동,경기도 가평군 상면,5580,205,460,566,396,656,1183,1058,692,320,39,5,2812,106,184,332,216,349,649,531,323,113,6,3,2768,99,276,234,180,307,534,527,369,207,33,2
2017,08,읍면동,경기도 가평군 설악면,9214,614,884,778,870,1170,1805,1544,979,505,61,4,4653,307,449,426,446,622,931,810,457,191,12,2,4561,307,435,352,424,548,874,734,522,314,49,2
2017,08,읍면동,경기도 가평군 조종면,9971,869,757,1086,1277,1312,1758,1439,995,409,62,7,5293,449,384,686,685,716,946,798,454,154,18,3,4678,420,373,400,592,596,812,641,541,255,44,4
2017,08,읍면동,경기도 가평군 청평면,14450,845,1263,1366,1574,2199,2697,2264,1493,649,94,6,7339,432,703,739,825,1189,1389,1134,655,244,27,2,7111,413,560,627,749,1010,1308,1130,838,405,67,4
2017,08,시군,경기도 고양시 ,1041507,90276,118220,146284,141594,194594,177625,88201,56145,25073,3246,249,511486,46386,60987,74529,68974,94203,89538,43596,23513,8841,858,61,530021,43890,57233,71755,72620,100391,88087,44605,32632,16232,2388,188
2017,08,구,경기도 고양시 덕양구 ,447659,40388,45109,60118,64258,79772,76106,42159,27110,11004,1477,158,222069,20730,23300,30968,32125,40016,38582,20575,11543,3822,373,35,225590,19658,21809,29150,32133,39756,37524,21584,15567,7182,1104,123
2017,08,읍면동,경기도 고양시 덕양구 고양동,32963,3144,3723,3692,4497,6216,4979,3587,2184,817,111,13,16547,1652,1921,1976,2223,3202,2590,1701,939,312,28,3,16416,1492,1802,1716,2274,3014,2389,1886,1245,505,83,10
2017,08,읍면동,경기도 고양시 덕양구 관산동,35496,2670,3190,4281,4841,5910,6473,4322,2696,918,166,29,17996,1363,1707,2264,2561,3153,3296,2117,1215,278,36,6,17500,1307,1483,2017,2280,2757,3177,2205,1481,640,130,23
2017,08,읍면동,경기도 고양시 덕양구 능곡동,19388,1425,1724,2692,2419,3223,3851,2144,1334,491,72,13,9913,783,928,1433,1239,1671,2007,1073,597,168,12,2,9475,642,796,1259,1180,1552,1844,1071,737,323,60,11
2017,08,읍면동,경기도 고양시 덕양구 대덕동,2572,125,187,288,291,382,562,371,250,94,19,3,1428,63,96,162,165,235,341,208,115,36,6,1,1144,62,91,126,126,147,221,163,135,58,13,2
2017,08,읍면동,경기도 고양시 덕양구 성사1동,24666,2016,2315,3316,3278,4460,4443,2503,1568,664,93,10,12180,1027,1216,1714,1611,2303,2246,1193,614,227,28,1,12486,989,1099,1602,1667,2157,2197,1310,954,437,65,9
2017,08,읍면동,경기도 고양시 덕양구 성사2동,12310,946,1293,1590,1667,2072,2116,1228,957,394,47,0,6004,479,684,831,852,990,1003,613,397,143,12,0,6306,467,609,759,815,1082,1113,615,560,251,35,0
2017,08,읍면동,경기도 고양시 덕양구 신도동,19651,2246,1212,2514,3699,2961,3022,2103,1337,492,55,10,9621,1148,637,1244,1846,1519,1428,1008,612,166,9,4,10030,1098,575,1270,1853,1442,1594,1095,725,326,46,6
2017,08,읍면동,경기도 고양시 덕양구 원신동,21607,3161,1559,2524,4198,3432,3237,2005,1031,394,60,6,10491,1603,779,1257,2044,1727,1485,968,480,136,11,1,11116,1558,780,1267,2154,1705,1752,1037,551,258,49,5
2017,08,읍면동,경기도 고양시 덕양구 주교동,17241,888,1765,2432,1844,3018,3524,1932,1256,505,71,6,8842,481,962,1311,1009,1556,1883,945,511,158,24,2,8399,407,803,1121,835,1462,1641,987,745,347,47,4
2017,08,읍면동,경기도 고양시 덕양구 창릉동,13317,1699,1194,1407,2262,2287,1971,1448,723,273,44,9,6724,866,613,705,1070,1239,1028,743,343,111,5,1,6593,833,581,702,1192,1048,943,705,380,162,39,8
2017,08,읍면동,경기도 고양시 덕양구 행신1동,24072,2058,2637,3440,3270,4392,4265,2052,1342,541,73,2,11760,1043,1322,1763,1639,2130,2129,987,541,187,18,1,12312,1015,1315,1677,1631,2262,2136,1065,801,354,55,1
2017,08,읍면동,경기도 고양시 덕양구 행신2동,35024,3009,3793,5415,5372,6288,5919,2551,1791,780,99,7,17327,1590,1947,2806,2703,3000,3022,1267,713,250,28,1,17697,1419,1846,2609,2669,3288,2897,1284,1078,530,71,6
2017,08,읍면동,경기도 고양시 덕양구 행신3동,49759,4079,6178,7162,5906,9711,8857,3885,2646,1176,152,7,24205,2075,3092,3662,2919,4607,4473,1884,1071,377,45,0,25554,2004,3086,3500,2987,5104,4384,2001,1575,799,107,7
2017,08,읍면동,경기도 고양시 덕양구 행주동,21507,1167,1749,3235,2916,3595,4342,2357,1432,641,67,6,11047,607,898,1729,1617,1887,2312,1185,594,208,9,1,10460,560,851,1506,1299,1708,2030,1172,838,433,58,5
2017,08,읍면동,경기도 고양시 덕양구 화전동,5843,499,442,733,846,780,953,814,516,212,33,15,3158,261,230,423,472,456,557,422,235,86,11,5,2685,238,212,310,374,324,396,392,281,126,22,10
2017,08,읍면동,경기도 고양시 덕양구 화정1동,40687,2859,4712,6453,4945,7562,7144,3229,2508,1126,142,7,19745,1461,2409,3210,2414,3540,3637,1555,1031,441,46,1,20942,1398,2303,3243,2531,4022,3507,1674,1477,685,96,6
2017,08,읍면동,경기도 고양시 덕양구 화정2동,35214,3531,4537,4608,4944,7424,5354,2311,1659,769,77,0,17154,1802,2371,2326,2290,3575,2702,1121,669,279,19,0,18060,1729,2166,2282,2654,3849,2652,1190,990,490,58,0
2017,08,읍면동,경기도 고양시 덕양구 효자동,2478,219,142,287,373,339,414,338,228,98,28,12,1301,111,82,148,203,187,222,179,106,42,16,5,1177,108,60,139,170,152,192,159,122,56,12,7
2017,08,읍면동,경기도 고양시 덕양구 흥도동,33864,4647,2757,4049,6690,5720,4680,2979,1652,619,68,3,16626,2315,1406,2004,3248,3039,2221,1406,760,217,10,0,17238,2332,1351,2045,3442,2681,2459,1573,892,402,58,3
2017,08,구,경기도 고양시 일산동구 ,293729,23392,34066,43868,39875,56171,50915,23540,14102,6823,933,44,143428,12083,17583,22028,19125,26700,25490,11850,5902,2402,250,15,150301,11309,16483,21840,20750,29471,25425,11690,8200,4421,683,29
2017,08,읍면동,경기도 고양시 일산동구 고봉동,20592,1495,1686,2630,2690,3458,4062,2494,1396,586,93,2,10781,763,897,1453,1460,1885,2146,1344,636,183,13,1,9811,732,789,1177,1230,1573,1916,1150,760,403,80,1
2017,08,읍면동,경기도 고양시 일산동구 마두1동,26312,1783,3900,4269,2534,5105,4892,1942,1158,650,71,8,12764,901,2014,2137,1167,2326,2483,987,507,227,12,3,13548,882,1886,2132,1367,2779,2409,955,651,423,59,5
2017,08,읍면동,경기도 고양시 일산동구 마두2동,17343,1466,2569,2414,1735,3413,3014,1177,902,577,75,1,8235,753,1293,1222,725,1541,1505,608,346,213,29,0,9108,713,1276,1192,1010,1872,1509,569,556,364,46,1
2017,08,읍면동,경기도 고양시 일산동구 백석1동,33213,2638,3764,5196,5394,6171,5559,2444,1354,605,83,5,16007,1356,1969,2526,2693,2818,2657,1207,533,232,14,2,17206,1282,1795,2670,2701,3353,2902,1237,821,373,69,3
2017,08,읍면동,경기도 고양시 일산동구 백석2동,22085,1245,1747,3506,4139,4345,3598,1808,1095,527,71,4,10670,663,908,1638,2033,2118,1790,905,426,165,23,1,11415,582,839,1868,2106,2227,1808,903,669,362,48,3
2017,08,읍면동,경기도 고양시 일산동구 식사동,32914,3882,4670,4264,3927,7201,5165,2117,1132,497,58,1,16092,2004,2339,2170,1636,3452,2730,1094,477,166,24,0,16822,1878,2331,2094,2291,3749,2435,1023,655,331,34,1
2017,08,읍면동,경기도 고양시 일산동구 장항1동,3079,155,162,333,343,441,764,523,257,79,18,4,1746,83,83,189,185,289,450,285,145,31,5,1,1333,72,79,144,158,152,314,238,112,48,13,3
2017,08,읍면동,경기도 고양시 일산동구 장항2동,27158,1638,2026,4581,5358,5498,4281,1853,1197,636,88,2,13227,820,1058,2191,2548,2679,2192,941,503,255,40,0,13931,818,968,2390,2810,2819,2089,912,694,381,48,2
2017,08,읍면동,경기도 고양시 일산동구 정발산동,26810,1937,3000,4467,3520,4739,4745,2348,1365,600,85,4,12994,986,1545,2285,1762,2194,2274,1137,576,211,21,3,13816,951,1455,2182,1758,2545,2471,1211,789,389,64,1
2017,08,읍면동,경기도 고양시 일산동구 중산동,44486,3238,5367,6837,4967,8046,8418,3799,2391,1222,193,8,21657,1715,2823,3527,2419,3716,4108,1884,989,425,48,3,22829,1523,2544,3310,2548,4330,4310,1915,1402,797,145,5
2017,08,읍면동,경기도 고양시 일산동구 풍산동,39737,3915,5175,5371,5268,7754,6417,3035,1855,844,98,5,19255,2039,2654,2690,2497,3682,3155,1458,764,294,21,1,20482,1876,2521,2681,2771,4072,3262,1577,1091,550,77,4
2017,08,구,경기도 고양시 일산서구 ,300119,26496,39045,42298,37461,58651,50604,22502,14933,7246,836,47,145989,13573,20104,21533,17724,27487,25466,11171,6068,2617,235,11,154130,12923,18941,20765,19737,31164,25138,11331,8865,4629,601,36
2017,08,읍면동,경기도 고양시 일산서구 대화동,32763,2119,3466,5975,4572,5644,5811,2700,1613,762,96,5,15793,1085,1828,2892,2291,2608,2811,1305,670,272,30,1,16970,1034,1638,3083,2281,3036,3000,1395,943,490,66,4
2017,08,읍면동,경기도 고양시 일산서구 송산동,49104,5277,6681,5914,6354,10216,7719,3726,2214,874,121,8,24282,2672,3362,3130,2953,5015,3984,1884,935,318,26,3,24822,2605,3319,2784,3401,5201,3735,1842,1279,556,95,5
2017,08,읍면동,경기도 고양시 일산서구 송포동,17959,1554,2487,2374,1938,3553,3112,1492,988,421,38,2,8942,813,1288,1275,904,1637,1644,757,444,172,8,0,9017,741,1199,1099,1034,1916,1468,735,544,249,30,2
2017,08,읍면동,경기도 고양시 일산서구 일산1동,30000,2808,3505,4241,3985,5468,5111,2467,1669,656,81,9,14633,1431,1783,2177,1924,2583,2535,1213,709,258,19,1,15367,1377,1722,2064,2061,2885,2576,1254,960,398,62,8
2017,08,읍면동,경기도 고양시 일산서구 일산2동,20714,1391,2080,3158,2383,3556,4294,2011,1217,567,54,3,10199,690,1098,1592,1199,1721,2159,1011,512,197,20,0,10515,701,982,1566,1184,1835,2135,1000,705,370,34,3
2017,08,읍면동,경기도 고양시 일산서구 일산3동,38212,3242,6612,5343,3763,8548,6323,2251,1285,756,85,4,18563,1665,3393,2740,1688,3830,3254,1186,517,265,25,0,19649,1577,3219,2603,2075,4718,3069,1065,768,491,60,4
2017,08,읍면동,경기도 고양시 일산서구 주엽1동,29924,2503,3958,3942,3652,5796,4877,2283,1775,1027,105,6,14189,1248,2069,1986,1663,2654,2367,1119,671,377,34,1,15735,1255,1889,1956,1989,3142,2510,1164,1104,650,71,5
2017,08,읍면동,경기도 고양시 일산서구 주엽2동,31294,2518,3836,4274,3705,5818,5248,2547,2035,1158,147,8,14737,1277,1939,2143,1758,2615,2562,1233,761,400,44,5,16557,1241,1897,2131,1947,3203,2686,1314,1274,758,103,3
2017,08,읍면동,경기도 고양시 일산서구 탄현동,50149,5084,6420,7077,7109,10052,8109,3025,2137,1025,109,2,24651,2692,3344,3598,3344,4824,4150,1463,849,358,29,0,25498,2392,3076,3479,3765,5228,3959,1562,1288,667,80,2
2017,08,시군,경기도 과천시 ,58214,4560,7145,8077,7068,10218,10170,5713,3318,1636,268,41,28423,2355,3722,4271,3481,4800,4994,2790,1397,542,66,5,29791,2205,3423,3806,3587,5418,5176,2923,1921,1094,202,36
2017,08,읍면동,경기도 과천시 갈현동,11689,1257,1654,1410,1385,2394,1841,917,570,220,35,6,5704,627,848,761,588,1164,935,460,237,77,7,0,5985,630,806,649,797,1230,906,457,333,143,28,6
2017,08,읍면동,경기도 과천시 과천동,9514,719,724,1261,1676,1505,1546,1191,630,222,38,2,4920,372,371,700,952,797,748,589,305,78,8,0,4594,347,353,561,724,708,798,602,325,144,30,2
2017,08,읍면동,경기도 과천시 문원동,8089,711,1047,920,1016,1517,1277,830,527,202,34,8,3904,379,554,465,505,720,620,378,219,56,7,1,4185,332,493,455,511,797,657,452,308,146,27,7
2017,08,읍면동,경기도 과천시 별양동,11313,705,1519,1788,1080,1882,2177,1073,616,403,60,10,5378,353,807,932,496,813,1071,518,238,133,16,1,5935,352,712,856,584,1069,1106,555,378,270,44,9
2017,08,읍면동,경기도 과천시 부림동,10614,723,1399,1576,1183,1864,2000,959,538,326,43,3,5159,376,727,829,609,847,980,463,215,99,14,0,5455,347,672,747,574,1017,1020,496,323,227,29,3
2017,08,읍면동,경기도 과천시 중앙동,6995,445,802,1122,728,1056,1329,743,437,263,58,12,3358,248,415,584,331,459,640,382,183,99,14,3,3637,197,387,538,397,597,689,361,254,164,44,9
2017,08,시군,경기도 광명시 ,333543,31002,36930,42773,51551,60088,53298,33266,17050,6607,864,114,165254,15971,19050,22458,25711,30018,26322,16030,7397,2080,193,24,168289,15031,17880,20315,25840,30070,26976,17236,9653,4527,671,90
2017,08,읍면동,경기도 광명시 광명1동,14055,901,1337,2034,2049,2280,2433,1660,960,362,36,3,7005,480,712,1113,1097,1141,1154,789,369,142,8,0,7050,421,625,921,952,1139,1279,871,591,220,28,3
2017,08,읍면동,경기도 광명시 광명2동,11143,632,937,1555,1572,1759,2040,1473,854,283,35,3,5478,316,460,807,852,891,999,654,386,100,13,0,5665,316,477,748,720,868,1041,819,468,183,22,3
2017,08,읍면동,경기도 광명시 광명3동,10208,507,740,1487,1485,1586,1906,1404,799,257,31,6,4957,257,386,767,774,775,922,613,359,92,9,3,5251,250,354,720,711,811,984,791,440,165,22,3
2017,08,읍면동,경기도 광명시 광명4동,15066,984,1175,2099,2444,2321,2603,2017,1050,302,55,16,7341,493,586,1088,1256,1130,1241,962,460,112,9,4,7725,491,589,1011,1188,1191,1362,1055,590,190,46,12
2017,08,읍면동,경기도 광명시 광명5동,15504,1260,1562,1903,2410,2711,2525,1756,967,368,37,5,7717,638,827,1022,1250,1396,1220,819,428,111,5,1,7787,622,735,881,1160,1315,1305,937,539,257,32,4
2017,08,읍면동,경기도 광명시 광명6동,15345,1440,1564,1990,2298,2610,2574,1685,837,294,47,6,7594,701,796,1031,1136,1334,1268,843,380,91,13,1,7751,739,768,959,1162,1276,1306,842,457,203,34,5
2017,08,읍면동,경기도 광명시 광명7동,20759,1451,2166,2907,3028,3289,3669,2537,1226,426,55,5,10455,718,1140,1563,1612,1670,1788,1244,571,138,11,0,10304,733,1026,1344,1416,1619,1881,1293,655,288,44,5
2017,08,읍면동,경기도 광명시 소하1동,32465,3819,4332,3692,4577,6423,4811,2891,1329,509,66,16,16022,1968,2257,1943,2105,3174,2390,1411,615,142,13,4,16443,1851,2075,1749,2472,3249,2421,1480,714,367,53,12
2017,08,읍면동,경기도 광명시 소하2동,35356,3594,3880,4653,5446,6184,5570,3498,1792,645,83,11,17865,1887,1973,2552,2740,3222,2784,1684,788,213,18,4,17491,1707,1907,2101,2706,2962,2786,1814,1004,432,65,7
2017,08,읍면동,경기도 광명시 철산1동,13863,1453,1764,1800,2126,2703,2137,1090,531,223,36,0,6850,742,904,940,1021,1316,1078,533,235,74,7,0,7013,711,860,860,1105,1387,1059,557,296,149,29,0
2017,08,읍면동,경기도 광명시 철산2동,16150,981,1523,2583,2506,2706,3042,1645,812,318,30,4,8227,523,807,1357,1337,1339,1590,808,363,90,12,1,7923,458,716,1226,1169,1367,1452,837,449,228,18,3
2017,08,읍면동,경기도 광명시 철산3동,36575,3804,4849,4778,5153,6970,5871,3117,1350,588,86,9,18069,1986,2494,2486,2390,3366,2894,1610,614,203,25,1,18506,1818,2355,2292,2763,3604,2977,1507,736,385,61,8
2017,08,읍면동,경기도 광명시 철산4동,14576,1439,1416,1889,2736,2609,2121,1443,679,220,23,1,7288,732,759,980,1391,1334,1035,698,279,76,4,0,7288,707,657,909,1345,1275,1086,745,400,144,19,1
2017,08,읍면동,경기도 광명시 하안1동,27769,3257,3459,3298,3980,5472,4383,2326,1075,440,73,6,13947,1698,1771,1785,1877,2784,2221,1194,481,123,12,1,13822,1559,1688,1513,2103,2688,2162,1132,594,317,61,5
2017,08,읍면동,경기도 광명시 하안2동,15664,1631,1579,1701,3297,3002,1994,1263,725,413,50,9,7524,829,785,829,1677,1504,933,563,287,104,11,2,8140,802,794,872,1620,1498,1061,700,438,309,39,7
2017,08,읍면동,경기도 광명시 하안3동,22725,2249,2498,2567,3792,4174,3246,2192,1314,610,77,6,10839,1162,1291,1262,1885,2039,1589,966,468,162,15,0,11886,1087,1207,1305,1907,2135,1657,1226,846,448,62,6
2017,08,읍면동,경기도 광명시 하안4동,13943,1505,2020,1605,2367,3017,1866,841,486,210,25,1,6770,792,1031,798,1147,1443,928,398,181,47,5,0,7173,713,989,807,1220,1574,938,443,305,163,20,1
2017,08,읍면동,경기도 광명시 학온동,2377,95,129,232,285,272,507,428,264,139,19,7,1306,49,71,135,164,160,288,241,133,60,3,2,1071,46,58,97,121,112,219,187,131,79,16,5
2017,08,시군,경기도 광주시 ,336722,34503,33627,39624,56864,59202,54380,34424,17073,6047,910,68,172999,17726,17465,20843,29761,31427,27915,17441,8080,2134,187,20,163723,16777,16162,18781,27103,27775,26465,16983,8993,3913,723,48
2017,08,읍면동,경기도 광주시 경안동,41059,3970,4445,5357,6353,7443,6909,3878,1936,662,93,13,20968,2051,2318,2795,3288,3851,3602,1927,886,231,13,6,20091,1919,2127,2562,3065,3592,3307,1951,1050,431,80,7
2017,08,읍면동,경기도 광주시 곤지암읍,23442,1801,2287,2836,3117,4121,4423,2688,1431,621,99,18,12448,946,1199,1578,1655,2269,2417,1447,681,226,26,4,10994,855,1088,1258,1462,1852,2006,1241,750,395,73,14
2017,08,읍면동,경기도 광주시 광남동,45828,5062,5042,5129,7487,8673,7128,4508,2051,649,97,2,23485,2579,2632,2655,3834,4609,3624,2280,1020,230,21,1,22343,2483,2410,2474,3653,4064,3504,2228,1031,419,76,1
2017,08,읍면동,경기도 광주시 남종면,1610,57,95,127,132,195,322,321,241,104,16,0,828,24,52,61,75,112,174,169,113,42,6,0,782,33,43,66,57,83,148,152,128,62,10,0
2017,08,읍면동,경기도 광주시 남한산성면,2905,244,223,269,262,476,535,442,284,139,29,2,1523,115,116,143,144,277,300,240,133,49,6,0,1382,129,107,126,118,199,235,202,151,90,23,2
2017,08,읍면동,경기도 광주시 도척면,9057,683,682,960,1090,1439,1747,1345,721,326,61,3,4959,377,364,555,619,852,990,724,337,130,10,1,4098,306,318,405,471,587,757,621,384,196,51,2
2017,08,읍면동,경기도 광주시 송정동,59147,5877,5961,7651,9553,10601,10139,5689,2646,890,129,11,29920,2978,2997,4036,4978,5461,5048,2892,1186,316,26,2,29227,2899,2964,3615,4575,5140,5091,2797,1460,574,103,9
2017,08,읍면동,경기도 광주시 오포읍,96852,11204,8331,11556,20599,16189,13917,9043,4334,1449,219,11,49325,5747,4306,5933,10887,8548,6866,4409,2087,488,49,5,47527,5457,4025,5623,9712,7641,7051,4634,2247,961,170,6
2017,08,읍면동,경기도 광주시 초월읍,42944,4439,5399,4607,6568,7826,6819,4177,2243,766,97,3,22453,2303,2861,2451,3406,4208,3700,2184,1056,266,18,0,20491,2136,2538,2156,3162,3618,3119,1993,1187,500,79,3
2017,08,읍면동,경기도 광주시 퇴촌면,13878,1166,1162,1132,1703,2239,2441,2333,1186,441,70,5,7090,606,620,636,875,1240,1194,1169,581,156,12,1,6788,560,542,496,828,999,1247,1164,605,285,58,4
2017,08,시군,경기도 구리시 ,195176,16763,21283,27190,27864,35116,34001,18476,10275,3637,509,62,97048,8618,11002,14021,13967,17160,17201,9148,4542,1247,122,20,98128,8145,10281,13169,13897,17956,16800,9328,5733,2390,387,42
2017,08,읍면동,경기도 구리시 갈매동,15687,2056,1072,1874,3416,2270,2351,1626,730,249,43,0,7774,1036,536,952,1756,1139,1093,826,357,71,8,0,7913,1020,536,922,1660,1131,1258,800,373,178,35,0
2017,08,읍면동,경기도 구리시 교문1동,17489,1040,1453,2359,2461,2897,3439,2107,1244,406,61,22,8980,552,738,1268,1321,1527,1801,1027,571,147,20,8,8509,488,715,1091,1140,1370,1638,1080,673,259,41,14
2017,08,읍면동,경기도 구리시 교문2동,24012,2222,3350,3147,2978,4698,3930,2097,1112,420,54,4,11680,1107,1724,1619,1377,2191,1964,1027,507,152,11,1,12332,1115,1626,1528,1601,2507,1966,1070,605,268,43,3
2017,08,읍면동,경기도 구리시 동구동,41030,3944,5156,5742,5533,7821,6911,3198,1909,718,90,8,20238,2045,2667,2956,2703,3688,3494,1615,794,255,19,2,20792,1899,2489,2786,2830,4133,3417,1583,1115,463,71,6
2017,08,읍면동,경기도 구리시 수택1동,22226,1320,1989,3443,2971,3609,4482,2568,1317,455,66,6,11051,716,999,1747,1567,1767,2255,1282,559,144,14,1,11175,604,990,1696,1404,1842,2227,1286,758,311,52,5
2017,08,읍면동,경기도 구리시 수택2동,26216,1589,2664,4099,3452,4346,4989,2888,1550,558,70,11,13076,820,1396,2108,1831,2150,2520,1376,675,184,13,3,13140,769,1268,1991,1621,2196,2469,1512,875,374,57,8
2017,08,읍면동,경기도 구리시 수택3동,23501,2231,2828,3038,3528,4810,3701,1847,1064,393,56,5,11873,1133,1506,1600,1713,2416,1938,947,463,143,12,2,11628,1098,1322,1438,1815,2394,1763,900,601,250,44,3
2017,08,읍면동,경기도 구리시 인창동,25015,2361,2771,3488,3525,4665,4198,2145,1349,438,69,6,12376,1209,1436,1771,1699,2282,2136,1048,616,151,25,3,12639,1152,1335,1717,1826,2383,2062,1097,733,287,44,3
2017,08,시군,경기도 군포시 ,282570,26862,30969,38943,43767,49533,47399,24719,13328,6149,856,45,140405,13755,16036,20157,22285,24266,23466,12366,5696,2141,225,12,142165,13107,14933,18786,21482,25267,23933,12353,7632,4008,631,33
2017,08,읍면동,경기도 군포시 광정동,26775,2431,3323,3598,3796,5032,4207,2107,1289,848,139,5,12983,1268,1715,1821,1844,2400,2082,1040,498,285,29,1,13792,1163,1608,1777,1952,2632,2125,1067,791,563,110,4
2017,08,읍면동,경기도 군포시 군포1동,34499,2584,3332,5165,5139,5874,6465,3504,1708,634,86,8,18109,1328,1798,2812,2926,3050,3355,1836,763,221,17,3,16390,1256,1534,2353,2213,2824,3110,1668,945,413,69,5
2017,08,읍면동,경기도 군포시 군포2동,56718,6490,6852,7756,8790,10123,9368,4338,2038,822,132,9,28281,3368,3462,4022,4371,4919,4670,2215,937,281,34,2,28437,3122,3390,3734,4419,5204,4698,2123,1101,541,98,7
2017,08,읍면동,경기도 군포시 궁내동,22232,2353,3551,2677,2548,4864,3306,1446,922,498,66,1,10855,1224,1814,1397,1151,2270,1693,721,374,188,23,0,11377,1129,1737,1280,1397,2594,1613,725,548,310,43,1
2017,08,읍면동,경기도 군포시 금정동,19243,1225,1591,3051,2878,3104,3767,2248,985,343,44,7,9931,633,823,1593,1604,1651,1889,1172,457,95,11,3,9312,592,768,1458,1274,1453,1878,1076,528,248,33,4
2017,08,읍면동,경기도 군포시 대야동,10035,1017,1051,1264,1322,1855,1755,986,533,226,23,3,5147,528,561,695,665,936,906,512,251,82,10,1,4888,489,490,569,657,919,849,474,282,144,13,2
2017,08,읍면동,경기도 군포시 산본1동,18616,1181,1280,2916,2987,2643,3603,2208,1200,518,74,6,9293,574,674,1561,1670,1341,1719,1062,521,152,19,0,9323,607,606,1355,1317,1302,1884,1146,679,366,55,6
2017,08,읍면동,경기도 군포시 산본2동,29624,3150,3305,4194,4453,5035,5068,2527,1235,562,94,1,14423,1611,1706,2130,2113,2392,2444,1266,530,212,19,0,15201,1539,1599,2064,2340,2643,2624,1261,705,350,75,1
2017,08,읍면동,경기도 군포시 수리동,18767,1703,2016,2375,2918,3201,3076,1616,1158,624,77,3,9014,831,1055,1160,1457,1530,1504,747,449,254,26,1,9753,872,961,1215,1461,1671,1572,869,709,370,51,2
2017,08,읍면동,경기도 군포시 오금동,24464,2816,2727,2885,4723,4463,3382,1764,1115,532,57,0,12052,1434,1434,1476,2322,2200,1630,867,474,201,14,0,12412,1382,1293,1409,2401,2263,1752,897,641,331,43,0
2017,08,읍면동,경기도 군포시 재궁동,21597,1912,1941,3062,4213,3339,3402,1975,1145,542,64,2,10317,956,994,1490,2162,1577,1574,928,442,170,23,1,11280,956,947,1572,2051,1762,1828,1047,703,372,41,1
2017,08,시군,경기도 김포시 ,381964,47245,40877,41062,63778,69575,55559,35146,20014,7602,1059,47,191730,24172,21009,21313,31135,36238,28723,17044,9154,2669,259,14,190234,23073,19868,19749,32643,33337,26836,18102,10860,4933,800,33
2017,08,읍면동,경기도 김포시 고촌읍,26379,2804,2513,2883,3908,4573,4260,3195,1568,580,84,11,13329,1495,1301,1528,1899,2391,2129,1618,752,201,13,2,13050,1309,1212,1355,2009,2182,2131,1577,816,379,71,9
2017,08,읍면동,경기도 김포시 구래동,38924,7255,3074,3251,9970,6460,3764,2960,1656,466,66,2,19067,3660,1539,1537,4839,3498,1740,1277,792,168,16,1,19857,3595,1535,1714,5131,2962,2024,1683,864,298,50,1
2017,08,읍면동,경기도 김포시 김포본동,52010,4545,6772,7024,6313,9766,8909,4627,2801,1083,161,9,25666,2256,3560,3593,3058,4656,4612,2288,1196,399,46,2,26344,2289,3212,3431,3255,5110,4297,2339,1605,684,115,7
2017,08,읍면동,경기도 김포시 대곶면,10129,404,674,1082,965,1540,2373,1636,943,437,74,1,5789,214,367,638,591,991,1442,902,459,167,18,0,4340,190,307,444,374,549,931,734,484,270,56,1
2017,08,읍면동,경기도 김포시 사우동,21663,1561,2403,3175,2829,3941,3843,2080,1293,479,57,2,10879,816,1284,1623,1507,1925,1998,997,549,168,12,0,10784,745,1119,1552,1322,2016,1845,1083,744,311,45,2
2017,08,읍면동,경기도 김포시 양촌읍,26630,2589,2329,2788,4116,4428,4628,3141,1783,716,105,7,14000,1297,1205,1549,2238,2520,2517,1610,804,224,33,3,12630,1292,1124,1239,1878,1908,2111,1531,979,492,72,4
2017,08,읍면동,경기도 김포시 운양동,36912,6622,3682,3165,8215,6986,3912,2526,1269,466,69,0,18155,3419,1873,1564,3750,3726,1916,1131,609,152,15,0,18757,3203,1809,1601,4465,3260,1996,1395,660,314,54,0
2017,08,읍면동,경기도 김포시 월곶면,5700,210,320,562,521,743,1285,1074,631,299,52,3,3162,108,164,355,320,460,741,588,311,103,11,1,2538,102,156,207,201,283,544,486,320,196,41,2
2017,08,읍면동,경기도 김포시 장기동,38923,6485,4311,3747,7861,7770,4356,2562,1355,421,54,1,19058,3288,2132,1868,3689,4044,2143,1157,590,138,9,0,19865,3197,2179,1879,4172,3726,2213,1405,765,283,45,1
2017,08,읍면동,경기도 김포시 장기본동,36444,5819,4862,3211,6763,7588,3857,2428,1388,459,68,1,17819,2947,2463,1586,3097,3867,1911,1107,661,163,17,0,18625,2872,2399,1625,3666,3721,1946,1321,727,296,51,1
2017,08,읍면동,경기도 김포시 통진읍,27513,2216,2666,3518,3502,4539,5223,3093,1816,843,95,2,14504,1140,1390,2031,1931,2491,2814,1601,787,302,15,2,13009,1076,1276,1487,1571,2048,2409,1492,1029,541,80,0
2017,08,읍면동,경기도 김포시 풍무동,52036,6378,6691,5683,8029,10148,7213,4352,2517,905,115,5,25594,3319,3419,2878,3758,5019,3657,2025,1167,318,33,1,26442,3059,3272,2805,4271,5129,3556,2327,1350,587,82,4
2017,08,읍면동,경기도 김포시 하성면,8701,357,580,973,786,1093,1936,1472,994,448,59,3,4708,213,312,563,458,650,1103,743,477,166,21,2,3993,144,268,410,328,443,833,729,517,282,38,1
2017,08,시군,경기도 남양주시 ,665703,69127,77749,77948,94608,124581,103759,64291,37928,13723,1825,164,332480,35540,40134,40595,46083,63282,53255,31086,17153,4869,444,39,333223,33587,37615,37353,48525,61299,50504,33205,20775,8854,1381,125
2017,08,읍면동,경기도 남양주시 금곡동,21521,1241,1753,3157,2741,3087,4474,2733,1572,683,69,11,10961,641,936,1729,1515,1581,2246,1369,691,225,23,5,10560,600,817,1428,1226,1506,2228,1364,881,458,46,6
2017,08,읍면동,경기도 남양주시 도농동,38404,3587,4408,5232,5286,6617,6164,4087,2135,770,106,12,18665,1826,2177,2694,2485,3174,2984,2001,1013,283,26,2,19739,1761,2231,2538,2801,3443,3180,2086,1122,487,80,10
2017,08,읍면동,경기도 남양주시 별내동,68717,9445,6102,8530,13273,11457,9921,6094,2761,986,144,4,33697,4783,3036,4330,6408,5737,4734,3033,1297,309,29,1,35020,4662,3066,4200,6865,5720,5187,3061,1464,677,115,3
2017,08,읍면동,경기도 남양주시 별내면,20871,1651,2337,2510,2407,3843,3453,2377,1612,592,75,14,10418,875,1232,1269,1228,1920,1788,1139,707,234,23,3,10453,776,1105,1241,1179,1923,1665,1238,905,358,52,11
2017,08,읍면동,경기도 남양주시 수동면,9704,475,1185,944,806,1335,1844,1586,967,456,98,8,5182,262,722,534,445,723,1014,817,483,152,25,5,4522,213,463,410,361,612,830,769,484,304,73,3
2017,08,읍면동,경기도 남양주시 양정동,5096,250,285,606,622,672,1122,883,464,164,21,7,2826,120,145,347,367,414,645,479,234,72,3,0,2270,130,140,259,255,258,477,404,230,92,18,7
2017,08,읍면동,경기도 남양주시 오남읍,54893,5648,7360,6064,7038,11421,8173,4748,3207,1087,140,7,27492,2932,3790,3158,3404,5865,4333,2218,1405,352,33,2,27401,2716,3570,2906,3634,5556,3840,2530,1802,735,107,5
2017,08,읍면동,경기도 남양주시 와부읍,68666,6371,8623,8097,8459,13388,10768,6788,4424,1495,230,23,33890,3245,4422,4195,4027,6530,5554,3186,2078,577,71,5,34776,3126,4201,3902,4432,6858,5214,3602,2346,918,159,18
2017,08,읍면동,경기도 남양주시 조안면,4433,260,310,465,480,625,901,730,441,194,25,2,2310,142,159,246,247,352,482,384,218,75,4,1,2123,118,151,219,233,273,419,346,223,119,21,1
2017,08,읍면동,경기도 남양주시 지금동,19297,1959,2272,2257,2810,3758,2986,1917,942,327,58,11,9516,985,1198,1158,1356,1883,1485,918,411,112,6,4,9781,974,1074,1099,1454,1875,1501,999,531,215,52,7
2017,08,읍면동,경기도 남양주시 진건읍,26917,1580,2645,3904,2986,4192,5664,3166,1906,754,105,15,13925,841,1385,2113,1590,2184,3075,1622,819,268,28,0,12992,739,1260,1791,1396,2008,2589,1544,1087,486,77,15
2017,08,읍면동,경기도 남양주시 진접읍,95828,11400,11808,10033,13737,18713,14180,8752,5156,1836,202,11,48417,5911,6120,5320,6600,9790,7385,4207,2350,678,52,4,47411,5489,5688,4713,7137,8923,6795,4545,2806,1158,150,7
2017,08,읍면동,경기도 남양주시 퇴계원면,31936,2549,3168,4641,4208,4940,6127,3592,1934,682,92,3,15927,1258,1639,2424,2163,2475,3005,1852,843,252,16,0,16009,1291,1529,2217,2045,2465,3122,1740,1091,430,76,3
2017,08,읍면동,경기도 남양주시 평내동,41153,4603,5916,4429,5898,8796,5623,3131,1952,716,83,6,20185,2328,2996,2259,2736,4363,2950,1475,823,238,17,0,20968,2275,2920,2170,3162,4433,2673,1656,1129,478,66,6
2017,08,읍면동,경기도 남양주시 호평동,51141,6983,6901,4969,8225,11090,5966,3705,2381,800,115,6,25098,3632,3532,2544,3761,5577,3042,1624,1072,287,25,2,26043,3351,3369,2425,4464,5513,2924,2081,1309,513,90,4
2017,08,읍면동,경기도 남양주시 화도읍,94395,9684,11500,10696,13435,18575,14404,8573,5388,1898,218,24,47404,5017,5991,5524,6635,9614,7538,4009,2376,645,50,5,46991,4667,5509,5172,6800,8961,6866,4564,3012,1253,168,19
2017,08,읍면동,경기도 남양주시 화도읍동부출장소,12731,1441,1176,1414,2197,2072,1989,1429,686,283,44,0,6567,742,654,751,1116,1100,995,753,333,110,13,0,6164,699,522,663,1081,972,994,676,353,173,31,0
2017,08,시군,경기도 동두천시 ,97396,8278,10001,11193,12312,16382,16280,10815,8336,3299,426,74,48499,4216,5139,5959,6284,8527,8442,5140,3446,1203,125,18,48897,4062,4862,5234,6028,7855,7838,5675,4890,2096,301,56
2017,08,읍면동,경기도 동두천시 보산동,3354,180,269,361,349,497,670,483,400,128,15,2,1618,92,147,201,178,258,342,213,148,36,3,0,1736,88,122,160,171,239,328,270,252,92,12,2
2017,08,읍면동,경기도 동두천시 불현동,27836,2412,3126,3457,3502,4663,4739,2845,2154,833,93,12,13712,1214,1548,1848,1773,2321,2419,1380,884,300,22,3,14124,1198,1578,1609,1729,2342,2320,1465,1270,533,71,9
2017,08,읍면동,경기도 동두천시 상패동,5462,287,337,577,558,831,1080,861,626,261,37,7,2868,149,177,318,321,471,609,430,289,89,13,2,2594,138,160,259,237,360,471,431,337,172,24,5
2017,08,읍면동,경기도 동두천시 생연1동,7366,589,674,835,937,1123,1342,881,690,260,31,4,3671,309,336,455,486,569,688,426,287,103,11,1,3695,280,338,380,451,554,654,455,403,157,20,3
2017,08,읍면동,경기도 동두천시 생연2동,12011,1015,1322,1253,1434,2082,1927,1337,1127,460,44,10,5925,541,724,648,697,1109,965,594,440,190,14,3,6086,474,598,605,737,973,962,743,687,270,30,7
2017,08,읍면동,경기도 동두천시 소요동,9229,545,593,1032,1000,1330,1805,1370,1048,433,59,14,4794,270,313,597,536,764,980,674,481,162,14,3,4435,275,280,435,464,566,825,696,567,271,45,11
2017,08,읍면동,경기도 동두천시 송내동,26465,3050,3362,3036,4013,5073,3495,2104,1616,626,85,5,12991,1531,1721,1546,1978,2584,1778,957,649,221,23,3,13474,1519,1641,1490,2035,2489,1717,1147,967,405,62,2
2017,08,읍면동,경기도 동두천시 중앙동,5673,200,318,642,519,783,1222,934,675,298,62,20,2920,110,173,346,315,451,661,466,268,102,25,3,2753,90,145,296,204,332,561,468,407,196,37,17
2017,08,시군,경기도 부천시 ,849671,69554,84193,125772,130658,142347,153358,85569,39707,16155,2165,193,423802,35674,43471,64993,66913,71205,75645,42906,17496,4967,490,42,425869,33880,40722,60779,63745,71142,77713,42663,22211,11188,1675,151
2017,08,읍면동,경기도 부천시 고강1동,16432,1073,1612,2575,2098,2913,3187,1646,907,380,38,3,8202,511,844,1357,1104,1482,1600,801,375,115,12,1,8230,562,768,1218,994,1431,1587,845,532,265,26,2
2017,08,읍면동,경기도 부천시 고강본동,30339,1967,3217,4186,4108,5491,5486,3222,1902,677,76,7,15314,1017,1673,2193,2223,2841,2777,1557,792,226,14,1,15025,950,1544,1993,1885,2650,2709,1665,1110,451,62,6
2017,08,읍면동,경기도 부천시 괴안동,21980,1683,2184,3226,3135,3670,3917,2325,1147,598,89,6,10830,855,1121,1693,1606,1802,1911,1151,472,192,25,2,11150,828,1063,1533,1529,1868,2006,1174,675,406,64,4
2017,08,읍면동,경기도 부천시 도당동,24238,1701,2653,3761,3163,4340,4867,2285,1056,374,36,2,12479,882,1399,2007,1678,2217,2565,1182,430,113,6,0,11759,819,1254,1754,1485,2123,2302,1103,626,261,30,2
2017,08,읍면동,경기도 부천시 범박동,37675,5188,4128,4282,6848,6444,5266,3353,1489,572,95,10,18668,2630,2111,2157,3301,3259,2607,1710,700,168,24,1,19007,2558,2017,2125,3547,3185,2659,1643,789,404,71,9
2017,08,읍면동,경기도 부천시 상1동,25912,2781,2650,3400,4948,4462,4021,2354,903,345,48,0,12768,1461,1366,1673,2461,2197,1849,1230,406,113,12,0,13144,1320,1284,1727,2487,2265,2172,1124,497,232,36,0
2017,08,읍면동,경기도 부천시 상2동,31814,3913,4312,4328,5192,6053,4939,1865,807,350,53,2,15597,1964,2245,2182,2430,2844,2547,952,325,99,8,1,16217,1949,2067,2146,2762,3209,2392,913,482,251,45,1
2017,08,읍면동,경기도 부천시 상3동,33222,3226,4820,5095,4050,6708,6116,2002,785,357,62,1,16529,1666,2455,2687,1831,3094,3234,1115,344,93,10,0,16693,1560,2365,2408,2219,3614,2882,887,441,264,52,1
2017,08,읍면동,경기도 부천시 상동,20209,1280,2045,3363,2613,3132,4014,2226,1019,434,76,7,10065,663,1105,1722,1296,1530,1964,1184,443,138,17,3,10144,617,940,1641,1317,1602,2050,1042,576,296,59,4
2017,08,읍면동,경기도 부천시 성곡동,44271,3162,5003,6655,5492,7744,8637,4309,2195,947,117,10,22338,1631,2573,3575,2837,3894,4390,2204,925,282,25,2,21933,1531,2430,3080,2655,3850,4247,2105,1270,665,92,8
2017,08,읍면동,경기도 부천시 소사동,9182,522,514,1210,1393,1318,1732,1413,760,256,58,6,4479,286,248,634,752,689,800,648,337,73,12,0,4703,236,266,576,641,629,932,765,423,183,46,6
2017,08,읍면동,경기도 부천시 소사본3동,32962,2773,3473,4714,4674,5182,6196,3717,1509,627,89,8,16202,1389,1739,2499,2321,2527,2995,1821,715,175,21,0,16760,1384,1734,2215,2353,2655,3201,1896,794,452,68,8
2017,08,읍면동,경기도 부천시 소사본동,25216,1648,1818,3783,3780,3691,4857,3350,1610,575,95,9,12676,831,923,1969,2056,1903,2370,1649,764,184,24,3,12540,817,895,1814,1724,1788,2487,1701,846,391,71,6
2017,08,읍면동,경기도 부천시 송내1동,23949,1923,2093,3653,3857,3646,4354,2733,1172,453,60,5,11859,983,1107,1890,1975,1786,2069,1358,524,156,10,1,12090,940,986,1763,1882,1860,2285,1375,648,297,50,4
2017,08,읍면동,경기도 부천시 송내2동,28126,2472,2882,4165,4320,4711,4924,2796,1258,531,62,5,13938,1273,1539,2168,2169,2329,2329,1374,573,160,22,2,14188,1199,1343,1997,2151,2382,2595,1422,685,371,40,3
2017,08,읍면동,경기도 부천시 신흥동,19511,1213,1703,3041,2724,3326,4083,2099,929,335,48,10,10488,663,925,1667,1515,1869,2231,1110,392,107,8,1,9023,550,778,1374,1209,1457,1852,989,537,228,40,9
2017,08,읍면동,경기도 부천시 심곡1동,13447,779,1001,2084,2343,2150,2470,1574,724,285,35,2,6970,410,535,1074,1349,1131,1249,766,351,93,12,0,6477,369,466,1010,994,1019,1221,808,373,192,23,2
2017,08,읍면동,경기도 부천시 심곡2동,18897,992,1068,3419,3802,3118,3102,2005,984,354,44,9,9812,504,526,1680,2119,1774,1615,994,467,120,12,1,9085,488,542,1739,1683,1344,1487,1011,517,234,32,8
2017,08,읍면동,경기도 부천시 심곡3동,13619,883,1249,2139,2011,2286,2686,1455,640,238,23,9,6984,459,663,1152,1110,1180,1346,722,266,77,6,3,6635,424,586,987,901,1106,1340,733,374,161,17,6
2017,08,읍면동,경기도 부천시 심곡본1동,18532,1041,1444,2759,2814,2952,3540,2333,1165,427,47,10,9303,519,740,1453,1551,1523,1697,1131,527,151,8,3,9229,522,704,1306,1263,1429,1843,1202,638,276,39,7
2017,08,읍면동,경기도 부천시 심곡본동,17915,1122,1364,2495,2778,2841,3166,2344,1275,457,68,5,8905,596,720,1290,1473,1460,1482,1123,594,153,13,1,9010,526,644,1205,1305,1381,1684,1221,681,304,55,4
2017,08,읍면동,경기도 부천시 약대동,19384,1925,1781,2986,3321,3121,3597,1722,639,251,34,7,9757,993,909,1569,1680,1567,1756,908,288,75,9,3,9627,932,872,1417,1641,1554,1841,814,351,176,25,4
2017,08,읍면동,경기도 부천시 역곡1동,19527,1800,1788,2476,3250,3223,3167,2226,1084,444,63,6,9657,907,890,1261,1627,1710,1511,1101,491,144,15,0,9870,893,898,1215,1623,1513,1656,1125,593,300,48,6
2017,08,읍면동,경기도 부천시 역곡2동,20163,1734,1667,2985,3571,3246,3240,2182,1041,426,62,9,9908,868,849,1564,1777,1688,1517,1024,448,157,14,2,10255,866,818,1421,1794,1558,1723,1158,593,269,48,7
2017,08,읍면동,경기도 부천시 역곡3동,24445,1814,1993,3409,3939,3875,4189,2933,1570,639,74,10,12051,923,1009,1746,2088,1959,2004,1380,705,215,19,3,12394,891,984,1663,1851,1916,2185,1553,865,424,55,7
2017,08,읍면동,경기도 부천시 오정동,23279,2123,2230,3343,3716,3798,4224,2409,1004,380,46,6,12049,1115,1212,1773,2022,1987,2119,1250,445,113,12,1,11230,1008,1018,1570,1694,1811,2105,1159,559,267,34,5
2017,08,읍면동,경기도 부천시 원미1동,18031,1276,1693,2708,2539,2972,3486,2075,893,327,56,6,9217,672,911,1443,1348,1542,1738,1026,405,112,17,3,8814,604,782,1265,1191,1430,1748,1049,488,215,39,3
2017,08,읍면동,경기도 부천시 원미2동,13979,888,1158,1997,1910,2193,2799,1830,855,311,35,3,7031,448,562,1049,1041,1127,1397,898,401,97,11,0,6948,440,596,948,869,1066,1402,932,454,214,24,3
2017,08,읍면동,경기도 부천시 원종1동,24207,1697,2398,3717,3284,4005,4706,2581,1260,495,59,5,12216,893,1238,1982,1750,1975,2349,1323,532,156,16,2,11991,804,1160,1735,1534,2030,2357,1258,728,339,43,3
2017,08,읍면동,경기도 부천시 원종2동,24375,1757,2762,3854,3168,4444,4644,1998,1168,516,62,2,12162,899,1409,1993,1657,2217,2371,1018,445,144,9,0,12213,858,1353,1861,1511,2227,2273,980,723,372,53,2
2017,08,읍면동,경기도 부천시 중1동,35411,3001,3616,5781,6412,6251,6007,2727,1029,523,63,1,17148,1541,1837,2769,3096,2967,2853,1472,446,151,16,0,18263,1460,1779,3012,3316,3284,3154,1255,583,372,47,1
2017,08,읍면동,경기도 부천시 중2동,33262,2770,3600,5324,4983,5246,6227,3301,1167,556,87,1,16253,1469,1828,2701,2409,2460,2901,1768,539,159,19,0,17009,1301,1772,2623,2574,2786,3326,1533,628,397,68,1
2017,08,읍면동,경기도 부천시 중3동,25685,2327,2559,3835,4451,3968,4582,2255,1089,557,62,0,12333,1161,1293,1895,2181,1870,2200,1103,482,138,10,0,13352,1166,1266,1940,2270,2098,2382,1152,607,419,52,0
2017,08,읍면동,경기도 부천시 중4동,20356,1780,2030,2974,3793,3328,3401,1790,811,393,53,3,9707,893,1033,1447,1898,1527,1621,832,338,108,10,0,10649,887,997,1527,1895,1801,1780,958,473,285,43,3
2017,08,읍면동,경기도 부천시 중동,24954,2192,2534,3868,3518,4244,4681,2405,1022,432,52,6,12255,1102,1330,1953,1742,2092,2244,1195,461,128,7,1,12699,1090,1204,1915,1776,2152,2437,1210,561,304,45,5
2017,08,읍면동,경기도 부천시 춘의동,15165,1128,1151,2182,2660,2255,2848,1729,839,333,38,2,7652,597,604,1126,1440,1186,1437,826,348,82,5,1,7513,531,547,1056,1220,1069,1411,903,491,251,33,1
2017,08,시군,경기도 성남시 ,972623,81946,101302,136537,152727,172354,157063,94632,52026,20424,3220,392,481995,42078,52183,69589,76659,85598,78613,46069,23353,6985,776,92,490628,39868,49119,66948,76068,86756,78450,48563,28673,13439,2444,300
2017,08,구,경기도 성남시 분당구 ,502567,46760,60148,69713,78708,94254,74953,41427,23692,11064,1779,69,243697,24014,30979,34613,37438,44305,37209,20140,10612,3926,451,10,258870,22746,29169,35100,41270,49949,37744,21287,13080,7138,1328,59
2017,08,읍면동,경기도 성남시 분당구 구미1동,18717,1505,2081,2992,2933,3400,2972,1462,868,433,70,1,9046,782,1076,1450,1416,1585,1471,715,368,168,14,1,9671,723,1005,1542,1517,1815,1501,747,500,265,56,0
2017,08,읍면동,경기도 성남시 분당구 구미동,33163,2612,3372,4711,5073,5875,5227,3011,2014,1068,189,11,16044,1340,1738,2368,2476,2742,2608,1411,896,414,51,0,17119,1272,1634,2343,2597,3133,2619,1600,1118,654,138,11
2017,08,읍면동,경기도 성남시 분당구 금곡동,30159,2308,2879,4349,5107,4975,4645,2990,1839,933,131,3,14270,1176,1459,2096,2453,2325,2202,1437,773,316,33,0,15889,1132,1420,2253,2654,2650,2443,1553,1066,617,98,3
2017,08,읍면동,경기도 성남시 분당구 백현동,29430,4020,3536,3827,5064,5154,4342,2065,931,434,55,2,14325,2105,1846,1859,2341,2458,2151,981,439,128,16,1,15105,1915,1690,1968,2723,2696,2191,1084,492,306,39,1
2017,08,읍면동,경기도 성남시 분당구 분당동,28007,2427,3414,4129,4077,5368,4220,2383,1280,608,97,4,13681,1258,1786,2066,1947,2542,2044,1175,607,227,28,1,14326,1169,1628,2063,2130,2826,2176,1208,673,381,69,3
2017,08,읍면동,경기도 성남시 분당구 삼평동,25664,3273,3292,3106,3921,5041,3811,1895,923,356,42,4,12503,1685,1682,1551,1780,2452,1878,943,417,107,7,1,13161,1588,1610,1555,2141,2589,1933,952,506,249,35,3
2017,08,읍면동,경기도 성남시 분당구 서현1동,32754,2830,4526,4660,4665,6636,4660,2336,1531,782,125,3,15799,1439,2324,2304,2131,3065,2394,1141,659,312,30,0,16955,1391,2202,2356,2534,3571,2266,1195,872,470,95,3
2017,08,읍면동,경기도 성남시 분당구 서현2동,19639,1653,2685,3033,2480,3812,3277,1488,751,398,59,3,9635,869,1374,1590,1181,1712,1654,758,349,136,11,1,10004,784,1311,1443,1299,2100,1623,730,402,262,48,2
2017,08,읍면동,경기도 성남시 분당구 수내1동,18177,1338,2483,2357,2652,3963,2470,1298,949,584,79,4,8705,680,1323,1180,1196,1784,1283,591,416,226,26,0,9472,658,1160,1177,1456,2179,1187,707,533,358,53,4
2017,08,읍면동,경기도 성남시 분당구 수내2동,10994,1156,2082,1094,1000,2806,1396,730,457,229,43,1,5353,578,1055,583,412,1317,766,348,203,76,15,0,5641,578,1027,511,588,1489,630,382,254,153,28,1
2017,08,읍면동,경기도 성남시 분당구 수내3동,14981,1239,2626,2057,1805,3586,2068,922,451,187,39,1,7433,637,1377,1043,861,1698,1081,452,218,52,14,0,7548,602,1249,1014,944,1888,987,470,233,135,25,1
2017,08,읍면동,경기도 성남시 분당구 야탑1동,18401,1589,1541,2928,3276,2912,2853,1896,970,357,77,2,9003,772,794,1481,1592,1454,1343,956,452,137,22,0,9398,817,747,1447,1684,1458,1510,940,518,220,55,2
2017,08,읍면동,경기도 성남시 분당구 야탑2동,17690,1400,1984,2467,2487,2945,2767,1969,1133,469,65,4,8467,704,1018,1243,1144,1360,1310,970,544,159,15,0,9223,696,966,1224,1343,1585,1457,999,589,310,50,4
2017,08,읍면동,경기도 성남시 분당구 야탑3동,31418,2824,2725,4653,6162,4944,4957,2923,1514,603,107,6,15435,1446,1363,2413,3259,2409,2327,1406,627,168,16,1,15983,1378,1362,2240,2903,2535,2630,1517,887,435,91,5
2017,08,읍면동,경기도 성남시 분당구 운중동,21007,2396,2337,2569,3192,4001,3424,1937,740,341,70,0,10269,1210,1215,1267,1474,1934,1703,996,362,99,9,0,10738,1186,1122,1302,1718,2067,1721,941,378,242,61,0
2017,08,읍면동,경기도 성남시 분당구 이매1동,27290,2619,3664,3668,3878,5237,4101,2215,1266,545,93,4,13326,1347,1883,1876,1829,2440,2064,1113,562,188,24,0,13964,1272,1781,1792,2049,2797,2037,1102,704,357,69,4
2017,08,읍면동,경기도 성남시 분당구 이매2동,14483,1130,2031,2032,1498,2745,2347,1461,794,381,61,3,7106,612,1091,1056,663,1237,1185,740,371,135,16,0,7377,518,940,976,835,1508,1162,721,423,246,45,3
2017,08,읍면동,경기도 성남시 분당구 정자1동,31128,2293,3543,4674,5621,6047,4239,2314,1664,636,94,3,14681,1142,1779,2058,2527,2748,2187,1101,801,308,28,2,16447,1151,1764,2616,3094,3299,2052,1213,863,328,66,1
2017,08,읍면동,경기도 성남시 분당구 정자2동,17476,1273,1762,2283,3514,2918,2521,1438,1057,600,106,4,8239,681,941,1066,1801,1314,1228,634,384,157,32,1,9237,592,821,1217,1713,1604,1293,804,673,443,74,3
2017,08,읍면동,경기도 성남시 분당구 정자3동,16519,1534,2125,2294,2482,3158,2456,1157,803,442,68,0,7948,817,1054,1159,1191,1436,1204,559,342,166,20,0,8571,717,1071,1135,1291,1722,1252,598,461,276,48,0
2017,08,읍면동,경기도 성남시 분당구 정자동,21202,1855,2217,3301,4126,3601,2943,1834,927,340,56,2,10531,951,1132,1623,2151,1737,1461,890,441,131,14,0,10671,904,1085,1678,1975,1864,1482,944,486,209,42,2
2017,08,읍면동,경기도 성남시 분당구 판교동,24268,3486,3243,2529,3695,5130,3257,1703,830,338,53,4,11898,1783,1669,1281,1613,2556,1665,823,381,116,10,1,12370,1703,1574,1248,2082,2574,1592,880,449,222,43,3
2017,08,구,경기도 성남시 수정구 ,237660,17708,20178,33925,37916,39478,40709,27309,14788,4766,708,175,120565,8994,10419,17799,20260,21030,20510,13119,6638,1579,171,46,117095,8714,9759,16126,17656,18448,20199,14190,8150,3187,537,129
2017,08,읍면동,경기도 성남시 수정구 고등동,1791,99,68,217,277,231,361,317,160,47,14,0,941,49,32,125,154,135,191,150,82,18,5,0,850,50,36,92,123,96,170,167,78,29,9,0
2017,08,읍면동,경기도 성남시 수정구 단대동,16919,1459,1465,2342,2775,2758,2778,1882,1033,354,63,10,8405,766,786,1212,1444,1393,1346,862,455,123,15,3,8514,693,679,1130,1331,1365,1432,1020,578,231,48,7
2017,08,읍면동,경기도 성남시 수정구 복정동,12598,1236,828,2173,3716,2009,1191,892,385,135,27,6,6735,643,355,1140,2100,1229,598,418,200,42,8,2,5863,593,473,1033,1616,780,593,474,185,93,19,4
2017,08,읍면동,경기도 성남시 수정구 산성동,14422,1002,1282,1868,2179,2567,2380,1713,1052,314,41,24,7427,531,674,986,1176,1421,1223,802,479,115,11,9,6995,471,608,882,1003,1146,1157,911,573,199,30,15
2017,08,읍면동,경기도 성남시 수정구 수진1동,13703,585,998,1819,1762,2298,2728,1946,1133,354,63,17,7023,309,534,965,1009,1232,1403,936,499,116,13,7,6680,276,464,854,753,1066,1325,1010,634,238,50,10
2017,08,읍면동,경기도 성남시 수정구 수진2동,17984,1128,1475,2638,2633,2833,3296,2284,1285,343,54,15,9071,566,801,1363,1428,1464,1627,1078,602,124,15,3,8913,562,674,1275,1205,1369,1669,1206,683,219,39,12
2017,08,읍면동,경기도 성남시 수정구 시흥동,3334,247,198,404,566,447,563,528,271,92,16,2,1724,142,105,222,299,251,267,265,135,35,3,0,1610,105,93,182,267,196,296,263,136,57,13,2
2017,08,읍면동,경기도 성남시 수정구 신촌동,4790,640,462,724,959,762,533,434,193,74,9,0,2495,325,245,432,511,422,256,195,85,22,2,0,2295,315,217,292,448,340,277,239,108,52,7,0
2017,08,읍면동,경기도 성남시 수정구 신흥1동,14317,672,949,2112,2172,2386,2764,1864,1038,295,47,18,7391,338,501,1146,1220,1338,1411,883,448,91,12,3,6926,334,448,966,952,1048,1353,981,590,204,35,15
2017,08,읍면동,경기도 성남시 수정구 신흥2동,17257,1192,1643,2295,2479,2857,3213,2142,1028,337,57,14,8799,578,859,1226,1296,1522,1633,1072,492,108,8,5,8458,614,784,1069,1183,1335,1580,1070,536,229,49,9
2017,08,읍면동,경기도 성남시 수정구 신흥3동,11122,492,789,1694,1668,1861,2107,1423,821,221,39,7,5770,247,415,903,939,1047,1095,679,360,70,15,0,5352,245,374,791,729,814,1012,744,461,151,24,7
2017,08,읍면동,경기도 성남시 수정구 양지동,10552,775,1145,1390,1445,1850,1772,1195,719,230,27,4,5252,388,607,696,770,952,887,549,319,74,9,1,5300,387,538,694,675,898,885,646,400,156,18,3
2017,08,읍면동,경기도 성남시 수정구 위례동,34850,4366,3309,4648,6105,5823,5640,3119,1238,531,68,3,17113,2180,1637,2381,2893,2944,2744,1608,556,157,13,0,17737,2186,1672,2267,3212,2879,2896,1511,682,374,55,3
2017,08,읍면동,경기도 성남시 수정구 태평1동,17428,855,1178,2956,2869,2643,3012,2226,1243,392,44,10,8844,437,590,1490,1626,1450,1485,1063,552,137,13,1,8584,418,588,1466,1243,1193,1527,1163,691,255,31,9
2017,08,읍면동,경기도 성남시 수정구 태평2동,16501,940,1493,2479,2216,2848,2973,1965,1124,391,58,14,8340,516,772,1298,1208,1490,1499,921,491,129,11,5,8161,424,721,1181,1008,1358,1474,1044,633,262,47,9
2017,08,읍면동,경기도 성남시 수정구 태평3동,14965,921,1288,2109,2089,2554,2809,1757,1035,340,47,16,7576,433,681,1121,1123,1322,1471,857,438,114,13,3,7389,488,607,988,966,1232,1338,900,597,226,34,13
2017,08,읍면동,경기도 성남시 수정구 태평4동,15127,1099,1608,2057,2006,2751,2589,1622,1030,316,34,15,7659,546,825,1093,1064,1418,1374,781,445,104,5,4,7468,553,783,964,942,1333,1215,841,585,212,29,11
2017,08,구,경기도 성남시 중원구 ,232396,17478,20976,32899,36103,38622,41401,25896,13546,4594,733,148,117733,9070,10785,17177,18961,20263,20894,12810,6103,1480,154,36,114663,8408,10191,15722,17142,18359,20507,13086,7443,3114,579,112
2017,08,읍면동,경기도 성남시 중원구 금광1동,9919,644,760,1393,1571,1555,1964,1201,592,183,29,27,5209,351,379,743,868,854,1039,611,292,61,6,5,4710,293,381,650,703,701,925,590,300,122,23,22
2017,08,읍면동,경기도 성남시 중원구 금광2동,27445,1750,2509,4336,4145,4565,4789,3101,1627,532,80,11,13349,894,1195,2087,2074,2286,2367,1522,727,176,19,2,14096,856,1314,2249,2071,2279,2422,1579,900,356,61,9
2017,08,읍면동,경기도 성남시 중원구 도촌동,27978,3491,2876,3421,5010,4917,4090,2476,1155,454,87,1,13690,1786,1501,1768,2394,2503,1890,1175,520,139,14,0,14288,1705,1375,1653,2616,2414,2200,1301,635,315,73,1
2017,08,읍면동,경기도 성남시 중원구 상대원1동,28137,2170,2371,3914,4710,4772,4998,3128,1477,516,70,11,14559,1138,1203,2141,2547,2597,2545,1549,667,154,16,2,13578,1032,1168,1773,2163,2175,2453,1579,810,362,54,9
2017,08,읍면동,경기도 성남시 중원구 상대원2동,15804,851,1302,2199,2080,2668,3231,1985,1075,339,64,10,8162,454,658,1179,1146,1458,1701,990,467,97,11,1,7642,397,644,1020,934,1210,1530,995,608,242,53,9
2017,08,읍면동,경기도 성남시 중원구 상대원3동,14041,851,1212,2031,1982,2341,2806,1629,851,288,42,8,7303,449,652,1074,1102,1241,1465,851,382,78,6,3,6738,402,560,957,880,1100,1341,778,469,210,36,5
2017,08,읍면동,경기도 성남시 중원구 성남동,31029,1835,2398,4827,5268,4714,5478,3625,2045,716,101,22,15969,937,1254,2504,2892,2542,2762,1838,964,256,14,6,15060,898,1144,2323,2376,2172,2716,1787,1081,460,87,16
2017,08,읍면동,경기도 성남시 중원구 은행1동,12074,930,1498,1693,1643,2239,1930,1211,668,226,34,2,5975,485,723,872,853,1127,979,563,294,72,6,1,6099,445,775,821,790,1112,951,648,374,154,28,1
2017,08,읍면동,경기도 성남시 중원구 은행2동,27282,1999,2729,3743,3807,4743,4700,2980,1864,606,93,18,13548,1042,1407,1968,2036,2400,2330,1363,779,198,22,3,13734,957,1322,1775,1771,2343,2370,1617,1085,408,71,15
2017,08,읍면동,경기도 성남시 중원구 중앙동,16348,1197,1177,1905,2538,2697,3086,2130,1156,362,67,33,8583,628,635,1016,1322,1521,1693,1057,534,136,28,13,7765,569,542,889,1216,1176,1393,1073,622,226,39,20
2017,08,읍면동,경기도 성남시 중원구 하대원동,22339,1760,2144,3437,3349,3411,4329,2430,1036,372,66,5,11386,906,1178,1825,1727,1734,2123,1291,477,113,12,0,10953,854,966,1612,1622,1677,2206,1139,559,259,54,5
2017,08,시군,경기도 수원시 ,1198500,115413,134110,184961,196655,214819,187250,92399,49612,20102,2934,245,603455,59459,69564,97264,100994,107115,95087,45192,21618,6417,679,66,595045,55954,64546,87697,95661,107704,92163,47207,27994,13685,2255,179
2017,08,구,경기도 수원시 권선구 ,361738,36140,36942,54300,63044,62004,58591,29264,14704,5857,826,66,182464,18551,19326,28097,32656,31347,29467,14443,6508,1866,184,19,179274,17589,17616,26203,30388,30657,29124,14821,8196,3991,642,47
2017,08,읍면동,경기도 수원시 권선구 곡선동,29694,2409,2804,6019,6547,5331,4159,1426,646,303,46,4,15558,1189,1459,3100,3669,2828,2212,730,275,82,12,2,14136,1220,1345,2919,2878,2503,1947,696,371,221,34,2
2017,08,읍면동,경기도 수원시 권선구 구운동,27156,2023,2690,4402,4008,4539,5042,2556,1310,519,62,5,13784,1030,1371,2341,2161,2283,2522,1307,574,179,15,1,13372,993,1319,2061,1847,2256,2520,1249,736,340,47,4
2017,08,읍면동,경기도 수원시 권선구 권선1동,25222,1736,2217,4596,4689,4106,4400,2069,923,425,55,6,12793,877,1208,2305,2487,2069,2238,1054,414,127,12,2,12429,859,1009,2291,2202,2037,2162,1015,509,298,43,4
2017,08,읍면동,경기도 수원시 권선구 권선2동,51590,6926,5996,7414,9673,9026,7662,3111,1178,508,93,3,25527,3596,3194,3753,4643,4341,3715,1598,521,147,17,2,26063,3330,2802,3661,5030,4685,3947,1513,657,361,76,1
2017,08,읍면동,경기도 수원시 권선구 금곡동,40503,5002,4903,5289,6535,7400,6362,2722,1531,690,67,2,20139,2627,2610,2721,3165,3602,3193,1321,646,240,14,0,20364,2375,2293,2568,3370,3798,3169,1401,885,450,53,2
2017,08,읍면동,경기도 수원시 권선구 서둔동,41351,3376,4088,6316,6766,6927,6934,4004,2106,721,105,8,20928,1729,2125,3255,3652,3586,3487,1949,903,218,22,2,20423,1647,1963,3061,3114,3341,3447,2055,1203,503,83,6
2017,08,읍면동,경기도 수원시 권선구 세류1동,11070,1081,755,1666,2136,1572,1901,1127,564,223,36,9,5574,582,402,859,1133,801,928,528,250,80,10,1,5496,499,353,807,1003,771,973,599,314,143,26,8
2017,08,읍면동,경기도 수원시 권선구 세류2동,25926,1577,2078,4130,4271,4223,4667,2855,1510,532,77,6,13246,796,1101,2169,2388,2188,2316,1403,688,171,23,3,12680,781,977,1961,1883,2035,2351,1452,822,361,54,3
2017,08,읍면동,경기도 수원시 권선구 세류3동,23421,1578,2144,3364,3590,3984,4124,2662,1379,509,78,9,11732,738,1136,1786,1921,2066,1991,1262,635,179,18,0,11689,840,1008,1578,1669,1918,2133,1400,744,330,60,9
2017,08,읍면동,경기도 수원시 권선구 입북동,18370,2469,2206,2090,3025,3683,2654,1270,677,262,34,0,9226,1236,1117,1123,1425,1926,1375,623,310,83,8,0,9144,1233,1089,967,1600,1757,1279,647,367,179,26,0
2017,08,읍면동,경기도 수원시 권선구 평동,37386,3328,3994,5486,5610,6330,6592,3428,1768,728,110,12,19041,1766,2047,2936,2929,3142,3431,1718,820,230,18,4,18345,1562,1947,2550,2681,3188,3161,1710,948,498,92,8
2017,08,읍면동,경기도 수원시 권선구 호매실동,30049,4635,3067,3528,6194,4883,4094,2034,1112,437,63,2,14916,2385,1556,1749,3083,2515,2059,950,472,130,15,2,15133,2250,1511,1779,3111,2368,2035,1084,640,307,48,0
2017,08,구,경기도 수원시 영통구 ,345704,39738,44161,55075,62487,66245,46369,18145,9027,3870,564,23,174053,20460,22795,28774,31599,32540,23866,8947,3795,1152,120,5,171651,19278,21366,26301,30888,33705,22503,9198,5232,2718,444,18
2017,08,읍면동,경기도 수원시 영통구 광교1동,49552,6672,6946,6684,9317,10577,5903,2054,916,414,67,2,24464,3443,3472,3193,4388,5238,3171,1042,376,121,20,0,25088,3229,3474,3491,4929,5339,2732,1012,540,293,47,2
2017,08,읍면동,경기도 수원시 영통구 광교2동,25845,4015,2555,2652,5782,4431,3231,1860,953,319,47,0,12478,2030,1298,1274,2801,2180,1522,853,421,88,11,0,13367,1985,1257,1378,2981,2251,1709,1007,532,231,36,0
2017,08,읍면동,경기도 수원시 영통구 매탄1동,20526,1833,2516,3346,3137,3727,3205,1612,787,315,44,4,10321,929,1316,1881,1578,1790,1604,756,351,109,7,0,10205,904,1200,1465,1559,1937,1601,856,436,206,37,4
2017,08,읍면동,경기도 수원시 영통구 매탄2동,16516,1328,2038,2555,2344,3004,2794,1396,740,275,39,3,8223,702,1056,1285,1216,1469,1389,674,334,91,7,0,8293,626,982,1270,1128,1535,1405,722,406,184,32,3
2017,08,읍면동,경기도 수원시 영통구 매탄3동,38700,3912,5198,7083,6406,7442,5176,2026,944,449,62,2,20041,2010,2666,3920,3498,3645,2741,1025,401,120,15,0,18659,1902,2532,3163,2908,3797,2435,1001,543,329,47,2
2017,08,읍면동,경기도 수원시 영통구 매탄4동,24147,2094,2979,3963,3955,4453,3729,1713,812,383,63,3,11991,1100,1511,2113,2003,2146,1820,850,333,96,17,2,12156,994,1468,1850,1952,2307,1909,863,479,287,46,1
2017,08,읍면동,경기도 수원시 영통구 영통1동,42016,4883,5678,6613,7245,8474,5709,1882,1023,438,69,2,21096,2526,2959,3440,3581,4138,2960,929,401,149,11,2,20920,2357,2719,3173,3664,4336,2749,953,622,289,58,0
2017,08,읍면동,경기도 수원시 영통구 영통2동,47029,5970,6592,6639,8892,9474,6133,1763,982,517,64,3,23473,3046,3458,3302,4431,4579,3239,875,376,152,15,0,23556,2924,3134,3337,4461,4895,2894,888,606,365,49,3
2017,08,읍면동,경기도 수원시 영통구 원천동,24902,2599,2346,5124,5578,4074,2803,1407,670,259,41,1,13018,1323,1302,2722,3026,2196,1402,670,294,75,7,1,11884,1276,1044,2402,2552,1878,1401,737,376,184,34,0
2017,08,읍면동,경기도 수원시 영통구 태장동,56471,6432,7313,10416,9831,10589,7686,2432,1200,501,68,3,28948,3351,3757,5644,5077,5159,4018,1273,508,151,10,0,27523,3081,3556,4772,4754,5430,3668,1159,692,350,58,3
2017,08,구,경기도 수원시 장안구 ,294563,25392,34788,45510,40687,53365,48698,24532,14386,6198,931,76,148066,13100,18094,24765,20643,26246,24727,11970,6244,2034,222,21,146497,12292,16694,20745,20044,27119,23971,12562,8142,4164,709,55
2017,08,읍면동,경기도 수원시 장안구 송죽동,20628,1554,2115,3060,3328,3479,3608,1956,1031,429,64,4,10232,790,1093,1556,1713,1724,1767,982,449,141,16,1,10396,764,1022,1504,1615,1755,1841,974,582,288,48,3
2017,08,읍면동,경기도 수원시 장안구 연무동,19630,1074,1622,2951,2539,2953,3615,2430,1633,688,109,16,9996,579,814,1659,1471,1581,1788,1141,723,213,25,2,9634,495,808,1292,1068,1372,1827,1289,910,475,84,14
2017,08,읍면동,경기도 수원시 장안구 영화동,21688,1262,1552,2995,3201,3454,4227,2820,1550,516,92,19,10881,626,775,1558,1755,1803,2101,1343,707,189,18,6,10807,636,777,1437,1446,1651,2126,1477,843,327,74,13
2017,08,읍면동,경기도 수원시 장안구 율천동,43939,3986,5084,9417,6585,7311,6247,2896,1560,747,97,9,23099,2027,2691,5777,3417,3638,3182,1425,645,266,26,5,20840,1959,2393,3640,3168,3673,3065,1471,915,481,71,4
2017,08,읍면동,경기도 수원시 장안구 정자1동,34633,3657,4263,4877,4877,6623,5520,2670,1397,649,92,8,17258,1880,2294,2590,2369,3239,2796,1281,602,183,21,3,17375,1777,1969,2287,2508,3384,2724,1389,795,466,71,5
2017,08,읍면동,경기도 수원시 장안구 정자2동,32162,2734,3949,4585,4520,5863,5268,2763,1749,637,92,2,15953,1416,2060,2446,2241,2842,2640,1295,750,240,22,1,16209,1318,1889,2139,2279,3021,2628,1468,999,397,70,1
2017,08,읍면동,경기도 수원시 장안구 정자3동,45006,4903,7828,6029,5550,10359,6468,1973,1255,556,83,2,22341,2541,3932,3123,2518,4967,3556,998,529,160,17,0,22665,2362,3896,2906,3032,5392,2912,975,726,396,66,2
2017,08,읍면동,경기도 수원시 장안구 조원1동,31544,2353,3595,4686,4094,5538,5494,2959,1833,862,126,4,15838,1253,1873,2431,2182,2728,2780,1481,804,277,29,0,15706,1100,1722,2255,1912,2810,2714,1478,1029,585,97,4
2017,08,읍면동,경기도 수원시 장안구 조원2동,20237,1857,2509,3214,2330,3532,3708,1488,963,538,94,4,9791,968,1322,1639,1048,1566,1863,748,409,193,34,1,10446,889,1187,1575,1282,1966,1845,740,554,345,60,3
2017,08,읍면동,경기도 수원시 장안구 파장동,25096,2012,2271,3696,3663,4253,4543,2577,1415,576,82,8,12677,1020,1240,1986,1929,2158,2254,1276,626,172,14,2,12419,992,1031,1710,1734,2095,2289,1301,789,404,68,6
2017,08,구,경기도 수원시 팔달구 ,196495,14143,18219,30076,30437,33205,33592,20458,11495,4177,613,80,98872,7348,9349,15628,16096,16982,17027,9832,5071,1365,153,21,97623,6795,8870,14448,14341,16223,16565,10626,6424,2812,460,59
2017,08,읍면동,경기도 수원시 팔달구 고등동,10300,511,779,1394,1422,1707,1882,1405,883,264,44,9,5250,276,394,706,816,904,956,664,418,97,13,6,5050,235,385,688,606,803,926,741,465,167,31,3
2017,08,읍면동,경기도 수원시 팔달구 매교동,10522,524,672,1428,1554,1595,2099,1421,892,285,47,5,5484,273,345,792,873,911,1088,698,390,101,10,3,5038,251,327,636,681,684,1011,723,502,184,37,2
2017,08,읍면동,경기도 수원시 팔달구 매산동,11193,578,663,2047,1917,1600,2011,1339,730,256,46,6,5778,283,339,1046,1047,860,1044,698,346,98,14,3,5415,295,324,1001,870,740,967,641,384,158,32,3
2017,08,읍면동,경기도 수원시 팔달구 우만1동,22460,1479,2001,3500,3602,3682,3778,2431,1381,532,65,9,11173,790,1055,1854,1981,1843,1806,1126,550,149,16,3,11287,689,946,1646,1621,1839,1972,1305,831,383,49,6
2017,08,읍면동,경기도 수원시 팔달구 우만2동,18393,1632,2233,3479,2770,3174,2737,1354,706,262,44,2,9260,844,1206,1967,1356,1530,1343,628,303,72,10,1,9133,788,1027,1512,1414,1644,1394,726,403,190,34,1
2017,08,읍면동,경기도 수원시 팔달구 인계동,44256,3524,3742,7335,8423,7612,6920,3904,1982,701,100,13,22446,1775,1967,3701,4478,4008,3481,1915,892,205,22,2,21810,1749,1775,3634,3945,3604,3439,1989,1090,496,78,11
2017,08,읍면동,경기도 수원시 팔달구 지동,13991,710,1125,1721,1830,2256,2658,1965,1241,431,46,8,7097,383,594,918,1000,1235,1356,923,549,131,7,1,6894,327,531,803,830,1021,1302,1042,692,300,39,7
2017,08,읍면동,경기도 수원시 팔달구 행궁동,11246,402,676,1313,1370,1700,2334,1871,1108,393,69,10,5939,209,348,698,798,1004,1279,916,530,133,24,0,5307,193,328,615,572,696,1055,955,578,260,45,10
2017,08,읍면동,경기도 수원시 팔달구 화서1동,25271,2065,2681,3420,3484,4487,4283,2739,1452,568,80,12,12277,1051,1307,1720,1767,2187,2101,1298,617,207,21,1,12994,1014,1374,1700,1717,2300,2182,1441,835,361,59,11
2017,08,읍면동,경기도 수원시 팔달구 화서2동,28863,2718,3647,4439,4065,5392,4890,2029,1120,485,72,6,14168,1464,1794,2226,1980,2500,2573,966,476,172,16,1,14695,1254,1853,2213,2085,2892,2317,1063,644,313,56,5
2017,08,시군,경기도 시흥시 ,410070,39457,49259,57614,60983,81068,70188,28893,15461,6233,850,64,215049,20305,25415,31328,32746,42790,38580,15146,6552,1980,186,21,195021,19152,23844,26286,28237,38278,31608,13747,8909,4253,664,43
2017,08,읍면동,경기도 시흥시 과림동,2157,61,62,200,224,242,572,476,216,92,10,2,1305,33,28,126,138,179,346,290,120,40,3,2,852,28,34,74,86,63,226,186,96,52,7,0
2017,08,읍면동,경기도 시흥시 군자동,25440,2471,2861,3363,3965,4588,4268,2227,1170,465,53,9,13272,1269,1496,1822,2182,2486,2256,1105,508,136,10,2,12168,1202,1365,1541,1783,2102,2012,1122,662,329,43,7
2017,08,읍면동,경기도 시흥시 능곡동,15990,1665,2529,1822,1791,3473,2589,1099,689,279,53,1,7915,859,1238,972,818,1701,1403,545,284,88,7,0,8075,806,1291,850,973,1772,1186,554,405,191,46,1
2017,08,읍면동,경기도 시흥시 대야동,32363,2108,3569,5080,3782,5528,6789,3090,1573,717,120,7,16472,1101,1850,2652,2014,2736,3583,1662,627,221,24,2,15891,1007,1719,2428,1768,2792,3206,1428,946,496,96,5
2017,08,읍면동,경기도 시흥시 매화동,13522,1037,1659,1814,1472,2583,2462,1264,824,356,49,2,7001,525,879,978,757,1353,1370,655,362,105,17,0,6521,512,780,836,715,1230,1092,609,462,251,32,2
2017,08,읍면동,경기도 시흥시 목감동,23997,3288,1990,2697,4762,3779,3649,2183,1101,476,65,7,12134,1633,1025,1391,2428,2032,1864,1110,494,144,10,3,11863,1655,965,1306,2334,1747,1785,1073,607,332,55,4
2017,08,읍면동,경기도 시흥시 신천동,41582,2706,4931,6658,4762,7530,8612,3702,1857,709,104,11,21340,1404,2539,3518,2561,3747,4611,1955,765,214,25,1,20242,1302,2392,3140,2201,3783,4001,1747,1092,495,79,10
2017,08,읍면동,경기도 시흥시 신현동,11445,793,1089,1643,1267,1904,2418,1272,691,316,46,6,5977,405,559,914,688,987,1296,695,301,110,18,4,5468,388,530,729,579,917,1122,577,390,206,28,2
2017,08,읍면동,경기도 시흥시 연성동,24682,2293,3811,3364,2838,5463,4015,1462,1011,371,49,5,12568,1163,2015,1748,1384,2703,2265,719,430,128,11,2,12114,1130,1796,1616,1454,2760,1750,743,581,243,38,3
2017,08,읍면동,경기도 시흥시 월곶동,16321,2005,1549,1669,3055,3294,2416,1334,718,249,31,1,8482,1026,821,859,1587,1796,1271,684,345,88,5,0,7839,979,728,810,1468,1498,1145,650,373,161,26,1
2017,08,읍면동,경기도 시흥시 은행동,30046,2611,4326,4614,3417,5919,5573,2024,1041,472,42,7,15062,1347,2227,2455,1663,2822,2939,1067,398,136,6,2,14984,1264,2099,2159,1754,3097,2634,957,643,336,36,5
2017,08,읍면동,경기도 시흥시 장곡동,18809,2236,3483,2322,2269,4460,2647,677,493,190,31,1,9437,1171,1791,1177,1006,2183,1523,334,176,61,14,1,9372,1065,1692,1145,1263,2277,1124,343,317,129,17,0
2017,08,읍면동,경기도 시흥시 정왕1동,26974,2292,2573,3907,5138,5907,4460,1706,720,237,33,1,15632,1157,1309,2330,3212,3604,2684,942,312,74,7,1,11342,1135,1264,1577,1926,2303,1776,764,408,163,26,0
2017,08,읍면동,경기도 시흥시 정왕2동,34448,3758,4783,5203,4980,7175,5474,1643,990,400,40,2,17826,1975,2465,2782,2541,3672,2992,860,390,141,7,1,16622,1783,2318,2421,2439,3503,2482,783,600,259,33,1
2017,08,읍면동,경기도 시흥시 정왕3동,26345,2593,2824,3581,4584,5454,4494,1672,781,309,53,0,14688,1322,1467,2030,2709,3172,2626,919,339,93,11,0,11657,1271,1357,1551,1875,2282,1868,753,442,216,42,0
2017,08,읍면동,경기도 시흥시 정왕4동,41323,5672,5805,5429,6943,8615,5797,1695,943,376,48,0,20839,2984,2974,2837,3293,4257,3137,833,385,132,7,0,20484,2688,2831,2592,3650,4358,2660,862,558,244,41,0
2017,08,읍면동,경기도 시흥시 정왕본동,24626,1868,1415,4248,5734,5154,3953,1367,643,219,23,2,15099,931,732,2737,3765,3360,2414,771,316,69,4,0,9527,937,683,1511,1969,1794,1539,596,327,150,19,2
2017,08,시군,경기도 안산시 ,683502,56401,80427,108131,96572,128058,122029,51724,26747,11703,1616,94,350392,28706,41642,57477,51515,64437,64547,26675,11395,3634,345,19,333110,27695,38785,50654,45057,63621,57482,25049,15352,8069,1271,75
2017,08,구,경기도 안산시 단원구 ,309967,25767,37050,47733,43878,58563,56432,23767,11156,4948,624,49,160003,13101,19234,25528,23476,29683,30036,12446,4871,1491,126,11,149964,12666,17816,22205,20402,28880,26396,11321,6285,3457,498,38
2017,08,읍면동,경기도 안산시 단원구 고잔동,20931,1511,2506,3502,2779,3757,3826,1731,889,383,44,3,10511,751,1307,1862,1485,1830,1942,853,356,120,5,0,10420,760,1199,1640,1294,1927,1884,878,533,263,39,3
2017,08,읍면동,경기도 안산시 단원구 대부동,8341,341,468,812,725,970,1927,1605,971,444,71,7,4372,182,257,463,427,556,986,831,509,142,16,3,3969,159,211,349,298,414,941,774,462,302,55,4
2017,08,읍면동,경기도 안산시 단원구 백운동,21173,1612,2363,3139,2715,3579,4335,2214,867,301,41,7,10802,805,1230,1685,1427,1767,2198,1169,423,89,9,0,10371,807,1133,1454,1288,1812,2137,1045,444,212,32,7
2017,08,읍면동,경기도 안산시 단원구 선부1동,11739,973,1099,1701,1922,1986,2191,1077,505,261,23,1,6040,495,562,977,1108,1025,1093,543,168,61,7,1,5699,478,537,724,814,961,1098,534,337,200,16,0
2017,08,읍면동,경기도 안산시 단원구 선부2동,22324,1527,2619,3398,2926,4523,4335,1730,858,351,54,3,12094,805,1393,1831,1661,2484,2533,882,387,103,14,1,10230,722,1226,1567,1265,2039,1802,848,471,248,40,2
2017,08,읍면동,경기도 안산시 단원구 선부3동,35312,2974,4434,5723,5212,6748,6328,2305,1046,491,46,5,18047,1493,2330,3016,2757,3357,3285,1240,423,138,7,1,17265,1481,2104,2707,2455,3391,3043,1065,623,353,39,4
2017,08,읍면동,경기도 안산시 단원구 신길동,24794,2504,2938,3447,3926,4668,4189,1895,835,349,42,1,13194,1293,1494,1937,2191,2505,2274,992,402,97,9,0,11600,1211,1444,1510,1735,2163,1915,903,433,252,33,1
2017,08,읍면동,경기도 안산시 단원구 와동,44326,3663,5277,6858,6849,8774,7566,3009,1576,669,83,2,23297,1933,2746,3712,3813,4631,4092,1523,625,207,15,0,21029,1730,2531,3146,3036,4143,3474,1486,951,462,68,2
2017,08,읍면동,경기도 안산시 단원구 원곡동,7846,450,346,780,923,1645,1873,981,589,234,20,5,4563,227,178,467,541,1033,1182,537,298,92,7,1,3283,223,168,313,382,612,691,444,291,142,13,4
2017,08,읍면동,경기도 안산시 단원구 중앙동,21618,1709,2482,3793,3428,3883,3742,1635,614,285,42,5,10720,845,1272,1928,1720,1884,1856,865,261,79,8,2,10898,864,1210,1865,1708,1999,1886,770,353,206,34,3
2017,08,읍면동,경기도 안산시 단원구 초지동,42971,4356,5791,6077,6618,8697,6692,2668,1350,624,93,5,21935,2193,2968,3306,3474,4294,3568,1359,559,197,16,1,21036,2163,2823,2771,3144,4403,3124,1309,791,427,77,4
2017,08,읍면동,경기도 안산시 단원구 호수동,48592,4147,6727,8503,5855,9333,9428,2917,1056,556,65,5,24428,2079,3497,4344,2872,4317,5027,1652,460,166,13,1,24164,2068,3230,4159,2983,5016,4401,1265,596,390,52,4
2017,08,구,경기도 안산시 상록구 ,373535,30634,43377,60398,52694,69495,65597,27957,15591,6755,992,45,190389,15605,22408,31949,28039,34754,34511,14229,6524,2143,219,8,183146,15029,20969,28449,24655,34741,31086,13728,9067,4612,773,37
2017,08,읍면동,경기도 안산시 상록구 반월동,19970,1680,1676,2578,2848,3205,3678,2452,1311,486,52,4,10125,851,835,1388,1527,1680,1842,1223,616,153,8,2,9845,829,841,1190,1321,1525,1836,1229,695,333,44,2
2017,08,읍면동,경기도 안산시 상록구 본오1동,43398,3952,5425,6464,6336,8643,7149,2862,1810,676,79,2,22284,2003,2769,3448,3391,4428,3864,1394,756,215,15,1,21114,1949,2656,3016,2945,4215,3285,1468,1054,461,64,1
2017,08,읍면동,경기도 안산시 상록구 본오2동,30400,2318,3949,4860,3777,5994,5308,2143,1381,598,71,1,15018,1187,1981,2433,1918,2919,2705,1101,566,189,19,0,15382,1131,1968,2427,1859,3075,2603,1042,815,409,52,1
2017,08,읍면동,경기도 안산시 상록구 본오3동,23197,1657,2495,3905,3396,4165,4266,1711,1062,468,72,0,11528,833,1257,1982,1809,2051,2098,887,432,162,17,0,11669,824,1238,1923,1587,2114,2168,824,630,306,55,0
2017,08,읍면동,경기도 안산시 상록구 부곡동,24443,2083,2825,3879,3171,4658,4433,1805,1104,434,49,2,12504,1072,1437,2057,1623,2363,2444,924,437,139,7,1,11939,1011,1388,1822,1548,2295,1989,881,667,295,42,1
2017,08,읍면동,경기도 안산시 상록구 사동,38598,3006,4227,6592,6252,7357,6171,2266,1580,966,171,10,20064,1562,2231,3527,3551,3757,3373,1145,582,289,45,2,18534,1444,1996,3065,2701,3600,2798,1121,998,677,126,8
2017,08,읍면동,경기도 안산시 상록구 사이동,35440,3466,4649,5489,4878,6714,6051,2415,1197,500,79,2,17918,1732,2430,2872,2526,3278,3174,1239,497,150,20,0,17522,1734,2219,2617,2352,3436,2877,1176,700,350,59,2
2017,08,읍면동,경기도 안산시 상록구 성포동,26544,2016,3336,4687,3071,4415,5383,2138,905,499,89,5,13059,1029,1734,2487,1474,1957,2675,1140,387,148,27,1,13485,987,1602,2200,1597,2458,2708,998,518,351,62,4
2017,08,읍면동,경기도 안산시 상록구 안산동,10064,789,921,1370,1284,1616,1980,1266,572,227,35,4,5231,402,480,735,692,869,1060,648,253,84,7,1,4833,387,441,635,592,747,920,618,319,143,28,3
2017,08,읍면동,경기도 안산시 상록구 월피동,44883,3445,5751,7720,5685,8464,8316,3043,1586,760,107,6,23011,1805,3053,4160,3023,4058,4453,1580,639,220,20,0,21872,1640,2698,3560,2662,4406,3863,1463,947,540,87,6
2017,08,읍면동,경기도 안산시 상록구 이동,28839,1977,2296,5405,5196,5101,4792,2273,1260,452,81,6,15207,993,1243,2847,2941,2737,2584,1125,557,168,12,0,13632,984,1053,2558,2255,2364,2208,1148,703,284,69,6
2017,08,읍면동,경기도 안산시 상록구 일동,28233,2580,3218,3983,4363,5526,4495,2179,1339,481,67,2,14318,1262,1607,2077,2306,2921,2353,1044,567,166,15,0,13915,1318,1611,1906,2057,2605,2142,1135,772,315,52,2
2017,08,읍면동,경기도 안산시 상록구 해양동,19526,1665,2609,3466,2437,3637,3575,1404,484,208,40,1,10122,874,1351,1936,1258,1736,1886,779,235,60,7,0,9404,791,1258,1530,1179,1901,1689,625,249,148,33,1
2017,08,시군,경기도 안성시 ,183542,17076,19861,21166,26005,30694,29527,19564,12693,6134,780,42,93992,8742,10391,11563,13789,16392,15508,9808,5564,2044,183,8,89550,8334,9470,9603,12216,14302,14019,9756,7129,4090,597,34
2017,08,읍면동,경기도 안성시 고삼면,2044,68,114,223,160,244,417,367,283,154,14,0,1069,32,58,140,95,151,210,192,136,53,2,0,975,36,56,83,65,93,207,175,147,101,12,0
2017,08,읍면동,경기도 안성시 공도읍,57173,7702,7607,5795,10036,11436,7092,4040,2340,1021,104,0,28649,3898,3954,3008,4986,5934,3628,1922,973,325,21,0,28524,3804,3653,2787,5050,5502,3464,2118,1367,696,83,0
2017,08,읍면동,경기도 안성시 금광면,8348,775,871,808,1054,1313,1348,1042,721,369,43,4,4105,401,468,413,519,708,671,509,292,114,9,1,4243,374,403,395,535,605,677,533,429,255,34,3
2017,08,읍면동,경기도 안성시 대덕면,16720,1790,1219,2290,3517,2716,2456,1467,816,383,63,3,9296,955,619,1304,2089,1619,1404,761,379,149,17,0,7424,835,600,986,1428,1097,1052,706,437,234,46,3
2017,08,읍면동,경기도 안성시 미양면,6689,458,444,656,907,919,1187,1002,709,358,45,4,3539,229,227,381,532,564,629,540,317,111,8,1,3150,229,217,275,375,355,558,462,392,247,37,3
2017,08,읍면동,경기도 안성시 보개면,5959,249,424,651,555,720,1216,952,742,397,49,4,3164,132,264,364,340,433,656,500,328,139,8,0,2795,117,160,287,215,287,560,452,414,258,41,4
2017,08,읍면동,경기도 안성시 삼죽면,3874,136,465,438,323,406,744,626,485,230,19,2,2041,76,234,255,196,239,402,329,216,91,3,0,1833,60,231,183,127,167,342,297,269,139,16,2
2017,08,읍면동,경기도 안성시 서운면,3794,147,216,439,337,477,757,666,487,243,23,2,2021,79,128,262,196,287,424,328,222,89,5,1,1773,68,88,177,141,190,333,338,265,154,18,1
2017,08,읍면동,경기도 안성시 안성1동,12254,747,1222,1670,1338,1768,2351,1527,1079,480,66,6,6131,387,600,892,733,895,1205,747,480,173,17,2,6123,360,622,778,605,873,1146,780,599,307,49,4
2017,08,읍면동,경기도 안성시 안성2동,19157,1846,2346,2397,2698,3490,3112,1755,993,467,51,2,9599,945,1208,1293,1357,1800,1585,850,415,129,16,1,9558,901,1138,1104,1341,1690,1527,905,578,338,35,1
2017,08,읍면동,경기도 안성시 안성3동,21240,1814,2853,3058,2444,3818,3637,1872,1171,497,71,5,10586,926,1520,1655,1210,1810,1888,907,499,155,16,0,10654,888,1333,1403,1234,2008,1749,965,672,342,55,5
2017,08,읍면동,경기도 안성시 양성면,5495,220,306,566,475,687,1154,943,642,428,72,2,2862,107,151,359,280,392,638,497,297,128,13,0,2633,113,155,207,195,295,516,446,345,300,59,2
2017,08,읍면동,경기도 안성시 원곡면,5053,350,373,523,644,739,1013,704,452,211,42,2,2699,180,199,303,362,444,545,375,203,74,13,1,2354,170,174,220,282,295,468,329,249,137,29,1
2017,08,읍면동,경기도 안성시 일죽면,8351,431,807,819,798,986,1571,1436,937,485,79,2,4339,229,448,452,464,566,823,749,417,167,23,1,4012,202,359,367,334,420,748,687,520,318,56,1
2017,08,읍면동,경기도 안성시 죽산면,7391,343,594,833,719,975,1472,1165,836,411,39,4,3892,166,313,482,430,550,800,602,390,147,12,0,3499,177,281,351,289,425,672,563,446,264,27,4
2017,08,시군,경기도 안양시 ,593526,48986,63714,86885,87818,102197,104064,57844,28670,11632,1568,148,294704,25079,33035,45143,44760,49850,51098,29032,12624,3669,375,39,298822,23907,30679,41742,43058,52347,52966,28812,16046,7963,1193,109
2017,08,구,경기도 안양시 동안구 ,338233,29557,40318,48863,49521,61644,57480,29621,14048,6251,855,75,166485,15126,20887,25339,24593,29293,28105,14937,6064,1924,198,19,171748,14431,19431,23524,24928,32351,29375,14684,7984,4327,657,56
2017,08,읍면동,경기도 안양시 동안구 갈산동,11747,866,1578,1749,1301,2106,2085,1165,566,282,42,7,5730,421,813,928,622,958,1027,592,261,93,11,4,6017,445,765,821,679,1148,1058,573,305,189,31,3
2017,08,읍면동,경기도 안양시 동안구 관양1동,39493,3077,3825,6394,5698,6216,7229,3989,2063,890,104,8,19410,1612,1951,3390,2975,2968,3403,1931,870,282,27,1,20083,1465,1874,3004,2723,3248,3826,2058,1193,608,77,7
2017,08,읍면동,경기도 안양시 동안구 관양2동,20212,1673,1801,3036,3500,3395,3459,1877,1023,398,46,4,10236,816,901,1647,1866,1739,1733,919,461,142,12,0,9976,857,900,1389,1634,1656,1726,958,562,256,34,4
2017,08,읍면동,경기도 안양시 동안구 귀인동,17460,1592,3465,2193,1463,4208,2633,1045,564,264,32,1,8619,855,1826,1083,604,1954,1402,541,244,104,6,0,8841,737,1639,1110,859,2254,1231,504,320,160,26,1
2017,08,읍면동,경기도 안양시 동안구 달안동,12108,1144,950,1642,2804,2152,1620,941,541,285,28,1,5614,609,493,752,1401,976,693,419,197,69,5,0,6494,535,457,890,1403,1176,927,522,344,216,23,1
2017,08,읍면동,경기도 안양시 동안구 범계동,16199,1361,2489,2247,2004,3370,2576,1076,675,343,55,3,7805,683,1333,1097,909,1531,1308,519,292,119,14,0,8394,678,1156,1150,1095,1839,1268,557,383,224,41,3
2017,08,읍면동,경기도 안양시 동안구 부림동,25769,2792,2735,3166,5433,5141,3560,1660,873,366,42,1,12447,1404,1423,1521,2685,2465,1669,812,340,119,8,1,13322,1388,1312,1645,2748,2676,1891,848,533,247,34,0
2017,08,읍면동,경기도 안양시 동안구 부흥동,18471,1769,2486,2337,2623,3659,2790,1629,733,386,55,4,8934,919,1319,1190,1241,1732,1313,810,303,93,14,0,9537,850,1167,1147,1382,1927,1477,819,430,293,41,4
2017,08,읍면동,경기도 안양시 동안구 비산1동,23351,2301,2802,3145,3264,4211,3970,2272,929,374,67,16,11438,1196,1411,1615,1599,2012,1905,1140,429,117,13,1,11913,1105,1391,1530,1665,2199,2065,1132,500,257,54,15
2017,08,읍면동,경기도 안양시 동안구 비산2동,13174,1055,1418,2043,1787,2189,2468,1363,566,224,53,8,6443,528,731,1062,866,1026,1195,690,255,74,14,2,6731,527,687,981,921,1163,1273,673,311,150,39,6
2017,08,읍면동,경기도 안양시 동안구 비산3동,24935,1711,2508,4014,3364,3891,4824,2602,1297,631,90,3,12466,893,1294,2187,1800,1862,2354,1314,563,176,21,2,12469,818,1214,1827,1564,2029,2470,1288,734,455,69,1
2017,08,읍면동,경기도 안양시 동안구 신촌동,13886,1052,1960,2151,1700,2531,2599,1212,463,193,25,0,6849,516,1027,1111,833,1127,1295,660,219,56,5,0,7037,536,933,1040,867,1404,1304,552,244,137,20,0
2017,08,읍면동,경기도 안양시 동안구 평안동,25186,2843,4146,2861,3610,5848,3267,1436,751,380,40,4,12388,1445,2204,1469,1626,2815,1659,752,287,118,9,4,12798,1398,1942,1392,1984,3033,1608,684,464,262,31,0
2017,08,읍면동,경기도 안양시 동안구 평촌동,16401,1738,2092,2370,2129,3223,2834,1138,593,256,24,4,8101,904,1074,1244,987,1486,1467,586,250,93,8,2,8300,834,1018,1126,1142,1737,1367,552,343,163,16,2
2017,08,읍면동,경기도 안양시 동안구 호계1동,10017,689,898,1494,1525,1673,1893,1106,515,190,31,3,5161,369,465,798,841,879,992,546,226,41,3,1,4856,320,433,696,684,794,901,560,289,149,28,2
2017,08,읍면동,경기도 안양시 동안구 호계2동,25484,1924,2593,4200,3810,3913,4932,2633,1001,419,54,5,12587,964,1328,2191,1933,1857,2361,1367,451,126,9,0,12897,960,1265,2009,1877,2056,2571,1266,550,293,45,5
2017,08,읍면동,경기도 안양시 동안구 호계3동,24340,1970,2572,3821,3506,3918,4741,2477,895,370,67,3,12257,992,1294,2054,1805,1906,2329,1339,416,102,19,1,12083,978,1278,1767,1701,2012,2412,1138,479,268,48,2
2017,08,구,경기도 안양시 만안구 ,255293,19429,23396,38022,38297,40553,46584,28223,14622,5381,713,73,128219,9953,12148,19804,20167,20557,22993,14095,6560,1745,177,20,127074,9476,11248,18218,18130,19996,23591,14128,8062,3636,536,53
2017,08,읍면동,경기도 안양시 만안구 박달1동,16860,1071,1491,2442,2146,2864,3294,1979,1130,388,49,6,8470,531,735,1273,1148,1507,1680,978,488,113,15,2,8390,540,756,1169,998,1357,1614,1001,642,275,34,4
2017,08,읍면동,경기도 안양시 만안구 박달2동,23259,2300,2558,3659,3666,3653,4052,2084,843,403,40,1,11711,1206,1335,1936,1863,1771,1991,1091,381,125,12,0,11548,1094,1223,1723,1803,1882,2061,993,462,278,28,1
2017,08,읍면동,경기도 안양시 만안구 석수1동,20789,1820,1862,2878,3132,3337,3734,2243,1201,500,73,9,10241,944,974,1491,1545,1663,1774,1124,555,152,16,3,10548,876,888,1387,1587,1674,1960,1119,646,348,57,6
2017,08,읍면동,경기도 안양시 만안구 석수2동,33883,2771,3250,4843,4927,5585,6143,3563,1991,710,92,8,17003,1418,1740,2484,2521,2841,3099,1758,888,235,18,1,16880,1353,1510,2359,2406,2744,3044,1805,1103,475,74,7
2017,08,읍면동,경기도 안양시 만안구 석수3동,15117,1330,1769,2164,1980,2622,2787,1402,744,279,38,2,7575,659,929,1192,985,1321,1410,691,307,76,5,0,7542,671,840,972,995,1301,1377,711,437,203,33,2
2017,08,읍면동,경기도 안양시 만안구 안양1동,18306,1571,1833,2779,2929,3005,3174,1867,791,302,53,2,9094,793,902,1466,1473,1468,1553,944,366,111,18,0,9212,778,931,1313,1456,1537,1621,923,425,191,35,2
2017,08,읍면동,경기도 안양시 만안구 안양2동,22112,1338,1854,3546,3125,3334,4233,2699,1453,466,57,7,11144,694,975,1761,1684,1696,2115,1378,664,158,16,3,10968,644,879,1785,1441,1638,2118,1321,789,308,41,4
2017,08,읍면동,경기도 안양시 만안구 안양3동,17753,1116,1600,2724,2526,2739,3364,2204,1070,363,40,7,8875,567,854,1429,1378,1387,1591,1069,479,112,8,1,8878,549,746,1295,1148,1352,1773,1135,591,251,32,6
2017,08,읍면동,경기도 안양시 만안구 안양4동,7348,371,568,1145,1026,1117,1316,921,621,235,28,0,3703,186,300,550,597,593,665,452,260,92,8,0,3645,185,268,595,429,524,651,469,361,143,20,0
2017,08,읍면동,경기도 안양시 만안구 안양5동,13906,768,1114,1995,1899,2111,2652,1786,1099,428,50,4,6970,430,583,1025,1048,1072,1315,875,478,134,9,1,6936,338,531,970,851,1039,1337,911,621,294,41,3
2017,08,읍면동,경기도 안양시 만안구 안양6동,19157,1195,1338,2839,3426,2920,3406,2361,1195,420,47,10,9913,598,667,1504,1941,1562,1715,1190,554,160,18,4,9244,597,671,1335,1485,1358,1691,1171,641,260,29,6
2017,08,읍면동,경기도 안양시 만안구 안양7동,16103,1760,1531,2282,3025,2668,2644,1405,559,177,44,8,8099,910,799,1148,1544,1324,1322,705,276,58,10,3,8004,850,732,1134,1481,1344,1322,700,283,119,34,5
2017,08,읍면동,경기도 안양시 만안구 안양8동,12154,661,971,1939,1878,1861,2296,1504,728,269,45,2,6266,342,500,1079,1093,985,1086,760,339,72,10,0,5888,319,471,860,785,876,1210,744,389,197,35,2
2017,08,읍면동,경기도 안양시 만안구 안양9동,18546,1357,1657,2787,2612,2737,3489,2205,1197,441,57,7,9155,675,855,1466,1347,1367,1677,1080,525,147,14,2,9391,682,802,1321,1265,1370,1812,1125,672,294,43,5
2017,08,시군,경기도 양주시 ,210049,20504,24331,23936,27556,38269,34095,21849,13689,5104,677,39,106579,10461,12515,12789,13979,19800,17963,10838,6218,1844,162,10,103470,10043,11816,11147,13577,18469,16132,11011,7471,3260,515,29
2017,08,읍면동,경기도 양주시 광적면,12291,813,1054,1477,1290,1987,2558,1619,1023,424,42,4,6616,419,567,860,734,1094,1449,865,464,153,11,0,5675,394,487,617,556,893,1109,754,559,271,31,4
2017,08,읍면동,경기도 양주시 남면,7535,498,535,917,899,997,1512,1119,653,339,63,3,4160,259,276,559,536,621,857,639,294,104,13,2,3375,239,259,358,363,376,655,480,359,235,50,1
2017,08,읍면동,경기도 양주시 백석읍,28249,2138,3181,3523,3010,4826,5356,3299,2025,781,104,6,14297,1096,1657,1867,1574,2420,2812,1657,901,288,24,1,13952,1042,1524,1656,1436,2406,2544,1642,1124,493,80,5
2017,08,읍면동,경기도 양주시 양주1동,6078,294,419,710,572,857,1257,1000,653,277,38,1,3149,165,215,364,328,466,664,547,285,107,7,1,2929,129,204,346,244,391,593,453,368,170,31,0
2017,08,읍면동,경기도 양주시 양주2동,53815,7372,7617,4755,8015,11440,6358,4402,2893,846,112,5,26404,3751,3811,2444,3698,5882,3190,1971,1335,304,18,0,27411,3621,3806,2311,4317,5558,3168,2431,1558,542,94,5
2017,08,읍면동,경기도 양주시 은현면,6613,248,453,774,640,887,1538,1078,661,296,36,2,3716,138,234,467,398,543,881,610,323,111,11,0,2897,110,219,307,242,344,657,468,338,185,25,2
2017,08,읍면동,경기도 양주시 장흥면,10211,611,631,1158,1246,1244,1980,1858,1002,406,70,5,5205,305,340,640,701,683,965,908,493,148,19,3,5006,306,291,518,545,561,1015,950,509,258,51,2
2017,08,읍면동,경기도 양주시 회천1동,10183,758,956,1555,1282,1645,1889,1116,680,263,31,8,5262,384,474,901,674,826,1031,568,306,89,7,2,4921,374,482,654,608,819,858,548,374,174,24,6
2017,08,읍면동,경기도 양주시 회천2동,28418,2355,3236,3794,3446,5123,5336,2799,1687,568,70,4,14445,1235,1694,1989,1772,2618,2809,1371,747,196,14,0,13973,1120,1542,1805,1674,2505,2527,1428,940,372,56,4
2017,08,읍면동,경기도 양주시 회천3동,29555,3083,4637,3440,3720,6279,4147,1960,1580,641,67,1,14628,1531,2397,1756,1799,3092,2201,919,660,247,25,1,14927,1552,2240,1684,1921,3187,1946,1041,920,394,42,0
2017,08,읍면동,경기도 양주시 회천4동,17101,2334,1612,1833,3436,2984,2164,1599,832,263,44,0,8697,1178,850,942,1765,1555,1104,783,410,97,13,0,8404,1156,762,891,1671,1429,1060,816,422,166,31,0
2017,08,시군,경기도 양평군 ,114184,8339,10233,10921,11997,16594,20867,17686,11733,5043,723,48,57656,4280,5466,6050,6060,8779,10686,8768,5561,1796,200,10,56528,4059,4767,4871,5937,7815,10181,8918,6172,3247,523,38
2017,08,읍면동,경기도 양평군 강상면,9519,948,846,845,1258,1528,1621,1301,799,313,55,5,4742,472,448,456,616,776,805,637,394,122,15,1,4777,476,398,389,642,752,816,664,405,191,40,4
2017,08,읍면동,경기도 양평군 강하면,4538,211,309,366,403,562,926,962,555,206,38,0,2293,110,172,205,222,289,454,455,291,85,10,0,2245,101,137,161,181,273,472,507,264,121,28,0
2017,08,읍면동,경기도 양평군 개군면,4988,275,345,430,437,640,991,873,677,287,32,1,2525,132,181,262,232,354,516,411,337,94,5,1,2463,143,164,168,205,286,475,462,340,193,27,0
2017,08,읍면동,경기도 양평군 단월면,3705,156,217,305,312,451,734,726,560,222,21,1,1906,71,138,170,172,268,356,390,255,82,4,0,1799,85,79,135,140,183,378,336,305,140,17,1
2017,08,읍면동,경기도 양평군 서종면,8887,646,726,655,880,1379,1710,1671,834,321,62,3,4469,327,392,356,429,709,847,840,431,116,21,1,4418,319,334,299,451,670,863,831,403,205,41,2
2017,08,읍면동,경기도 양평군 양동면,4643,185,223,356,347,470,935,992,697,383,49,6,2305,96,121,189,184,270,499,495,309,131,11,0,2338,89,102,167,163,200,436,497,388,252,38,6
2017,08,읍면동,경기도 양평군 양서면,12357,798,1051,1181,1324,1784,2283,2017,1294,543,78,4,6259,382,581,651,671,956,1159,989,642,204,22,2,6098,416,470,530,653,828,1124,1028,652,339,56,2
2017,08,읍면동,경기도 양평군 양평읍,30573,2733,3464,3519,3785,5093,5250,3474,2225,891,128,11,15332,1421,1797,1917,1851,2572,2711,1726,998,296,40,3,15241,1312,1667,1602,1934,2521,2539,1748,1227,595,88,8
2017,08,읍면동,경기도 양평군 옥천면,7429,537,516,749,792,1027,1416,1262,782,305,38,5,3793,282,272,435,402,577,714,606,385,111,9,0,3636,255,244,314,390,450,702,656,397,194,29,5
2017,08,읍면동,경기도 양평군 용문면,17097,1423,1876,1759,1763,2450,2838,2351,1744,783,105,5,8722,755,1007,981,898,1303,1485,1165,815,282,29,2,8375,668,869,778,865,1147,1353,1186,929,501,76,3
2017,08,읍면동,경기도 양평군 지평면,6721,292,461,510,447,803,1395,1259,993,492,68,1,3407,166,248,287,244,460,720,654,436,166,26,0,3314,126,213,223,203,343,675,605,557,326,42,1
2017,08,읍면동,경기도 양평군 청운면,3727,135,199,246,249,407,768,798,573,297,49,6,1903,66,109,141,139,245,420,400,268,107,8,0,1824,69,90,105,110,162,348,398,305,190,41,6
2017,08,시군,경기도 여주시 ,112063,8815,11036,12300,13354,17244,19955,14608,9723,4375,615,38,56664,4593,5615,6677,6860,9090,10373,7353,4432,1544,114,13,55399,4222,5421,5623,6494,8154,9582,7255,5291,2831,501,25
2017,08,읍면동,경기도 여주시 가남읍,16021,1359,1526,1694,2240,2451,2741,2043,1291,585,84,7,8266,691,777,931,1205,1337,1450,1049,590,215,18,3,7755,668,749,763,1035,1114,1291,994,701,370,66,4
2017,08,읍면동,경기도 여주시 강천면,4003,159,297,373,325,525,795,726,493,270,38,2,2057,89,160,203,181,301,424,359,244,93,2,1,1946,70,137,170,144,224,371,367,249,177,36,1
2017,08,읍면동,경기도 여주시 금사면,3099,142,188,256,242,354,644,649,404,188,30,2,1573,69,103,147,141,184,337,319,196,72,5,0,1526,73,85,109,101,170,307,330,208,116,25,2
2017,08,읍면동,경기도 여주시 능서면,6618,338,558,621,622,777,1344,1075,808,412,63,0,3427,157,300,358,336,467,712,573,374,131,19,0,3191,181,258,263,286,310,632,502,434,281,44,0
2017,08,읍면동,경기도 여주시 대신면,7651,274,556,666,561,913,1620,1401,1083,509,65,3,3820,143,290,381,319,491,796,712,482,189,15,2,3831,131,266,285,242,422,824,689,601,320,50,1
2017,08,읍면동,경기도 여주시 북내면,5145,202,473,503,340,735,1030,780,690,343,46,3,2623,101,239,280,190,398,565,409,303,127,10,1,2522,101,234,223,150,337,465,371,387,216,36,2
2017,08,읍면동,경기도 여주시 산북면,2543,125,191,218,206,310,477,469,369,153,24,1,1238,54,92,119,99,168,230,238,174,59,5,0,1305,71,99,99,107,142,247,231,195,94,19,1
2017,08,읍면동,경기도 여주시 여흥동,21979,2031,2218,2731,2986,3733,3754,2457,1438,542,80,9,11072,1048,1123,1494,1489,1926,1933,1218,658,173,7,3,10907,983,1095,1237,1497,1807,1821,1239,780,369,73,6
2017,08,읍면동,경기도 여주시 오학동,15268,1917,1565,1747,2589,2670,2369,1305,759,294,47,6,7614,1034,778,910,1258,1368,1193,632,331,100,8,2,7654,883,787,837,1331,1302,1176,673,428,194,39,4
2017,08,읍면동,경기도 여주시 점동면,4889,203,453,499,333,545,953,902,632,320,49,0,2530,121,240,283,184,303,519,463,292,112,13,0,2359,82,213,216,149,242,434,439,340,208,36,0
2017,08,읍면동,경기도 여주시 중앙동,19651,1827,2659,2513,2508,3639,3131,1848,1052,426,46,2,9753,947,1340,1296,1236,1816,1629,879,456,147,6,1,9898,880,1319,1217,1272,1823,1502,969,596,279,40,1
2017,08,읍면동,경기도 여주시 흥천면,5196,238,352,479,402,592,1097,953,704,333,43,3,2691,139,173,275,222,331,585,502,332,126,6,0,2505,99,179,204,180,261,512,451,372,207,37,3
2017,08,시군,경기도 연천군 ,45571,3496,3715,5884,4865,5656,7889,6399,5070,2242,323,32,23921,1811,1983,3775,2637,3124,4226,3229,2233,813,79,11,21650,1685,1732,2109,2228,2532,3663,3170,2837,1429,244,21
2017,08,읍면동,경기도 연천군 군남면,3537,153,231,380,253,382,688,622,550,245,31,2,1865,73,123,249,148,234,370,328,243,88,8,1,1672,80,108,131,105,148,318,294,307,157,23,1
2017,08,읍면동,경기도 연천군 미산면,1777,67,84,180,100,166,387,374,273,125,18,3,935,37,45,114,56,97,211,200,126,44,4,1,842,30,39,66,44,69,176,174,147,81,14,2
2017,08,읍면동,경기도 연천군 백학면,2829,141,201,285,211,306,563,470,452,181,18,1,1497,71,112,189,127,178,301,233,210,70,6,0,1332,70,89,96,84,128,262,237,242,111,12,1
2017,08,읍면동,경기도 연천군 신서면,3015,93,152,389,200,289,547,612,500,203,28,2,1622,43,78,297,123,179,296,291,225,80,9,1,1393,50,74,92,77,110,251,321,275,123,19,1
2017,08,읍면동,경기도 연천군 연천읍,8394,845,563,1425,1084,911,1218,979,902,409,56,2,4550,442,302,985,606,526,672,476,374,152,15,0,3844,403,261,440,478,385,546,503,528,257,41,2
2017,08,읍면동,경기도 연천군 왕징면,1099,42,56,92,62,107,185,255,212,73,13,2,577,29,28,58,37,68,102,128,96,27,3,1,522,13,28,34,25,39,83,127,116,46,10,1
2017,08,읍면동,경기도 연천군 장남면,744,32,35,62,47,89,150,139,133,45,12,0,377,15,21,38,24,52,76,71,65,15,0,0,367,17,14,24,23,37,74,68,68,30,12,0
2017,08,읍면동,경기도 연천군 전곡읍,19776,1925,2133,2534,2511,2915,3264,2194,1463,711,111,15,10171,1012,1123,1468,1291,1513,1711,1130,642,248,27,6,9605,913,1010,1066,1220,1402,1553,1064,821,463,84,9
2017,08,읍면동,경기도 연천군 중면,219,14,11,63,21,13,33,34,16,12,2,0,124,7,5,50,10,6,17,19,7,3,0,0,95,7,6,13,11,7,16,15,9,9,2,0
2017,08,읍면동,경기도 연천군 청산면,4181,184,249,474,376,478,854,720,569,238,34,5,2203,82,146,327,215,271,470,353,245,86,7,1,1978,102,103,147,161,207,384,367,324,152,27,4
2017,08,시군,경기도 오산시 ,211323,26810,24494,27062,40228,39471,27755,14171,8031,2879,387,35,108506,13804,12536,14424,21038,20832,14400,6931,3446,1002,86,7,102817,13006,11958,12638,19190,18639,13355,7240,4585,1877,301,28
2017,08,읍면동,경기도 오산시 남촌동,22086,1460,1574,4344,5823,3829,2654,1406,711,244,36,5,12708,746,814,2457,3659,2322,1545,732,340,85,7,1,9378,714,760,1887,2164,1507,1109,674,371,159,29,4
2017,08,읍면동,경기도 오산시 대원동,66736,8768,8156,8708,12446,12746,8590,4101,2331,772,112,6,34186,4517,4292,4656,6345,6637,4478,1984,978,269,30,0,32550,4251,3864,4052,6101,6109,4112,2117,1353,503,82,6
2017,08,읍면동,경기도 오산시 세마동,19579,2945,2281,2167,3510,3777,2555,1370,693,236,39,6,9961,1553,1145,1167,1670,2007,1321,682,322,84,9,1,9618,1392,1136,1000,1840,1770,1234,688,371,152,30,5
2017,08,읍면동,경기도 오산시 신장동,58432,8478,6472,6547,11279,10306,7762,4262,2353,854,110,9,29240,4340,3232,3413,5739,5353,3794,2064,997,286,22,0,29192,4138,3240,3134,5540,4953,3968,2198,1356,568,88,9
2017,08,읍면동,경기도 오산시 중앙동,27511,2997,3710,3485,4115,5472,3922,1981,1258,507,60,4,13807,1525,1882,1806,2086,2750,2074,967,522,182,12,1,13704,1472,1828,1679,2029,2722,1848,1014,736,325,48,3
2017,08,읍면동,경기도 오산시 초평동,16979,2162,2301,1811,3055,3341,2272,1051,685,266,30,5,8604,1123,1171,925,1539,1763,1188,502,287,96,6,4,8375,1039,1130,886,1516,1578,1084,549,398,170,24,1
2017,08,시군,경기도 용인시 ,999976,109360,126165,119978,148848,196622,137226,83703,54836,20148,2942,148,497286,56108,65481,62017,71980,98188,70732,38817,25460,7733,751,19,502690,53252,60684,57961,76868,98434,66494,44886,29376,12415,2191,129
2017,08,구,경기도 용인시 기흥구 ,419273,50470,52587,48358,65686,84650,54043,32897,21737,7637,1159,49,207507,25938,27065,24950,31417,42299,27444,14982,10113,2993,300,6,211766,24532,25522,23408,34269,42351,26599,17915,11624,4644,859,43
2017,08,읍면동,경기도 용인시 기흥구 구갈동,26884,2234,2977,4356,4506,4901,4158,2103,1171,414,61,3,13491,1127,1510,2176,2363,2458,2142,1018,542,140,15,0,13393,1107,1467,2180,2143,2443,2016,1085,629,274,46,3
2017,08,읍면동,경기도 용인시 기흥구 구성동,40779,4790,5085,3870,5774,8520,4932,3878,2859,934,131,6,19764,2450,2607,1983,2646,4236,2411,1667,1325,416,22,1,21015,2340,2478,1887,3128,4284,2521,2211,1534,518,109,5
2017,08,읍면동,경기도 용인시 기흥구 기흥동,22710,2701,2385,2527,3727,4192,3236,2171,1257,449,62,3,11245,1360,1255,1334,1825,2127,1561,1009,605,150,19,0,11465,1341,1130,1193,1902,2065,1675,1162,652,299,43,3
2017,08,읍면동,경기도 용인시 기흥구 동백동,81119,11477,13148,7484,11800,19291,8893,4715,3123,1031,147,10,39812,5881,6790,3804,5137,9603,4681,2067,1412,395,40,2,41307,5596,6358,3680,6663,9688,4212,2648,1711,636,107,8
2017,08,읍면동,경기도 용인시 기흥구 마북동,32662,3283,3536,3880,4688,5807,4521,3423,2515,881,123,5,16017,1698,1801,2028,2269,2826,2242,1516,1225,375,37,0,16645,1585,1735,1852,2419,2981,2279,1907,1290,506,86,5
2017,08,읍면동,경기도 용인시 기흥구 보정동,36598,4131,4507,3864,5327,7413,4467,3393,2591,781,122,2,17989,2177,2274,1957,2442,3631,2283,1538,1304,353,30,0,18609,1954,2233,1907,2885,3782,2184,1855,1287,428,92,2
2017,08,읍면동,경기도 용인시 기흥구 상갈동,46536,5145,6070,5183,6840,9565,6094,3860,2738,905,128,8,23456,2681,3178,2660,3416,4873,3177,1771,1291,373,34,2,23080,2464,2892,2523,3424,4692,2917,2089,1447,532,94,6
2017,08,읍면동,경기도 용인시 기흥구 상하동,25348,2734,3259,3036,3582,5097,3695,2084,1328,464,66,3,12392,1391,1672,1589,1690,2477,1856,953,590,161,13,0,12956,1343,1587,1447,1892,2620,1839,1131,738,303,53,3
2017,08,읍면동,경기도 용인시 기흥구 서농동,24924,3889,2207,4479,5550,3848,2821,1275,615,200,39,1,12762,2002,1142,2417,2884,1989,1373,607,276,62,10,0,12162,1887,1065,2062,2666,1859,1448,668,339,138,29,1
2017,08,읍면동,경기도 용인시 기흥구 신갈동,36515,3823,4206,4502,5565,7141,5363,3008,2052,746,104,5,18112,1934,2141,2289,2740,3603,2788,1411,886,293,26,1,18403,1889,2065,2213,2825,3538,2575,1597,1166,453,78,4
2017,08,읍면동,경기도 용인시 기흥구 영덕동,45198,6263,5207,5177,8327,8875,5863,2987,1488,832,176,3,22467,3237,2695,2713,4005,4476,2930,1425,657,275,54,0,22731,3026,2512,2464,4322,4399,2933,1562,831,557,122,3
2017,08,구,경기도 용인시 수지구 ,349669,38319,46091,41440,51003,71409,45695,28331,19716,6652,973,40,170955,19667,23558,20860,23688,34727,23466,12702,9363,2669,250,5,178714,18652,22533,20580,27315,36682,22229,15629,10353,3983,723,35
2017,08,읍면동,경기도 용인시 수지구 동천동,36568,4041,4629,4392,5351,7588,4996,3082,1821,565,98,5,18054,2093,2361,2222,2507,3718,2543,1481,891,221,17,0,18514,1948,2268,2170,2844,3870,2453,1601,930,344,81,5
2017,08,읍면동,경기도 용인시 수지구 상현1동,48060,5416,6512,5734,7143,9817,6144,3831,2486,838,135,4,23342,2755,3329,2827,3277,4741,3198,1660,1210,319,26,0,24718,2661,3183,2907,3866,5076,2946,2171,1276,519,109,4
2017,08,읍면동,경기도 용인시 수지구 상현2동,33615,3612,4619,3682,4443,6853,4392,3036,2202,669,102,5,16335,1880,2350,1833,2016,3311,2247,1334,1067,264,33,0,17280,1732,2269,1849,2427,3542,2145,1702,1135,405,69,5
2017,08,읍면동,경기도 용인시 수지구 성복동,38159,3883,4622,3903,4598,7249,5100,4584,3167,893,154,6,18356,1959,2342,2020,1931,3481,2505,2005,1661,406,44,2,19803,1924,2280,1883,2667,3768,2595,2579,1506,487,110,4
2017,08,읍면동,경기도 용인시 수지구 신봉동,37771,4233,5387,3780,4809,8371,4750,3149,2401,791,96,4,18356,2114,2761,1950,2099,4038,2483,1366,1164,362,19,0,19415,2119,2626,1830,2710,4333,2267,1783,1237,429,77,4
2017,08,읍면동,경기도 용인시 수지구 죽전1동,59319,6800,7894,7355,8863,12088,7673,4300,3077,1100,162,7,28959,3493,4024,3715,4125,5902,3876,1950,1393,433,47,1,30360,3307,3870,3640,4738,6186,3797,2350,1684,667,115,6
2017,08,읍면동,경기도 용인시 수지구 죽전2동,19444,1956,1895,2897,3704,3367,2745,1502,931,400,46,1,9570,1014,990,1405,1847,1655,1357,708,431,154,9,0,9874,942,905,1492,1857,1712,1388,794,500,246,37,1
2017,08,읍면동,경기도 용인시 수지구 풍덕천1동,37146,3677,4364,5200,6295,7078,5071,2727,1952,679,101,2,18542,1874,2287,2674,3225,3509,2601,1262,838,242,30,0,18604,1803,2077,2526,3070,3569,2470,1465,1114,437,71,2
2017,08,읍면동,경기도 용인시 수지구 풍덕천2동,39587,4701,6169,4497,5797,8998,4824,2120,1679,717,79,6,19441,2485,3114,2214,2661,4372,2656,936,708,268,25,2,20146,2216,3055,2283,3136,4626,2168,1184,971,449,54,4
2017,08,구,경기도 용인시 처인구 ,231034,20571,27487,30180,32159,40563,37488,22475,13383,5859,810,59,118824,10503,14858,16207,16875,21162,19822,11133,5984,2071,201,8,112210,10068,12629,13973,15284,19401,17666,11342,7399,3788,609,51
2017,08,읍면동,경기도 용인시 처인구 남사면,6952,287,543,718,645,1019,1400,1101,771,407,56,5,3681,152,271,399,365,603,806,561,348,161,15,0,3271,135,272,319,280,416,594,540,423,246,41,5
2017,08,읍면동,경기도 용인시 처인구 동부동,14276,1036,1526,2035,1825,2523,2605,1548,811,318,43,6,7313,524,839,1082,982,1275,1335,781,373,112,10,0,6963,512,687,953,843,1248,1270,767,438,206,33,6
2017,08,읍면동,경기도 용인시 처인구 모현면,26457,2507,2592,3272,3798,4601,4429,2906,1614,645,85,8,13914,1332,1361,1792,1996,2487,2436,1483,764,243,18,2,12543,1175,1231,1480,1802,2114,1993,1423,850,402,67,6
2017,08,읍면동,경기도 용인시 처인구 백암면,9646,339,1416,1078,795,1185,1806,1408,987,543,82,7,5144,182,807,625,474,684,984,732,436,197,22,1,4502,157,609,453,321,501,822,676,551,346,60,6
2017,08,읍면동,경기도 용인시 처인구 양지면,19281,1498,2970,2387,2549,3093,3144,1949,1073,524,89,5,10402,809,1823,1344,1378,1651,1667,1023,508,174,24,1,8879,689,1147,1043,1171,1442,1477,926,565,350,65,4
2017,08,읍면동,경기도 용인시 처인구 역삼동,31455,3421,3592,4757,5343,5548,4482,2383,1352,500,71,6,15797,1703,1879,2484,2762,2723,2259,1167,612,183,24,1,15658,1718,1713,2273,2581,2825,2223,1216,740,317,47,5
2017,08,읍면동,경기도 용인시 처인구 원삼면,7945,442,612,772,775,1121,1542,1339,869,419,50,4,4106,224,289,440,439,641,809,697,405,147,15,0,3839,218,323,332,336,480,733,642,464,272,35,4
2017,08,읍면동,경기도 용인시 처인구 유림동,33117,3647,4601,4030,4823,6818,4786,2331,1465,552,62,2,16696,1794,2444,2080,2416,3418,2588,1116,617,203,20,0,16421,1853,2157,1950,2407,3400,2198,1215,848,349,42,2
2017,08,읍면동,경기도 용인시 처인구 이동면,21445,2115,2144,2232,2971,3727,3752,2332,1384,676,106,6,10909,1070,1132,1262,1529,2025,1963,1094,592,219,23,0,10536,1045,1012,970,1442,1702,1789,1238,792,457,83,6
2017,08,읍면동,경기도 용인시 처인구 중앙동,25177,2011,2651,4113,3610,4361,4160,2365,1285,538,74,9,12675,1016,1389,2134,1904,2231,2087,1143,566,186,16,3,12502,995,1262,1979,1706,2130,2073,1222,719,352,58,6
2017,08,읍면동,경기도 용인시 처인구 포곡읍,35283,3268,4840,4786,5025,6567,5382,2813,1772,737,92,1,18187,1697,2624,2565,2630,3424,2888,1336,763,246,14,0,17096,1571,2216,2221,2395,3143,2494,1477,1009,491,78,1
2017,08,시군,경기도 의왕시 ,155540,13716,16175,22011,21874,26382,27900,15666,7786,3463,525,42,77678,7083,8282,11591,11297,13011,13739,7926,3528,1086,125,10,77862,6633,7893,10420,10577,13371,14161,7740,4258,2377,400,32
2017,08,읍면동,경기도 의왕시 고천동,12424,981,1124,1596,1798,1850,2268,1657,767,333,48,2,6253,502,568,858,954,937,1094,857,377,93,12,1,6171,479,556,738,844,913,1174,800,390,240,36,1
2017,08,읍면동,경기도 의왕시 내손1동,22435,1884,2596,3525,2822,3897,4361,1969,879,430,62,10,10989,961,1348,1805,1365,1826,2151,1003,383,135,11,1,11446,923,1248,1720,1457,2071,2210,966,496,295,51,9
2017,08,읍면동,경기도 의왕시 내손2동,33230,3158,3157,5120,4926,5531,5993,3081,1436,706,116,6,16488,1599,1681,2694,2473,2685,2966,1576,591,199,23,1,16742,1559,1476,2426,2453,2846,3027,1505,845,507,93,5
2017,08,읍면동,경기도 의왕시 부곡동,26439,2078,2595,3768,3720,4330,4618,2693,1717,815,96,9,13484,1083,1292,2032,2106,2230,2323,1344,762,280,29,3,12955,995,1303,1736,1614,2100,2295,1349,955,535,67,6
2017,08,읍면동,경기도 의왕시 오전동,39564,3496,4604,5298,5333,7010,7101,4121,1796,675,124,6,19787,1824,2360,2796,2698,3426,3485,2107,855,208,26,2,19777,1672,2244,2502,2635,3584,3616,2014,941,467,98,4
2017,08,읍면동,경기도 의왕시 청계동,21448,2119,2099,2704,3275,3764,3559,2145,1191,504,79,9,10677,1114,1033,1406,1701,1907,1720,1039,560,171,24,2,10771,1005,1066,1298,1574,1857,1839,1106,631,333,55,7
2017,08,시군,경기도 의정부시 ,438677,36546,47155,59466,59829,77226,74785,44224,27640,10297,1323,186,216547,18777,24299,30424,30346,38228,37375,21022,12097,3609,332,38,222130,17769,22856,29042,29483,38998,37410,23202,15543,6688,991,148
2017,08,읍면동,경기도 의정부시 가능1동,24785,1471,2287,3523,3060,4075,4891,2874,1837,679,77,11,12449,772,1156,1861,1651,2077,2472,1387,809,245,18,1,12336,699,1131,1662,1409,1998,2419,1487,1028,434,59,10
2017,08,읍면동,경기도 의정부시 녹양동,23338,2142,2644,3118,3194,4141,4002,2214,1309,504,67,3,11663,1149,1397,1629,1638,2050,1976,1049,582,174,19,0,11675,993,1247,1489,1556,2091,2026,1165,727,330,48,3
2017,08,읍면동,경기도 의정부시 송산1동,33224,2682,3792,4489,4228,5999,5868,3269,1933,829,125,10,16476,1329,1980,2378,2184,2919,2977,1605,807,270,27,0,16748,1353,1812,2111,2044,3080,2891,1664,1126,559,98,10
2017,08,읍면동,경기도 의정부시 송산2동,61255,7545,8117,7151,9280,12284,8645,4305,2699,1083,141,5,29920,3860,4071,3633,4411,6008,4407,1986,1138,378,26,2,31335,3685,4046,3518,4869,6276,4238,2319,1561,705,115,3
2017,08,읍면동,경기도 의정부시 신곡1동,43993,3407,5011,6151,5600,7808,7957,4380,2576,986,108,9,21683,1743,2535,3214,2877,3703,3968,2163,1123,323,32,2,22310,1664,2476,2937,2723,4105,3989,2217,1453,663,76,7
2017,08,읍면동,경기도 의정부시 신곡2동,47130,3912,6169,6745,5659,8628,8278,4138,2440,1012,139,10,22844,2015,3207,3400,2740,4024,4074,1988,1031,325,39,1,24286,1897,2962,3345,2919,4604,4204,2150,1409,687,100,9
2017,08,읍면동,경기도 의정부시 의정부1동,20461,961,1403,3204,2894,3238,4039,2575,1486,551,82,28,10597,517,697,1606,1639,1793,2121,1321,672,205,21,5,9864,444,706,1598,1255,1445,1918,1254,814,346,61,23
2017,08,읍면동,경기도 의정부시 의정부2동,28144,1739,2324,4637,4263,4683,4937,2934,1899,643,77,8,14000,907,1235,2314,2263,2356,2460,1370,826,237,29,3,14144,832,1089,2323,2000,2327,2477,1564,1073,406,48,5
2017,08,읍면동,경기도 의정부시 의정부3동,10905,500,719,1808,1579,1707,2036,1338,839,323,36,20,5534,258,387,892,840,964,1102,621,334,120,12,4,5371,242,332,916,739,743,934,717,505,203,24,16
2017,08,읍면동,경기도 의정부시 자금동,30263,2675,3343,4023,4026,5377,5255,2886,1850,716,93,19,14864,1341,1764,2038,2005,2627,2602,1403,800,254,21,9,15399,1334,1579,1985,2021,2750,2653,1483,1050,462,72,10
2017,08,읍면동,경기도 의정부시 장암동,20609,1803,2210,2389,2775,3587,3346,2311,1512,592,74,10,9912,923,1143,1244,1348,1770,1613,1039,637,184,10,1,10697,880,1067,1145,1427,1817,1733,1272,875,408,64,9
2017,08,읍면동,경기도 의정부시 호원1동,35851,2938,2932,4614,5543,5708,5580,4594,2929,882,111,20,17615,1561,1497,2237,2848,2916,2649,2135,1404,336,27,5,18236,1377,1435,2377,2695,2792,2931,2459,1525,546,84,15
2017,08,읍면동,경기도 의정부시 호원2동,37292,3294,4082,4675,5016,6461,5984,3978,2758,927,110,7,18214,1660,2091,2395,2448,3185,2937,1832,1264,371,29,2,19078,1634,1991,2280,2568,3276,3047,2146,1494,556,81,5
2017,08,읍면동,경기도 의정부시 흥선동,21427,1477,2122,2939,2712,3530,3967,2428,1573,570,83,26,10776,742,1139,1583,1454,1836,2017,1123,670,187,22,3,10651,735,983,1356,1258,1694,1950,1305,903,383,61,23
2017,08,시군,경기도 이천시 ,213059,21793,25135,27115,31920,35356,33339,19845,12238,5525,744,49,108859,11296,13237,14417,16621,18208,17465,10030,5500,1882,192,11,104200,10497,11898,12698,15299,17148,15874,9815,6738,3643,552,38
2017,08,읍면동,경기도 이천시 관고동,10646,792,1028,1580,1524,1670,2002,1153,620,245,30,2,5345,433,482,806,825,832,1030,591,258,79,8,1,5301,359,546,774,699,838,972,562,362,166,22,1
2017,08,읍면동,경기도 이천시 대월면,14058,1551,1382,2092,2495,2112,1930,1274,832,328,57,5,7023,804,699,1006,1257,1115,1022,638,356,110,14,2,7035,747,683,1086,1238,997,908,636,476,218,43,3
2017,08,읍면동,경기도 이천시 마장면,11396,1034,1768,1507,1561,1505,1612,1197,776,370,61,5,6240,542,1025,902,888,877,885,625,354,126,16,0,5156,492,743,605,673,628,727,572,422,244,45,5
2017,08,읍면동,경기도 이천시 모가면,4629,200,316,466,421,560,993,771,580,274,47,1,2458,114,184,273,249,313,540,405,268,99,13,0,2171,86,132,193,172,247,453,366,312,175,34,1
2017,08,읍면동,경기도 이천시 백사면,10619,819,959,1348,1228,1620,1997,1296,859,432,56,5,5420,435,509,691,673,824,1059,661,399,151,18,0,5199,384,450,657,555,796,938,635,460,281,38,5
2017,08,읍면동,경기도 이천시 부발읍,37815,4898,4980,4556,6729,6912,4925,2619,1478,634,80,4,19307,2507,2585,2337,3375,3600,2677,1329,657,223,17,0,18508,2391,2395,2219,3354,3312,2248,1290,821,411,63,4
2017,08,읍면동,경기도 이천시 설성면,5156,253,317,508,473,608,1021,902,688,345,39,2,2714,118,157,297,278,380,559,475,314,126,9,1,2442,135,160,211,195,228,462,427,374,219,30,1
2017,08,읍면동,경기도 이천시 신둔면,12204,932,1191,1490,1579,1918,2344,1451,849,373,73,4,6424,504,656,797,856,1037,1250,773,405,127,18,1,5780,428,535,693,723,881,1094,678,444,246,55,3
2017,08,읍면동,경기도 이천시 율면,2877,96,163,224,199,297,557,554,457,291,37,2,1440,51,73,122,122,178,302,266,217,98,10,1,1437,45,90,102,77,119,255,288,240,193,27,1
2017,08,읍면동,경기도 이천시 장호원읍,15703,1310,1684,1677,1884,2317,2704,1989,1348,704,77,9,7949,684,870,950,976,1215,1371,987,618,247,27,4,7754,626,814,727,908,1102,1333,1002,730,457,50,5
2017,08,읍면동,경기도 이천시 중리동,14482,1214,1129,2344,2474,2116,2467,1508,851,328,49,2,7876,651,614,1405,1505,1134,1269,750,415,120,13,0,6606,563,515,939,969,982,1198,758,436,208,36,2
2017,08,읍면동,경기도 이천시 증포동,48960,6929,7865,5661,7995,9900,6359,2340,1289,558,61,3,24334,3548,4137,2895,3779,4774,3354,1157,512,164,13,1,24626,3381,3728,2766,4216,5126,3005,1183,777,394,48,2
2017,08,읍면동,경기도 이천시 창전동,18519,1314,1901,2964,2623,2959,3328,1974,1043,377,32,4,9156,664,988,1558,1407,1421,1551,968,462,131,6,0,9363,650,913,1406,1216,1538,1777,1006,581,246,26,4
2017,08,읍면동,경기도 이천시 호법면,5995,451,452,698,735,862,1100,817,568,266,45,1,3173,241,258,378,431,508,596,405,265,81,10,0,2822,210,194,320,304,354,504,412,303,185,35,1
2017,08,시군,경기도 파주시 ,433620,47102,48567,53151,67295,77452,63662,38070,26050,10637,1475,159,220094,24063,25144,27798,35551,40124,33369,18424,11354,3844,380,43,213526,23039,23423,25353,31744,37328,30293,19646,14696,6793,1095,116
2017,08,읍면동,경기도 파주시 광탄면,12211,580,844,1517,1202,1609,2647,1839,1241,618,100,14,6571,313,444,893,711,933,1476,1000,574,200,23,4,5640,267,400,624,491,676,1171,839,667,418,77,10
2017,08,읍면동,경기도 파주시 교하동,42653,5110,5887,4362,6430,9023,5765,3214,1897,837,114,14,21569,2627,3122,2313,3112,4596,3106,1563,836,271,21,2,21084,2483,2765,2049,3318,4427,2659,1651,1061,566,93,12
2017,08,읍면동,경기도 파주시 금촌1동,23458,1571,1930,3543,3448,3685,4280,2588,1649,662,92,10,12325,797,1031,1929,1988,2023,2308,1284,703,233,25,4,11133,774,899,1614,1460,1662,1972,1304,946,429,67,6
2017,08,읍면동,경기도 파주시 금촌2동,35769,4700,4878,4233,6084,6872,4525,2237,1564,587,81,8,17611,2432,2519,2050,3097,3365,2293,1009,621,208,16,1,18158,2268,2359,2183,2987,3507,2232,1228,943,379,65,7
2017,08,읍면동,경기도 파주시 금촌3동,28870,3164,3264,3952,4591,4815,4324,2440,1603,631,84,2,14768,1603,1745,2056,2484,2458,2252,1194,713,239,24,0,14102,1561,1519,1896,2107,2357,2072,1246,890,392,60,2
2017,08,읍면동,경기도 파주시 문산읍,50829,6278,4848,6346,9334,7724,6818,4355,3451,1464,191,20,25910,3184,2520,3269,5196,4133,3470,2050,1461,561,57,9,24919,3094,2328,3077,4138,3591,3348,2305,1990,903,134,11
2017,08,읍면동,경기도 파주시 법원읍,11819,574,1020,1376,1151,1692,2390,1714,1267,545,82,8,6205,299,567,786,667,955,1282,879,561,183,24,2,5614,275,453,590,484,737,1108,835,706,362,58,6
2017,08,읍면동,경기도 파주시 운정1동,45072,6360,5861,4758,7560,9111,5825,3059,1817,635,80,6,22088,3227,2917,2355,3581,4569,2928,1461,810,218,21,1,22984,3133,2944,2403,3979,4542,2897,1598,1007,417,59,5
2017,08,읍면동,경기도 파주시 운정2동,38865,5522,5487,3685,6384,8218,4602,2542,1710,637,76,2,18924,2808,2788,1810,3030,4080,2288,1137,708,254,20,1,19941,2714,2699,1875,3354,4138,2314,1405,1002,383,56,1
2017,08,읍면동,경기도 파주시 운정3동,60137,8206,7702,6237,10106,12366,7752,4079,2638,934,113,4,29333,4178,3911,3118,4761,6196,3840,1836,1130,339,24,0,30804,4028,3791,3119,5345,6170,3912,2243,1508,595,89,4
2017,08,읍면동,경기도 파주시 월롱면,12203,279,381,4558,2701,1109,1373,944,558,262,36,2,7509,149,204,2475,2290,718,816,517,249,86,5,0,4694,130,177,2083,411,391,557,427,309,176,31,2
2017,08,읍면동,경기도 파주시 장단출장소,611,36,42,75,56,84,119,82,89,26,2,0,310,13,22,34,36,53,65,34,41,11,1,0,301,23,20,41,20,31,54,48,48,15,1,0
2017,08,읍면동,경기도 파주시 적성면,7935,696,653,927,985,995,1403,1047,859,325,43,2,4160,363,360,524,543,562,757,523,394,125,9,0,3775,333,293,403,442,433,646,524,465,200,34,2
2017,08,읍면동,경기도 파주시 조리읍,31214,2242,3420,3883,3514,5230,5894,3603,2319,951,148,10,15773,1129,1722,2095,1850,2622,3122,1777,1061,346,45,4,15441,1113,1698,1788,1664,2608,2772,1826,1258,605,103,6
2017,08,읍면동,경기도 파주시 진동면,172,8,8,3,12,22,30,41,33,13,2,0,94,2,4,2,7,12,19,21,20,6,1,0,78,6,4,1,5,10,11,20,13,7,1,0
2017,08,읍면동,경기도 파주시 탄현면,14069,953,1201,1638,1879,2507,2415,1649,1189,542,92,4,7573,505,650,904,1111,1417,1370,831,554,204,27,0,6496,448,551,734,768,1090,1045,818,635,338,65,4
2017,08,읍면동,경기도 파주시 파주읍,13674,694,885,1615,1586,1947,2619,1970,1535,692,88,43,7276,368,481,925,940,1165,1486,976,635,262,26,12,6398,326,404,690,646,782,1133,994,900,430,62,31
2017,08,읍면동,경기도 파주시 파평면,4059,129,256,443,272,443,881,667,631,276,51,10,2095,66,137,260,147,267,491,332,283,98,11,3,1964,63,119,183,125,176,390,335,348,178,40,7
2017,08,시군,경기도 평택시 ,478181,47872,53467,62453,73639,86453,75071,40933,25818,10835,1433,207,244777,24541,27724,33755,39086,45257,39358,19795,11114,3698,386,63,233404,23331,25743,28698,34553,41196,35713,21138,14704,7137,1047,144
2017,08,읍면동,경기도 평택시 고덕면,11199,1105,1021,1441,1555,1821,1877,1197,784,347,46,5,5864,554,556,828,827,993,1023,617,348,109,8,1,5335,551,465,613,728,828,854,580,436,238,38,4
2017,08,읍면동,경기도 평택시 비전1동,51622,6368,6485,6810,9657,9928,6930,3068,1627,659,81,9,26119,3285,3344,3474,5019,5002,3578,1474,706,216,19,2,25503,3083,3141,3336,4638,4926,3352,1594,921,443,62,7
2017,08,읍면동,경기도 평택시 비전2동,59761,6811,8038,8127,9258,11562,8823,3925,2211,879,113,14,30050,3537,4220,4229,4624,5658,4552,1891,979,337,21,2,29711,3274,3818,3898,4634,5904,4271,2034,1232,542,92,12
2017,08,읍면동,경기도 평택시 서정동,29955,2186,3244,4390,4165,5387,5207,2786,1822,674,78,16,15056,1133,1682,2353,2236,2729,2610,1269,778,230,29,7,14899,1053,1562,2037,1929,2658,2597,1517,1044,444,49,9
2017,08,읍면동,경기도 평택시 서탄면,4077,211,272,424,470,543,818,636,463,218,21,1,2218,106,158,238,283,339,471,334,207,79,3,0,1859,105,114,186,187,204,347,302,256,139,18,1
2017,08,읍면동,경기도 평택시 세교동,21828,1847,2771,3250,2721,4035,3850,1734,1112,444,60,4,11063,955,1448,1774,1426,1972,2004,838,466,159,20,1,10765,892,1323,1476,1295,2063,1846,896,646,285,40,3
2017,08,읍면동,경기도 평택시 송북동,23226,2128,2578,3201,3250,4037,4069,2064,1272,533,86,8,11514,1057,1344,1676,1615,2056,2056,990,511,178,27,4,11712,1071,1234,1525,1635,1981,2013,1074,761,355,59,4
2017,08,읍면동,경기도 평택시 송탄동,15569,1978,1741,1782,2516,2994,2464,1121,635,290,42,6,8125,1034,884,968,1285,1630,1332,584,305,92,9,2,7444,944,857,814,1231,1364,1132,537,330,198,33,4
2017,08,읍면동,경기도 평택시 신장1동,6682,671,487,812,1141,1090,1043,721,491,185,32,9,3211,333,259,406,600,600,478,288,168,66,8,5,3471,338,228,406,541,490,565,433,323,119,24,4
2017,08,읍면동,경기도 평택시 신장2동,6407,265,441,785,721,947,1245,929,724,292,40,18,3152,139,213,427,395,536,620,421,287,97,9,8,3255,126,228,358,326,411,625,508,437,195,31,10
2017,08,읍면동,경기도 평택시 신평동,24575,1595,2464,3915,3449,4163,4436,2421,1495,563,64,10,12324,804,1298,2038,1891,2041,2222,1157,645,209,16,3,12251,791,1166,1877,1558,2122,2214,1264,850,354,48,7
2017,08,읍면동,경기도 평택시 안중읍,42390,4954,6385,4886,6342,8842,5553,2760,1784,755,119,10,21533,2469,3254,2651,3214,4537,3044,1347,746,239,31,1,20857,2485,3131,2235,3128,4305,2509,1413,1038,516,88,9
2017,08,읍면동,경기도 평택시 오성면,7243,472,613,834,724,1043,1443,964,730,370,46,4,3768,232,315,474,410,594,784,490,321,120,27,1,3475,240,298,360,314,449,659,474,409,250,19,3
2017,08,읍면동,경기도 평택시 원평동,12393,980,978,1869,1926,1935,2150,1308,857,329,47,14,6328,502,514,991,1081,990,1132,603,388,111,11,5,6065,478,464,878,845,945,1018,705,469,218,36,9
2017,08,읍면동,경기도 평택시 중앙동,46078,4417,6258,6512,6209,8961,7372,3348,2022,850,115,14,23149,2259,3199,3551,3173,4419,3792,1625,815,279,31,6,22929,2158,3059,2961,3036,4542,3580,1723,1207,571,84,8
2017,08,읍면동,경기도 평택시 지산동,11630,946,1072,1985,2135,2024,1629,976,614,219,26,4,5987,481,544,1092,1190,1050,825,476,254,71,3,1,5643,465,528,893,945,974,804,500,360,148,23,3
2017,08,읍면동,경기도 평택시 진위면,12468,841,1036,1713,1766,1992,2213,1489,968,402,42,6,6616,429,532,955,1039,1107,1196,755,465,131,6,1,5852,412,504,758,727,885,1017,734,503,271,36,5
2017,08,읍면동,경기도 평택시 청북읍,25544,4781,2439,2137,6047,4143,2660,1753,994,500,86,4,13433,2514,1251,1175,3080,2435,1429,883,484,156,26,0,12111,2267,1188,962,2967,1708,1231,870,510,344,60,4
2017,08,읍면동,경기도 평택시 통복동,4399,190,351,529,438,719,907,681,422,140,20,2,2227,94,187,299,248,370,459,324,193,49,4,0,2172,96,164,230,190,349,448,357,229,91,16,2
2017,08,읍면동,경기도 평택시 팽성읍,29094,1965,2115,3223,3536,4651,5501,3883,2802,1227,152,39,14813,999,1097,1825,1985,2608,2865,1779,1145,452,45,13,14281,966,1018,1398,1551,2043,2636,2104,1657,775,107,26
2017,08,읍면동,경기도 평택시 포승읍,26080,2926,2270,3238,5077,4867,3747,2094,1217,567,69,8,15092,1510,1214,1987,3146,3107,2245,1107,563,192,21,0,10988,1416,1056,1251,1931,1760,1502,987,654,375,48,8
2017,08,읍면동,경기도 평택시 현덕면,5961,235,408,590,536,769,1134,1075,772,392,48,2,3135,115,211,344,319,484,641,543,340,126,12,0,2826,120,197,246,217,285,493,532,432,266,36,2
2017,08,시군,경기도 포천시 ,153320,11217,15436,18593,16926,24359,30207,18706,11999,5098,721,58,80581,5796,8139,10386,9223,13135,16698,9945,5250,1785,205,19,72739,5421,7297,8207,7703,11224,13509,8761,6749,3313,516,39
2017,08,읍면동,경기도 포천시 가산면,8244,284,676,904,715,1266,2046,1241,698,360,53,1,4758,141,374,518,455,773,1276,755,334,121,11,0,3486,143,302,386,260,493,770,486,364,239,42,1
2017,08,읍면동,경기도 포천시 관인면,3100,105,189,303,184,329,658,588,525,189,27,3,1596,46,88,174,107,192,359,303,243,74,7,3,1504,59,101,129,77,137,299,285,282,115,20,0
2017,08,읍면동,경기도 포천시 군내면,6447,307,461,695,600,853,1471,1043,656,319,40,2,3516,163,246,401,367,489,850,589,290,110,10,1,2931,144,215,294,233,364,621,454,366,209,30,1
2017,08,읍면동,경기도 포천시 내촌면,5043,178,304,555,422,731,1244,804,536,242,26,1,2876,84,169,339,272,457,741,472,236,96,10,0,2167,94,135,216,150,274,503,332,300,146,16,1
2017,08,읍면동,경기도 포천시 선단동,14579,932,1432,1924,1698,2634,3130,1605,812,370,39,3,7766,531,724,1040,945,1433,1757,862,354,115,4,1,6813,401,708,884,753,1201,1373,743,458,255,35,2
2017,08,읍면동,경기도 포천시 소흘읍,46579,3979,6039,6045,5383,8690,8750,4184,2369,990,142,8,23725,2009,3173,3184,2704,4357,4739,2158,1030,331,39,1,22854,1970,2866,2861,2679,4333,4011,2026,1339,659,103,7
2017,08,읍면동,경기도 포천시 신북면,13250,1011,1236,1605,1520,1977,2637,1769,1001,421,68,5,7123,540,649,902,828,1128,1505,954,458,137,21,1,6127,471,587,703,692,849,1132,815,543,284,47,4
2017,08,읍면동,경기도 포천시 영북면,9247,818,610,1060,1168,1085,1608,1268,1075,459,82,14,4823,409,330,645,649,651,839,649,451,171,25,4,4424,409,280,415,519,434,769,619,624,288,57,10
2017,08,읍면동,경기도 포천시 영중면,5366,270,399,513,427,704,1168,918,702,229,33,3,2898,141,206,300,248,433,672,501,301,84,11,1,2468,129,193,213,179,271,496,417,401,145,22,2
2017,08,읍면동,경기도 포천시 이동면,6532,657,498,793,905,775,1036,887,665,276,38,2,3484,332,269,523,513,450,564,437,287,96,13,0,3048,325,229,270,392,325,472,450,378,180,25,2
2017,08,읍면동,경기도 포천시 일동면,10502,835,928,1113,1210,1442,1824,1523,1065,484,73,5,5452,436,495,645,688,798,963,777,450,170,27,3,5050,399,433,468,522,644,861,746,615,314,46,2
2017,08,읍면동,경기도 포천시 창수면,2350,70,151,217,158,285,502,446,379,127,13,2,1309,38,91,141,102,175,282,244,172,57,7,0,1041,32,60,76,56,110,220,202,207,70,6,2
2017,08,읍면동,경기도 포천시 포천동,19386,1582,2343,2596,2210,3289,3605,2001,1206,471,74,9,9815,829,1246,1411,1158,1632,1862,990,506,161,16,4,9571,753,1097,1185,1052,1657,1743,1011,700,310,58,5
2017,08,읍면동,경기도 포천시 화현면,2695,189,170,270,326,299,528,429,310,161,13,0,1440,97,79,163,187,167,289,254,138,62,4,0,1255,92,91,107,139,132,239,175,172,99,9,0
2017,08,시군,경기도 하남시 ,223457,24891,20436,26546,38430,37766,35366,24241,11077,3918,705,81,112442,12753,10520,13765,19306,19739,17536,12079,5342,1223,161,18,111015,12138,9916,12781,19124,18027,17830,12162,5735,2695,544,63
2017,08,읍면동,경기도 하남시 감북동,3997,176,266,476,516,582,898,603,340,120,15,5,2230,100,148,278,306,340,509,330,167,47,4,1,1767,76,118,198,210,242,389,273,173,73,11,4
2017,08,읍면동,경기도 하남시 덕풍1동,17641,1269,1569,2468,2667,2736,3253,2212,1064,337,59,7,8892,653,832,1299,1446,1377,1541,1102,524,105,12,1,8749,616,737,1169,1221,1359,1712,1110,540,232,47,6
2017,08,읍면동,경기도 하남시 덕풍2동,20515,1297,1711,2948,3027,3057,3938,2746,1243,462,81,5,10315,677,882,1561,1658,1516,1971,1346,563,124,17,0,10200,620,829,1387,1369,1541,1967,1400,680,338,64,5
2017,08,읍면동,경기도 하남시 덕풍3동,27364,2607,3087,3344,3858,4967,4526,2947,1409,524,86,9,13602,1349,1611,1738,1929,2495,2193,1445,659,163,19,1,13762,1258,1476,1606,1929,2472,2333,1502,750,361,67,8
2017,08,읍면동,경기도 하남시 미사1동,21629,3638,2084,2023,4489,4018,2503,1826,742,262,42,2,10810,1892,1056,1028,2136,2167,1195,885,364,76,10,1,10819,1746,1028,995,2353,1851,1308,941,378,186,32,1
2017,08,읍면동,경기도 하남시 미사2동,39022,6847,3611,3348,8487,7485,4361,3044,1302,450,86,1,19396,3519,1854,1679,3951,4035,2129,1479,630,105,15,0,19626,3328,1757,1669,4536,3450,2232,1565,672,345,71,1
2017,08,읍면동,경기도 하남시 신장1동,6732,380,524,1039,1077,1001,1297,845,400,143,21,5,3497,180,290,566,635,536,649,420,168,46,6,1,3235,200,234,473,442,465,648,425,232,97,15,4
2017,08,읍면동,경기도 하남시 신장2동,43787,4006,4339,5331,6871,7039,7235,5343,2620,849,145,9,21737,2015,2242,2768,3474,3507,3503,2585,1288,315,40,0,22050,1991,2097,2563,3397,3532,3732,2758,1332,534,105,9
2017,08,읍면동,경기도 하남시 위례동,17177,2319,1439,2539,3341,2929,2756,1302,396,124,31,1,8430,1176,677,1261,1543,1495,1353,669,212,33,10,1,8747,1143,762,1278,1798,1434,1403,633,184,91,21,0
2017,08,읍면동,경기도 하남시 천현동,8074,506,530,987,1168,1167,1561,1302,582,224,37,10,4354,248,275,526,701,697,838,699,287,74,7,2,3720,258,255,461,467,470,723,603,295,150,30,8
2017,08,읍면동,경기도 하남시 초이동,3863,191,249,467,465,609,858,574,310,120,20,0,2213,114,125,262,294,373,518,324,155,46,2,0,1650,77,124,205,171,236,340,250,155,74,18,0
2017,08,읍면동,경기도 하남시 춘궁동,3942,178,228,461,489,578,826,659,354,140,22,7,2222,96,134,258,297,365,482,363,168,52,6,1,1720,82,94,203,192,213,344,296,186,88,16,6
2017,08,읍면동,경기도 하남시 풍산동,9714,1477,799,1115,1975,1598,1354,838,315,163,60,20,4744,734,394,541,936,836,655,432,157,37,13,9,4970,743,405,574,1039,762,699,406,158,126,47,11
2017,08,시군,경기도 화성시 ,673824,93818,79759,76108,127957,127676,84621,46269,25462,10650,1417,87,348354,47956,40894,40239,65963,68807,45965,23091,11483,3607,319,30,325470,45862,38865,35869,61994,58869,38656,23178,13979,7043,1098,57
2017,08,읍면동,경기도 화성시 기배동,14624,1916,2144,1511,2255,3024,1920,1078,569,177,29,1,7455,985,1154,765,1093,1581,1004,541,268,59,5,0,7169,931,990,746,1162,1443,916,537,301,118,24,1
2017,08,읍면동,경기도 화성시 남양읍,31043,3383,2999,3719,5468,5141,4956,2920,1619,728,108,2,16708,1758,1556,2108,3079,2924,2745,1519,725,271,23,0,14335,1625,1443,1611,2389,2217,2211,1401,894,457,85,2
2017,08,읍면동,경기도 화성시 동탄1동,53640,8333,7769,6713,11180,11455,5099,1852,885,308,43,3,27138,4277,4001,3306,5472,5826,2852,882,403,107,11,1,26502,4056,3768,3407,5708,5629,2247,970,482,201,32,2
2017,08,읍면동,경기도 화성시 동탄2동,37568,5930,6415,3495,6073,8884,3972,1591,865,300,42,1,18515,2996,3248,1800,2682,4466,2139,730,352,94,8,0,19053,2934,3167,1695,3391,4418,1833,861,513,206,34,1
2017,08,읍면동,경기도 화성시 동탄3동,43695,8062,5711,4481,10348,8679,3310,1790,965,303,44,2,21863,4101,2957,2165,5146,4515,1715,741,410,104,9,0,21832,3961,2754,2316,5202,4164,1595,1049,555,199,35,2
2017,08,읍면동,경기도 화성시 동탄4동,84052,16817,10093,7927,20267,16803,7113,3199,1287,475,69,2,41962,8619,5082,3792,9656,8866,3736,1489,560,147,15,0,42090,8198,5011,4135,10611,7937,3377,1710,727,328,54,2
2017,08,읍면동,경기도 화성시 동탄면,15153,2862,1156,1670,4396,2206,1510,814,345,165,28,1,7905,1468,608,844,2365,1198,770,425,170,53,4,0,7248,1394,548,826,2031,1008,740,389,175,112,24,1
2017,08,읍면동,경기도 화성시 마도면,6747,361,463,733,770,1001,1430,987,671,293,34,4,3842,199,252,439,494,638,846,526,333,111,3,1,2905,162,211,294,276,363,584,461,338,182,31,3
2017,08,읍면동,경기도 화성시 매송면,8152,577,646,1005,947,1246,1572,1095,730,300,32,2,4279,297,343,563,524,706,855,563,314,103,10,1,3873,280,303,442,423,540,717,532,416,197,22,1
2017,08,읍면동,경기도 화성시 반월동,31173,5380,3704,3803,6692,5512,3714,1525,556,243,42,2,15804,2734,1907,1958,3329,2842,1904,771,271,77,10,1,15369,2646,1797,1845,3363,2670,1810,754,285,166,32,1
2017,08,읍면동,경기도 화성시 병점1동,29195,3760,3725,3954,5464,5520,3554,1865,995,322,36,0,14685,1946,1888,2036,2750,2798,1849,895,416,98,9,0,14510,1814,1837,1918,2714,2722,1705,970,579,224,27,0
2017,08,읍면동,경기도 화성시 병점2동,26381,3707,4486,2632,4384,5884,2745,1399,781,322,41,0,12897,1890,2233,1301,2093,2922,1439,603,305,106,5,0,13484,1817,2253,1331,2291,2962,1306,796,476,216,36,0
2017,08,읍면동,경기도 화성시 봉담읍,74059,9746,9668,8215,12091,14816,10162,5386,2784,1018,163,10,37421,4831,4908,4337,5920,7781,5337,2669,1288,311,34,5,36638,4915,4760,3878,6171,7035,4825,2717,1496,707,129,5
2017,08,읍면동,경기도 화성시 비봉면,5897,273,395,606,589,775,1302,947,627,338,43,2,3271,134,215,371,367,469,768,540,283,116,6,2,2626,139,180,235,222,306,534,407,344,222,37,0
2017,08,읍면동,경기도 화성시 서신면,7048,231,361,606,579,929,1687,1304,830,453,60,8,3898,126,193,372,355,602,966,695,387,179,20,3,3150,105,168,234,224,327,721,609,443,274,40,5
2017,08,읍면동,경기도 화성시 송산면,11253,631,883,1138,1030,1637,2273,1716,1227,620,90,8,5985,321,459,677,594,977,1257,875,573,231,21,0,5268,310,424,461,436,660,1016,841,654,389,69,8
2017,08,읍면동,경기도 화성시 양감면,4186,152,223,449,436,562,1000,688,435,220,20,1,2477,78,127,279,301,389,632,386,201,81,3,0,1709,74,96,170,135,173,368,302,234,139,17,1
2017,08,읍면동,경기도 화성시 우정읍,18105,1393,1634,1995,2182,2939,3358,2287,1489,734,89,5,9688,716,793,1201,1244,1768,1840,1173,675,255,20,3,8417,677,841,794,938,1171,1518,1114,814,479,69,2
2017,08,읍면동,경기도 화성시 장안면,10681,572,742,1087,1103,1573,2255,1667,1099,520,58,5,6047,310,395,664,690,1013,1359,886,509,201,16,4,4634,262,347,423,413,560,896,781,590,319,42,1
2017,08,읍면동,경기도 화성시 정남면,12092,660,965,1421,1423,1945,2531,1574,991,510,66,6,6860,358,507,861,911,1207,1518,855,459,167,16,1,5232,302,458,560,512,738,1013,719,532,343,50,5
2017,08,읍면동,경기도 화성시 진안동,37276,4339,3576,6118,8667,6441,4242,2238,1180,401,73,1,19902,2264,1849,3229,4992,3591,2210,1094,515,137,20,1,17374,2075,1727,2889,3675,2850,2032,1144,665,264,53,0
2017,08,읍면동,경기도 화성시 팔탄면,10384,468,588,1203,1223,1689,2424,1465,838,426,51,9,6173,261,301,788,801,1141,1487,839,394,146,14,1,4211,207,287,415,422,548,937,626,444,280,37,8
2017,08,읍면동,경기도 화성시 향남읍,78259,11898,8940,8738,16840,14745,8718,4638,2581,1043,111,7,41426,6067,4622,4762,9170,8277,4745,2268,1167,319,24,5,36833,5831,4318,3976,7670,6468,3973,2370,1414,724,87,2
2017,08,읍면동,경기도 화성시 화산동,23161,2367,2473,2889,3550,4270,3774,2244,1113,431,45,5,12153,1220,1296,1621,1935,2310,1992,1126,505,134,13,1,11008,1147,1177,1268,1615,1960,1782,1118,608,297,32,4
2017,07,도,경기도  ,12795378,1238118,1421686,1703514,1942143,2306540,2061663,1150335,662849,268002,37262,3266,6436130,635293,735141,891667,988255,1168465,1055961,566810,293282,91386,9057,813,6359248,602825,686545,811847,953888,1138075,1005702,583525,369567,176616,28205,2453
2017,07,시군,경기도 가평군 ,62830,4130,5531,6263,6444,8838,11868,9573,6680,3057,408,38,32124,2114,2885,3554,3382,4787,6215,4919,3015,1131,107,15,30706,2016,2646,2709,3062,4051,5653,4654,3665,1926,301,23
2017,07,읍면동,경기도 가평군 가평읍,19704,1376,1959,2211,1987,3019,3602,2562,1962,900,115,11,10051,704,1053,1225,1038,1622,1875,1291,877,328,35,3,9653,672,906,986,949,1397,1727,1271,1085,572,80,8
2017,07,읍면동,경기도 가평군 북면,3978,203,218,284,336,458,817,770,573,279,36,4,2038,98,124,166,187,280,419,394,255,104,9,2,1940,105,94,118,149,178,398,376,318,175,27,2
2017,07,읍면동,경기도 가평군 상면,5553,206,462,562,396,655,1181,1039,688,318,41,5,2792,108,183,329,213,349,645,521,323,111,7,3,2761,98,279,233,183,306,536,518,365,207,34,2
2017,07,읍면동,경기도 가평군 설악면,9194,609,893,778,874,1168,1806,1526,971,504,61,4,4643,303,451,432,444,615,935,799,456,193,13,2,4551,306,442,346,430,553,871,727,515,311,48,2
2017,07,읍면동,경기도 가평군 조종면,9963,877,747,1067,1281,1320,1772,1423,998,408,63,7,5264,457,375,664,678,723,953,787,454,152,18,3,4699,420,372,403,603,597,819,636,544,256,45,4
2017,07,읍면동,경기도 가평군 청평면,14438,859,1252,1361,1570,2218,2690,2253,1488,648,92,7,7336,444,699,738,822,1198,1388,1127,650,243,25,2,7102,415,553,623,748,1020,1302,1126,838,405,67,5
2017,07,시군,경기도 고양시 ,1041587,90661,118515,146260,141791,194944,177802,87274,55904,24955,3231,250,511575,46586,61129,74514,69040,94343,89789,43061,23402,8788,861,62,530012,44075,57386,71746,72751,100601,88013,44213,32502,16167,2370,188
2017,07,구,경기도 고양시 덕양구 ,447540,40506,45220,60144,64253,79903,76205,41727,27004,10944,1475,159,222046,20800,23355,30968,32126,40065,38695,20343,11485,3798,376,35,225494,19706,21865,29176,32127,39838,37510,21384,15519,7146,1099,124
2017,07,읍면동,경기도 고양시 덕양구 고양동,32946,3160,3723,3698,4498,6226,4983,3548,2174,816,107,13,16532,1656,1912,1978,2229,3204,2597,1679,941,306,27,3,16414,1504,1811,1720,2269,3022,2386,1869,1233,510,80,10
2017,07,읍면동,경기도 고양시 덕양구 관산동,35406,2676,3177,4286,4827,5891,6482,4289,2668,913,168,29,17948,1372,1702,2259,2547,3140,3297,2111,1197,279,38,6,17458,1304,1475,2027,2280,2751,3185,2178,1471,634,130,23
2017,07,읍면동,경기도 고양시 덕양구 능곡동,19444,1432,1744,2676,2440,3250,3862,2132,1325,494,76,13,9935,786,942,1424,1245,1684,2016,1061,594,167,14,2,9509,646,802,1252,1195,1566,1846,1071,731,327,62,11
2017,07,읍면동,경기도 고양시 덕양구 대덕동,2841,173,215,320,341,442,610,370,253,96,18,3,1569,92,108,182,191,268,364,207,114,36,6,1,1272,81,107,138,150,174,246,163,139,60,12,2
2017,07,읍면동,경기도 고양시 덕양구 성사1동,24737,2034,2315,3354,3279,4469,4474,2472,1576,661,93,10,12209,1043,1212,1736,1608,2312,2253,1179,610,227,28,1,12528,991,1103,1618,1671,2157,2221,1293,966,434,65,9
2017,07,읍면동,경기도 고양시 덕양구 성사2동,12320,951,1294,1592,1673,2086,2123,1215,945,394,47,0,6023,482,683,833,867,994,1009,608,394,141,12,0,6297,469,611,759,806,1092,1114,607,551,253,35,0
2017,07,읍면동,경기도 고양시 덕양구 신도동,19629,2248,1216,2531,3678,2951,3037,2082,1331,488,57,10,9609,1153,633,1251,1837,1511,1438,1001,607,165,9,4,10020,1095,583,1280,1841,1440,1599,1081,724,323,48,6
2017,07,읍면동,경기도 고양시 덕양구 원신동,21060,3047,1532,2476,4066,3341,3177,1961,1005,390,59,6,10230,1548,762,1235,1984,1676,1469,948,462,133,12,1,10830,1499,770,1241,2082,1665,1708,1013,543,257,47,5
2017,07,읍면동,경기도 고양시 덕양구 주교동,17301,899,1786,2440,1856,3040,3532,1912,1255,505,70,6,8879,485,972,1322,1009,1576,1883,935,511,161,23,2,8422,414,814,1118,847,1464,1649,977,744,344,47,4
2017,07,읍면동,경기도 고양시 덕양구 창릉동,13278,1690,1182,1427,2258,2269,1972,1433,726,268,44,9,6700,858,606,716,1070,1234,1027,734,343,107,4,1,6578,832,576,711,1188,1035,945,699,383,161,40,8
2017,07,읍면동,경기도 고양시 덕양구 행신1동,24102,2086,2630,3450,3289,4387,4287,2026,1335,539,71,2,11784,1056,1326,1764,1644,2130,2143,979,536,187,18,1,12318,1030,1304,1686,1645,2257,2144,1047,799,352,53,1
2017,07,읍면동,경기도 고양시 덕양구 행신2동,35087,3019,3818,5397,5387,6337,5925,2540,1784,771,102,7,17378,1588,1969,2801,2713,3023,3041,1257,707,248,30,1,17709,1431,1849,2596,2674,3314,2884,1283,1077,523,72,6
2017,07,읍면동,경기도 고양시 덕양구 행신3동,49756,4097,6221,7130,5914,9766,8827,3824,2649,1168,152,8,24202,2087,3120,3635,2925,4628,4464,1844,1077,377,45,0,25554,2010,3101,3495,2989,5138,4363,1980,1572,791,107,8
2017,07,읍면동,경기도 고양시 덕양구 행주동,21541,1175,1759,3233,2937,3604,4368,2320,1434,642,63,6,11064,606,905,1729,1632,1893,2317,1169,598,205,9,1,10477,569,854,1504,1305,1711,2051,1151,836,437,54,5
2017,07,읍면동,경기도 고양시 덕양구 화전동,5862,508,441,721,854,785,953,822,520,211,32,15,3162,267,227,413,477,454,561,427,236,84,11,5,2700,241,214,308,377,331,392,395,284,127,21,10
2017,07,읍면동,경기도 고양시 덕양구 화정1동,40769,2897,4746,6448,4941,7607,7147,3217,2499,1120,140,7,19772,1480,2429,3191,2415,3549,3657,1538,1028,438,46,1,20997,1417,2317,3257,2526,4058,3490,1679,1471,682,94,6
2017,07,읍면동,경기도 고양시 덕양구 화정2동,35251,3552,4538,4622,4955,7434,5363,2288,1668,752,79,0,17199,1818,2377,2341,2291,3578,2719,1102,677,278,18,0,18052,1734,2161,2281,2664,3856,2644,1186,991,474,61,0
2017,07,읍면동,경기도 고양시 덕양구 효자동,2469,220,138,283,375,334,413,337,227,102,28,12,1298,114,81,148,200,187,221,179,103,44,16,5,1171,106,57,135,175,147,192,158,124,58,12,7
2017,07,읍면동,경기도 고양시 덕양구 흥도동,33741,4642,2745,4060,6685,5684,4670,2939,1630,614,69,3,16553,2309,1389,2010,3242,3024,2219,1385,750,215,10,0,17188,2333,1356,2050,3443,2660,2451,1554,880,399,59,3
2017,07,구,경기도 고양시 일산동구 ,293742,23498,34159,43870,39951,56230,50948,23279,14044,6790,928,45,143434,12135,17610,22047,19134,26717,25554,11709,5880,2380,252,16,150308,11363,16549,21823,20817,29513,25394,11570,8164,4410,676,29
2017,07,읍면동,경기도 고양시 일산동구 고봉동,20436,1486,1679,2612,2665,3442,4038,2457,1393,572,90,2,10708,767,887,1441,1447,1880,2132,1331,633,176,13,1,9728,719,792,1171,1218,1562,1906,1126,760,396,77,1
2017,07,읍면동,경기도 고양시 일산동구 마두1동,26367,1804,3923,4264,2548,5123,4883,1929,1166,648,71,8,12781,912,2022,2137,1161,2344,2477,980,509,224,12,3,13586,892,1901,2127,1387,2779,2406,949,657,424,59,5
2017,07,읍면동,경기도 고양시 일산동구 마두2동,17367,1473,2583,2422,1751,3424,3016,1163,890,566,78,1,8243,754,1299,1230,725,1542,1518,598,339,209,29,0,9124,719,1284,1192,1026,1882,1498,565,551,357,49,1
2017,07,읍면동,경기도 고양시 일산동구 백석1동,33214,2646,3776,5187,5413,6189,5573,2404,1344,594,83,5,16011,1364,1972,2525,2691,2824,2668,1191,531,226,17,2,17203,1282,1804,2662,2722,3365,2905,1213,813,368,66,3
2017,07,읍면동,경기도 고양시 일산동구 백석2동,22097,1243,1740,3535,4126,4348,3616,1785,1101,525,74,4,10683,660,908,1649,2037,2123,1799,892,424,167,23,1,11414,583,832,1886,2089,2225,1817,893,677,358,51,3
2017,07,읍면동,경기도 고양시 일산동구 식사동,32909,3898,4700,4233,3953,7189,5151,2102,1121,501,59,2,16087,2009,2357,2153,1643,3452,2725,1085,470,167,25,1,16822,1889,2343,2080,2310,3737,2426,1017,651,334,34,1
2017,07,읍면동,경기도 고양시 일산동구 장항1동,3096,155,164,338,342,439,770,528,256,81,19,4,1749,83,83,191,187,284,453,285,146,31,5,1,1347,72,81,147,155,155,317,243,110,50,14,3
2017,07,읍면동,경기도 고양시 일산동구 장항2동,27130,1659,2026,4573,5368,5484,4276,1836,1185,634,87,2,13202,831,1053,2193,2558,2662,2182,930,500,254,39,0,13928,828,973,2380,2810,2822,2094,906,685,380,48,2
2017,07,읍면동,경기도 고양시 일산동구 정발산동,26866,1949,3013,4496,3511,4768,4751,2326,1362,605,81,4,13040,994,1550,2312,1753,2206,2287,1129,573,212,21,3,13826,955,1463,2184,1758,2562,2464,1197,789,393,60,1
2017,07,읍면동,경기도 고양시 일산동구 중산동,44556,3261,5372,6862,5001,8075,8441,3741,2381,1225,189,8,21692,1717,2827,3541,2434,3724,4131,1850,992,425,48,3,22864,1544,2545,3321,2567,4351,4310,1891,1389,800,141,5
2017,07,읍면동,경기도 고양시 일산동구 풍산동,39704,3924,5183,5348,5273,7749,6433,3008,1845,839,97,5,19238,2044,2652,2675,2498,3676,3182,1438,763,289,20,1,20466,1880,2531,2673,2775,4073,3251,1570,1082,550,77,4
2017,07,구,경기도 고양시 일산서구 ,300305,26657,39136,42246,37587,58811,50649,22268,14856,7221,828,46,146095,13651,20164,21499,17780,27561,25540,11009,6037,2610,233,11,154210,13006,18972,20747,19807,31250,25109,11259,8819,4611,595,35
2017,07,읍면동,경기도 고양시 일산서구 대화동,32836,2124,3490,5974,4589,5692,5821,2687,1596,763,95,5,15842,1083,1844,2893,2302,2633,2827,1295,662,273,29,1,16994,1041,1646,3081,2287,3059,2994,1392,934,490,66,4
2017,07,읍면동,경기도 고양시 일산서구 송산동,49085,5338,6668,5876,6389,10209,7705,3701,2213,859,119,8,24270,2709,3345,3121,2970,5011,3976,1869,929,311,26,3,24815,2629,3323,2755,3419,5198,3729,1832,1284,548,93,5
2017,07,읍면동,경기도 고양시 일산서구 송포동,17954,1559,2488,2366,1937,3562,3121,1469,991,424,35,2,8938,808,1290,1270,902,1645,1652,743,450,170,8,0,9016,751,1198,1096,1035,1917,1469,726,541,254,27,2
2017,07,읍면동,경기도 고양시 일산서구 일산1동,30059,2831,3514,4252,4023,5479,5125,2430,1658,656,82,9,14672,1442,1792,2185,1946,2582,2551,1187,705,262,19,1,15387,1389,1722,2067,2077,2897,2574,1243,953,394,63,8
2017,07,읍면동,경기도 고양시 일산서구 일산2동,20744,1391,2096,3166,2385,3592,4301,1991,1203,561,55,3,10221,687,1111,1598,1198,1742,2166,1000,506,193,20,0,10523,704,985,1568,1187,1850,2135,991,697,368,35,3
2017,07,읍면동,경기도 고양시 일산서구 일산3동,38230,3257,6630,5344,3768,8551,6345,2215,1275,756,86,3,18547,1671,3396,2740,1695,3819,3270,1155,510,265,26,0,19683,1586,3234,2604,2073,4732,3075,1060,765,491,60,3
2017,07,읍면동,경기도 고양시 일산서구 주엽1동,29939,2513,3961,3943,3668,5808,4871,2285,1753,1030,101,6,14203,1258,2071,1983,1662,2671,2364,1120,661,379,33,1,15736,1255,1890,1960,2006,3137,2507,1165,1092,651,68,5
2017,07,읍면동,경기도 고양시 일산서구 주엽2동,31336,2541,3858,4268,3728,5833,5262,2511,2022,1157,148,8,14765,1299,1952,2139,1763,2621,2577,1211,754,401,43,5,16571,1242,1906,2129,1965,3212,2685,1300,1268,756,105,3
2017,07,읍면동,경기도 고양시 일산서구 탄현동,50122,5103,6431,7057,7100,10085,8098,2979,2145,1015,107,2,24637,2694,3363,3570,3342,4837,4157,1429,860,356,29,0,25485,2409,3068,3487,3758,5248,3941,1550,1285,659,78,2
2017,07,시군,경기도 과천시 ,58411,4596,7166,8088,7108,10283,10229,5678,3308,1640,273,42,28479,2368,3721,4262,3487,4835,5025,2765,1393,552,66,5,29932,2228,3445,3826,3621,5448,5204,2913,1915,1088,207,37
2017,07,읍면동,경기도 과천시 갈현동,11788,1283,1652,1432,1411,2407,1862,909,571,220,35,6,5752,639,848,771,598,1175,942,457,238,77,7,0,6036,644,804,661,813,1232,920,452,333,143,28,6
2017,07,읍면동,경기도 과천시 과천동,9484,719,723,1244,1673,1507,1555,1178,623,222,38,2,4887,373,363,681,944,800,756,581,301,80,8,0,4597,346,360,563,729,707,799,597,322,142,30,2
2017,07,읍면동,경기도 과천시 문원동,8070,712,1042,916,1019,1514,1273,825,522,204,34,9,3881,375,547,462,502,720,620,372,218,56,8,1,4189,337,495,454,517,794,653,453,304,148,26,8
2017,07,읍면동,경기도 과천시 별양동,11390,713,1531,1795,1089,1912,2184,1078,614,402,62,10,5413,357,818,928,506,822,1073,517,240,136,15,1,5977,356,713,867,583,1090,1111,561,374,266,47,9
2017,07,읍면동,경기도 과천시 부림동,10677,735,1405,1585,1191,1886,2014,944,541,329,44,3,5183,382,726,834,609,859,989,454,213,104,13,0,5494,353,679,751,582,1027,1025,490,328,225,31,3
2017,07,읍면동,경기도 과천시 중앙동,7002,434,813,1116,725,1057,1341,744,437,263,60,12,3363,242,419,586,328,459,645,384,183,99,15,3,3639,192,394,530,397,598,696,360,254,164,45,9
2017,07,시군,경기도 광명시 ,333791,31237,37028,42676,51651,60145,53479,33001,17003,6599,862,110,165322,16079,19115,22384,25765,30037,26394,15895,7367,2071,193,22,168469,15158,17913,20292,25886,30108,27085,17106,9636,4528,669,88
2017,07,읍면동,경기도 광명시 광명1동,14210,930,1354,2056,2075,2306,2465,1647,971,366,37,3,7087,497,721,1130,1108,1148,1172,783,375,145,8,0,7123,433,633,926,967,1158,1293,864,596,221,29,3
2017,07,읍면동,경기도 광명시 광명2동,11193,635,949,1568,1587,1772,2056,1459,845,284,35,3,5491,314,469,811,857,898,1004,647,379,100,12,0,5702,321,480,757,730,874,1052,812,466,184,23,3
2017,07,읍면동,경기도 광명시 광명3동,10276,518,745,1495,1483,1600,1934,1413,795,259,29,5,4993,261,389,766,776,785,939,619,356,91,9,2,5283,257,356,729,707,815,995,794,439,168,20,3
2017,07,읍면동,경기도 광명시 광명4동,15163,1017,1174,2109,2471,2352,2623,2000,1045,300,56,16,7405,521,590,1092,1275,1143,1251,952,462,106,9,4,7758,496,584,1017,1196,1209,1372,1048,583,194,47,12
2017,07,읍면동,경기도 광명시 광명5동,15594,1271,1569,1912,2426,2727,2556,1752,967,371,38,5,7745,642,825,1030,1257,1399,1231,820,425,110,5,1,7849,629,744,882,1169,1328,1325,932,542,261,33,4
2017,07,읍면동,경기도 광명시 광명6동,15449,1459,1579,2000,2325,2634,2602,1668,828,301,46,7,7640,709,805,1029,1150,1347,1278,838,376,94,13,1,7809,750,774,971,1175,1287,1324,830,452,207,33,6
2017,07,읍면동,경기도 광명시 광명7동,20883,1470,2196,2930,3040,3311,3706,2523,1227,419,56,5,10530,729,1155,1580,1618,1688,1802,1241,571,135,11,0,10353,741,1041,1350,1422,1623,1904,1282,656,284,45,5
2017,07,읍면동,경기도 광명시 소하1동,32635,3899,4374,3663,4637,6455,4836,2869,1310,512,65,15,16093,2010,2269,1929,2124,3204,2392,1402,603,143,14,3,16542,1889,2105,1734,2513,3251,2444,1467,707,369,51,12
2017,07,읍면동,경기도 광명시 소하2동,33641,3351,3683,4404,5065,5872,5404,3375,1769,625,82,11,16992,1754,1880,2420,2558,3058,2697,1621,778,204,18,4,16649,1597,1803,1984,2507,2814,2707,1754,991,421,64,7
2017,07,읍면동,경기도 광명시 철산1동,13898,1471,1777,1798,2142,2700,2137,1085,533,220,35,0,6854,749,910,934,1026,1313,1077,528,238,72,7,0,7044,722,867,864,1116,1387,1060,557,295,148,28,0
2017,07,읍면동,경기도 광명시 철산2동,16238,1001,1547,2580,2533,2730,3051,1632,805,325,31,3,8265,527,822,1355,1345,1352,1600,796,361,94,12,1,7973,474,725,1225,1188,1378,1451,836,444,231,19,2
2017,07,읍면동,경기도 광명시 철산3동,36987,3858,4888,4837,5244,7025,5944,3138,1364,593,87,9,18274,2009,2517,2520,2445,3389,2927,1621,618,202,25,1,18713,1849,2371,2317,2799,3636,3017,1517,746,391,62,8
2017,07,읍면동,경기도 광명시 철산4동,14659,1472,1433,1893,2752,2616,2131,1433,687,217,24,1,7335,747,768,982,1408,1329,1050,689,282,76,4,0,7324,725,665,911,1344,1287,1081,744,405,141,20,1
2017,07,읍면동,경기도 광명시 하안1동,27874,3295,3470,3289,4028,5508,4368,2318,1079,440,73,6,13987,1715,1779,1781,1898,2802,2208,1188,479,124,12,1,13887,1580,1691,1508,2130,2706,2160,1130,600,316,61,5
2017,07,읍면동,경기도 광명시 하안2동,15786,1657,1606,1716,3339,3021,2008,1252,717,412,50,8,7568,843,800,826,1694,1511,939,558,279,105,11,2,8218,814,806,890,1645,1510,1069,694,438,307,39,6
2017,07,읍면동,경기도 광명시 하안3동,22878,2291,2520,2573,3832,4201,3278,2182,1308,611,77,5,10921,1189,1300,1262,1906,2053,1602,960,470,163,16,0,11957,1102,1220,1311,1926,2148,1676,1222,838,448,61,5
2017,07,읍면동,경기도 광명시 하안4동,14041,1546,2033,1621,2390,3040,1864,828,486,210,22,1,6834,812,1045,802,1161,1455,933,390,184,48,4,0,7207,734,988,819,1229,1585,931,438,302,162,18,1
2017,07,읍면동,경기도 광명시 학온동,2386,96,131,232,282,275,516,427,267,134,19,7,1308,51,71,135,159,163,292,242,131,59,3,2,1078,45,60,97,123,112,224,185,136,75,16,5
2017,07,시군,경기도 광주시 ,335611,34503,33546,39476,56833,59002,54315,34052,16897,6008,911,68,172406,17703,17419,20763,29752,31318,27889,17243,8004,2106,189,20,163205,16800,16127,18713,27081,27684,26426,16809,8893,3902,722,48
2017,07,읍면동,경기도 광주시 경안동,41069,3989,4444,5382,6356,7430,6951,3833,1911,664,96,13,20964,2058,2320,2802,3288,3840,3624,1906,873,234,13,6,20105,1931,2124,2580,3068,3590,3327,1927,1038,430,83,7
2017,07,읍면동,경기도 광주시 곤지암읍,23385,1795,2288,2825,3129,4110,4447,2636,1415,622,100,18,12408,941,1199,1561,1671,2260,2437,1410,671,228,26,4,10977,854,1089,1264,1458,1850,2010,1226,744,394,74,14
2017,07,읍면동,경기도 광주시 광남동,45644,5069,5043,5092,7483,8630,7089,4481,2019,641,95,2,23399,2573,2640,2643,3828,4573,3623,2263,1008,227,20,1,22245,2496,2403,2449,3655,4057,3466,2218,1011,414,75,1
2017,07,읍면동,경기도 광주시 남종면,1607,54,96,125,133,191,327,321,244,100,16,0,829,24,52,62,74,110,174,173,115,39,6,0,778,30,44,63,59,81,153,148,129,61,10,0
2017,07,읍면동,경기도 광주시 남한산성면,2911,236,231,270,267,481,529,446,283,136,30,2,1516,111,121,142,145,276,291,243,132,49,6,0,1395,125,110,128,122,205,238,203,151,87,24,2
2017,07,읍면동,경기도 광주시 도척면,9036,683,677,967,1095,1433,1746,1334,712,324,62,3,4945,372,368,553,624,845,984,727,331,129,11,1,4091,311,309,414,471,588,762,607,381,195,51,2
2017,07,읍면동,경기도 광주시 송정동,58943,5891,5961,7617,9520,10578,10112,5624,2618,880,131,11,29834,2989,2996,4020,4965,5463,5033,2860,1172,306,28,2,29109,2902,2965,3597,4555,5115,5079,2764,1446,574,103,9
2017,07,읍면동,경기도 광주시 오포읍,96445,11198,8302,11494,20574,16090,13875,8940,4307,1436,218,11,49093,5729,4289,5905,10876,8488,6830,4359,2083,479,50,5,47352,5469,4013,5589,9698,7602,7045,4581,2224,957,168,6
2017,07,읍면동,경기도 광주시 초월읍,42757,4437,5345,4578,6570,7826,6815,4110,2213,768,92,3,22358,2309,2822,2439,3404,4217,3708,2139,1041,262,17,0,20399,2128,2523,2139,3166,3609,3107,1971,1172,506,75,3
2017,07,읍면동,경기도 광주시 퇴촌면,13814,1151,1159,1126,1706,2233,2424,2327,1175,437,71,5,7060,597,612,636,877,1246,1185,1163,578,153,12,1,6754,554,547,490,829,987,1239,1164,597,284,59,4
2017,07,시군,경기도 구리시 ,195256,16804,21329,27231,27915,35218,34049,18293,10224,3626,508,59,97068,8636,11014,14056,13981,17201,17227,9054,4518,1243,120,18,98188,8168,10315,13175,13934,18017,16822,9239,5706,2383,388,41
2017,07,읍면동,경기도 구리시 갈매동,15526,2022,1063,1859,3376,2235,2351,1605,724,252,39,0,7681,1021,528,945,1737,1111,1090,818,351,73,7,0,7845,1001,535,914,1639,1124,1261,787,373,179,32,0
2017,07,읍면동,경기도 구리시 교문1동,17533,1058,1459,2359,2462,2912,3457,2102,1235,406,61,22,9002,559,738,1272,1322,1537,1809,1025,568,145,19,8,8531,499,721,1087,1140,1375,1648,1077,667,261,42,14
2017,07,읍면동,경기도 구리시 교문2동,24062,2245,3357,3156,3016,4722,3920,2072,1102,413,55,4,11693,1116,1719,1634,1388,2202,1951,1021,500,150,11,1,12369,1129,1638,1522,1628,2520,1969,1051,602,263,44,3
2017,07,읍면동,경기도 구리시 동구동,41036,3944,5167,5738,5552,7834,6931,3157,1913,704,90,6,20245,2045,2672,2954,2711,3691,3509,1596,796,251,19,1,20791,1899,2495,2784,2841,4143,3422,1561,1117,453,71,5
2017,07,읍면동,경기도 구리시 수택1동,22268,1318,1986,3460,2984,3637,4496,2544,1310,464,63,6,11078,720,1002,1749,1574,1783,2266,1268,555,146,14,1,11190,598,984,1711,1410,1854,2230,1276,755,318,49,5
2017,07,읍면동,경기도 구리시 수택2동,26274,1595,2685,4124,3467,4368,5004,2853,1538,557,73,10,13106,828,1407,2114,1829,2168,2527,1361,673,183,14,2,13168,767,1278,2010,1638,2200,2477,1492,865,374,59,8
2017,07,읍면동,경기도 구리시 수택3동,23518,2252,2831,3031,3542,4820,3694,1837,1058,391,57,5,11868,1137,1508,1604,1719,2415,1937,930,462,143,11,2,11650,1115,1323,1427,1823,2405,1757,907,596,248,46,3
2017,07,읍면동,경기도 구리시 인창동,25039,2370,2781,3504,3516,4690,4196,2123,1344,439,70,6,12395,1210,1440,1784,1701,2294,2138,1035,613,152,25,3,12644,1160,1341,1720,1815,2396,2058,1088,731,287,45,3
2017,07,시군,경기도 군포시 ,283009,27065,31052,39013,43978,49688,47422,24482,13297,6120,848,44,140635,13864,16088,20179,22391,24337,23494,12248,5672,2128,222,12,142374,13201,14964,18834,21587,25351,23928,12234,7625,3992,626,32
2017,07,읍면동,경기도 군포시 광정동,26796,2435,3315,3627,3790,5050,4212,2093,1280,855,134,5,12993,1263,1715,1844,1838,2411,2079,1033,496,286,27,1,13803,1172,1600,1783,1952,2639,2133,1060,784,569,107,4
2017,07,읍면동,경기도 군포시 군포1동,34449,2593,3343,5178,5126,5890,6449,3458,1690,629,85,8,18079,1329,1811,2812,2921,3048,3353,1810,754,223,15,3,16370,1264,1532,2366,2205,2842,3096,1648,936,406,70,5
2017,07,읍면동,경기도 군포시 군포2동,56687,6518,6828,7777,8810,10113,9369,4275,2039,818,131,9,28285,3389,3444,4039,4384,4917,4684,2179,935,278,34,2,28402,3129,3384,3738,4426,5196,4685,2096,1104,540,97,7
2017,07,읍면동,경기도 군포시 궁내동,22323,2359,3580,2668,2582,4885,3312,1451,919,500,66,1,10885,1217,1828,1383,1171,2278,1700,725,372,188,23,0,11438,1142,1752,1285,1411,2607,1612,726,547,312,43,1
2017,07,읍면동,경기도 군포시 금정동,19284,1250,1589,3049,2904,3124,3767,2222,989,336,47,7,9957,648,824,1591,1621,1661,1885,1163,458,92,11,3,9327,602,765,1458,1283,1463,1882,1059,531,244,36,4
2017,07,읍면동,경기도 군포시 대야동,10030,1026,1058,1256,1334,1858,1744,974,531,224,23,2,5137,531,563,692,668,937,901,501,252,81,10,1,4893,495,495,564,666,921,843,473,279,143,13,1
2017,07,읍면동,경기도 군포시 산본1동,18707,1195,1290,2933,3015,2682,3621,2177,1209,506,73,6,9330,581,680,1557,1686,1367,1726,1045,519,150,19,0,9377,614,610,1376,1329,1315,1895,1132,690,356,54,6
2017,07,읍면동,경기도 군포시 산본2동,29720,3191,3324,4197,4477,5055,5080,2513,1227,562,93,1,14480,1648,1711,2133,2122,2393,2452,1266,526,210,19,0,15240,1543,1613,2064,2355,2662,2628,1247,701,352,74,1
2017,07,읍면동,경기도 군포시 수리동,18864,1726,2028,2404,2945,3212,3090,1600,1156,626,74,3,9060,844,1072,1163,1464,1534,1520,736,447,254,25,1,9804,882,956,1241,1481,1678,1570,864,709,372,49,2
2017,07,읍면동,경기도 군포시 오금동,24487,2840,2735,2874,4758,4454,3377,1754,1111,525,59,0,12061,1447,1440,1466,2338,2195,1624,864,471,200,16,0,12426,1393,1295,1408,2420,2259,1753,890,640,325,43,0
2017,07,읍면동,경기도 군포시 재궁동,21662,1932,1962,3050,4237,3365,3401,1965,1146,539,63,2,10368,967,1000,1499,2178,1596,1570,926,442,166,23,1,11294,965,962,1551,2059,1769,1831,1039,704,373,40,1
2017,07,시군,경기도 김포시 ,379672,46919,40719,40822,63325,69165,55505,34688,19892,7542,1049,46,190602,23997,20938,21162,30926,36049,28686,16853,9071,2651,256,13,189070,22922,19781,19660,32399,33116,26819,17835,10821,4891,793,33
2017,07,읍면동,경기도 김포시 고촌읍,26181,2770,2521,2854,3844,4568,4270,3135,1551,574,85,9,13212,1470,1303,1510,1859,2389,2131,1590,745,200,14,1,12969,1300,1218,1344,1985,2179,2139,1545,806,374,71,8
2017,07,읍면동,경기도 김포시 구래동,37833,7031,2989,3156,9616,6296,3713,2883,1625,462,60,2,18523,3539,1498,1491,4652,3416,1713,1256,774,168,15,1,19310,3492,1491,1665,4964,2880,2000,1627,851,294,45,1
2017,07,읍면동,경기도 김포시 김포본동,52024,4553,6824,7018,6330,9775,8911,4580,2798,1073,153,9,25705,2268,3590,3596,3070,4675,4612,2261,1190,397,44,2,26319,2285,3234,3422,3260,5100,4299,2319,1608,676,109,7
2017,07,읍면동,경기도 김포시 대곶면,10112,399,678,1081,967,1533,2383,1619,943,432,76,1,5778,211,373,638,593,989,1444,888,459,164,19,0,4334,188,305,443,374,544,939,731,484,268,57,1
2017,07,읍면동,경기도 김포시 사우동,21716,1569,2416,3189,2831,3967,3860,2054,1293,476,59,2,10888,819,1291,1620,1515,1927,2013,980,543,168,12,0,10828,750,1125,1569,1316,2040,1847,1074,750,308,47,2
2017,07,읍면동,경기도 김포시 양촌읍,26584,2591,2324,2767,4134,4417,4636,3122,1775,705,106,7,13983,1298,1206,1532,2242,2527,2516,1604,800,222,33,3,12601,1293,1118,1235,1892,1890,2120,1518,975,483,73,4
2017,07,읍면동,경기도 김포시 운양동,36629,6601,3636,3119,8198,6896,3920,2477,1255,461,66,0,18053,3412,1862,1534,3763,3680,1916,1118,604,150,14,0,18576,3189,1774,1585,4435,3216,2004,1359,651,311,52,0
2017,07,읍면동,경기도 김포시 월곶면,5697,207,326,567,528,731,1292,1064,632,298,49,3,3164,108,168,356,330,454,740,585,309,103,10,1,2533,99,158,211,198,277,552,479,323,195,39,2
2017,07,읍면동,경기도 김포시 장기동,38375,6405,4250,3703,7747,7638,4324,2508,1327,418,54,1,18784,3240,2097,1854,3643,3961,2132,1137,573,138,9,0,19591,3165,2153,1849,4104,3677,2192,1371,754,280,45,1
2017,07,읍면동,경기도 김포시 장기본동,36307,5807,4836,3183,6754,7563,3844,2418,1374,459,68,1,17722,2935,2445,1566,3085,3854,1908,1099,652,161,17,0,18585,2872,2391,1617,3669,3709,1936,1319,722,298,51,1
2017,07,읍면동,경기도 김포시 통진읍,27485,2227,2647,3531,3512,4534,5245,3046,1806,838,97,2,14491,1141,1383,2039,1932,2499,2823,1573,785,300,14,2,12994,1086,1264,1492,1580,2035,2422,1473,1021,538,83,0
2017,07,읍면동,경기도 김포시 풍무동,52011,6401,6690,5671,8078,10145,7174,4318,2511,899,118,6,25601,3343,3410,2864,3785,5030,3634,2026,1160,314,34,1,26410,3058,3280,2807,4293,5115,3540,2292,1351,585,84,5
2017,07,읍면동,경기도 김포시 하성면,8718,358,582,983,786,1102,1933,1464,1002,447,58,3,4698,213,312,562,457,648,1104,736,477,166,21,2,4020,145,270,421,329,454,829,728,525,281,37,1
2017,07,시군,경기도 남양주시 ,665430,69457,77785,77846,94894,124600,103833,63677,37729,13618,1830,161,332387,35709,40160,40538,46212,63305,53326,30775,17054,4826,442,40,333043,33748,37625,37308,48682,61295,50507,32902,20675,8792,1388,121
2017,07,읍면동,경기도 남양주시 금곡동,21593,1254,1770,3180,2757,3114,4479,2717,1561,683,66,12,10996,647,953,1740,1520,1591,2246,1359,686,227,22,5,10597,607,817,1440,1237,1523,2233,1358,875,456,44,7
2017,07,읍면동,경기도 남양주시 도농동,38487,3612,4423,5247,5323,6623,6193,4048,2132,769,105,12,18720,1843,2181,2705,2508,3174,3005,1983,1010,283,26,2,19767,1769,2242,2542,2815,3449,3188,2065,1122,486,79,10
2017,07,읍면동,경기도 남양주시 별내동,68220,9386,6055,8500,13219,11331,9913,5993,2710,967,141,5,33450,4751,3012,4315,6372,5682,4734,2985,1269,300,29,1,34770,4635,3043,4185,6847,5649,5179,3008,1441,667,112,4
2017,07,읍면동,경기도 남양주시 별내면,20895,1661,2357,2521,2417,3840,3437,2386,1600,586,78,12,10430,882,1234,1280,1230,1911,1784,1146,702,234,24,3,10465,779,1123,1241,1187,1929,1653,1240,898,352,54,9
2017,07,읍면동,경기도 남양주시 수동면,9647,473,1188,942,800,1333,1824,1562,960,456,102,7,5158,266,722,541,440,729,993,808,477,153,24,5,4489,207,466,401,360,604,831,754,483,303,78,2
2017,07,읍면동,경기도 남양주시 양정동,5105,249,290,605,622,674,1129,882,463,162,22,7,2821,118,145,347,364,416,644,480,234,70,3,0,2284,131,145,258,258,258,485,402,229,92,19,7
2017,07,읍면동,경기도 남양주시 오남읍,54925,5680,7390,6052,7066,11427,8183,4710,3196,1076,138,7,27503,2948,3810,3141,3404,5874,4336,2207,1400,349,32,2,27422,2732,3580,2911,3662,5553,3847,2503,1796,727,106,5
2017,07,읍면동,경기도 남양주시 와부읍,68773,6419,8627,8097,8530,13428,10788,6713,4418,1493,237,23,33959,3269,4432,4189,4081,6546,5567,3149,2071,577,72,6,34814,3150,4195,3908,4449,6882,5221,3564,2347,916,165,17
2017,07,읍면동,경기도 남양주시 조안면,4450,267,312,471,484,630,899,730,437,193,25,2,2322,144,163,248,248,355,486,384,215,74,4,1,2128,123,149,223,236,275,413,346,222,119,21,1
2017,07,읍면동,경기도 남양주시 지금동,19283,1972,2278,2237,2813,3756,2995,1887,945,333,56,11,9502,991,1195,1145,1346,1892,1488,904,414,117,6,4,9781,981,1083,1092,1467,1864,1507,983,531,216,50,7
2017,07,읍면동,경기도 남양주시 진건읍,26986,1603,2668,3905,3000,4223,5684,3135,1901,748,104,15,13965,853,1401,2111,1600,2194,3094,1600,819,266,27,0,13021,750,1267,1794,1400,2029,2590,1535,1082,482,77,15
2017,07,읍면동,경기도 남양주시 진접읍,95884,11469,11827,9990,13810,18723,14217,8672,5135,1828,202,11,48452,5947,6137,5297,6641,9795,7417,4152,2339,672,51,4,47432,5522,5690,4693,7169,8928,6800,4520,2796,1156,151,7
2017,07,읍면동,경기도 남양주시 퇴계원면,31967,2560,3170,4653,4227,4960,6152,3546,1929,675,92,3,15956,1275,1637,2420,2187,2480,3022,1827,844,247,17,0,16011,1285,1533,2233,2040,2480,3130,1719,1085,428,75,3
2017,07,읍면동,경기도 남양주시 평내동,41258,4653,5921,4422,5939,8857,5616,3113,1936,711,84,6,20246,2355,3002,2256,2757,4404,2931,1470,815,238,18,0,21012,2298,2919,2166,3182,4453,2685,1643,1121,473,66,6
2017,07,읍면동,경기도 남양주시 호평동,51136,7044,6874,4949,8289,11083,5949,3681,2356,790,115,6,25095,3662,3519,2534,3797,5572,3041,1599,1061,283,25,2,26041,3382,3355,2415,4492,5511,2908,2082,1295,507,90,4
2017,07,읍면동,경기도 남양주시 화도읍,94294,9741,11494,10680,13439,18564,14398,8503,5366,1869,218,22,47361,5028,5987,5533,6622,9613,7546,3982,2365,630,50,5,46933,4713,5507,5147,6817,8951,6852,4521,3001,1239,168,17
2017,07,읍면동,경기도 남양주시 화도읍동부출장소,12527,1414,1141,1395,2159,2034,1977,1399,684,279,45,0,6451,730,630,736,1095,1077,992,740,333,106,12,0,6076,684,511,659,1064,957,985,659,351,173,33,0
2017,07,시군,경기도 동두천시 ,97559,8367,10024,11239,12373,16416,16319,10744,8300,3279,425,73,48574,4251,5161,5976,6310,8553,8465,5088,3434,1194,124,18,48985,4116,4863,5263,6063,7863,7854,5656,4866,2085,301,55
2017,07,읍면동,경기도 동두천시 보산동,3341,185,264,358,353,502,659,480,400,123,15,2,1607,93,145,197,177,263,333,213,149,34,3,0,1734,92,119,161,176,239,326,267,251,89,12,2
2017,07,읍면동,경기도 동두천시 불현동,27927,2434,3125,3486,3522,4685,4751,2833,2150,836,92,13,13755,1224,1547,1863,1782,2337,2429,1364,887,297,22,3,14172,1210,1578,1623,1740,2348,2322,1469,1263,539,70,10
2017,07,읍면동,경기도 동두천시 상패동,5475,294,339,578,567,835,1085,858,618,257,37,7,2878,153,179,324,323,476,609,427,284,88,13,2,2597,141,160,254,244,359,476,431,334,169,24,5
2017,07,읍면동,경기도 동두천시 생연1동,7379,588,685,850,938,1120,1354,864,688,258,31,3,3673,310,340,460,485,568,694,417,284,104,10,1,3706,278,345,390,453,552,660,447,404,154,21,2
2017,07,읍면동,경기도 동두천시 생연2동,12032,1028,1312,1259,1436,2091,1953,1320,1117,464,42,10,5948,541,724,646,702,1118,984,585,438,194,13,3,6084,487,588,613,734,973,969,735,679,270,29,7
2017,07,읍면동,경기도 동두천시 소요동,9205,547,594,1022,995,1333,1805,1372,1037,427,60,13,4768,271,316,589,535,756,984,667,475,158,14,3,4437,276,278,433,460,577,821,705,562,269,46,10
2017,07,읍면동,경기도 동두천시 송내동,26529,3093,3380,3045,4049,5064,3478,2096,1616,617,86,5,13026,1551,1732,1555,1992,2584,1763,954,651,217,24,3,13503,1542,1648,1490,2057,2480,1715,1142,965,400,62,2
2017,07,읍면동,경기도 동두천시 중앙동,5671,198,325,641,513,786,1234,921,674,297,62,20,2919,108,178,342,314,451,669,461,266,102,25,3,2752,90,147,299,199,335,565,460,408,195,37,17
2017,07,시군,경기도 부천시 ,849217,69633,84431,125857,130614,142477,153692,84631,39433,16112,2146,191,423615,35713,43582,65084,66884,71219,75873,42439,17333,4957,488,43,425602,33920,40849,60773,63730,71258,77819,42192,22100,11155,1658,148
2017,07,읍면동,경기도 부천시 고강1동,16449,1071,1627,2588,2104,2929,3184,1630,893,382,38,3,8207,514,847,1367,1105,1485,1599,797,366,115,11,1,8242,557,780,1221,999,1444,1585,833,527,267,27,2
2017,07,읍면동,경기도 부천시 고강본동,30427,1973,3248,4194,4136,5520,5509,3187,1907,672,74,7,15361,1020,1691,2196,2240,2857,2777,1549,795,220,15,1,15066,953,1557,1998,1896,2663,2732,1638,1112,452,59,6
2017,07,읍면동,경기도 부천시 괴안동,22057,1689,2212,3252,3144,3692,3936,2294,1149,594,89,6,10868,867,1127,1706,1613,1809,1929,1130,472,187,26,2,11189,822,1085,1546,1531,1883,2007,1164,677,407,63,4
2017,07,읍면동,경기도 부천시 도당동,24278,1711,2671,3771,3180,4364,4854,2262,1053,375,35,2,12507,881,1415,2008,1689,2239,2557,1172,428,112,6,0,11771,830,1256,1763,1491,2125,2297,1090,625,263,29,2
2017,07,읍면동,경기도 부천시 범박동,36048,4847,3980,4129,6424,6182,5137,3239,1447,560,93,10,17857,2462,2032,2092,3097,3116,2537,1661,670,166,23,1,18191,2385,1948,2037,3327,3066,2600,1578,777,394,70,9
2017,07,읍면동,경기도 부천시 상1동,25939,2786,2654,3402,4967,4471,4051,2325,896,340,47,0,12787,1459,1363,1676,2474,2202,1866,1221,399,114,13,0,13152,1327,1291,1726,2493,2269,2185,1104,497,226,34,0
2017,07,읍면동,경기도 부천시 상2동,31878,3930,4337,4341,5209,6049,4966,1843,799,349,53,2,15637,1971,2264,2183,2438,2846,2561,942,324,99,8,1,16241,1959,2073,2158,2771,3203,2405,901,475,250,45,1
2017,07,읍면동,경기도 부천시 상3동,33276,3257,4844,5094,4084,6710,6123,1974,772,357,60,1,16559,1680,2468,2696,1842,3097,3237,1100,334,95,10,0,16717,1577,2376,2398,2242,3613,2886,874,438,262,50,1
2017,07,읍면동,경기도 부천시 상동,20267,1292,2062,3362,2625,3161,4018,2213,1014,443,70,7,10088,669,1119,1715,1304,1539,1963,1178,443,142,13,3,10179,623,943,1647,1321,1622,2055,1035,571,301,57,4
2017,07,읍면동,경기도 부천시 성곡동,44376,3182,5038,6688,5487,7800,8651,4252,2188,962,118,10,22401,1652,2588,3593,2832,3910,4404,2181,922,291,26,2,21975,1530,2450,3095,2655,3890,4247,2071,1266,671,92,8
2017,07,읍면동,경기도 부천시 소사동,9228,526,512,1221,1409,1325,1758,1399,761,252,59,6,4519,290,249,651,766,687,813,642,338,71,12,0,4709,236,263,570,643,638,945,757,423,181,47,6
2017,07,읍면동,경기도 부천시 소사본3동,33101,2818,3513,4723,4710,5194,6242,3679,1500,625,90,7,16255,1404,1770,2506,2334,2525,3026,1792,705,173,20,0,16846,1414,1743,2217,2376,2669,3216,1887,795,452,70,7
2017,07,읍면동,경기도 부천시 소사본동,25075,1634,1820,3754,3745,3673,4849,3317,1603,573,98,9,12598,829,917,1955,2030,1896,2363,1641,755,185,24,3,12477,805,903,1799,1715,1777,2486,1676,848,388,74,6
2017,07,읍면동,경기도 부천시 송내1동,24007,1953,2087,3668,3893,3657,4364,2700,1165,457,58,5,11890,1005,1099,1905,1992,1778,2085,1332,522,161,10,1,12117,948,988,1763,1901,1879,2279,1368,643,296,48,4
2017,07,읍면동,경기도 부천시 송내2동,28168,2482,2887,4187,4332,4708,4936,2798,1245,525,63,5,13963,1276,1535,2188,2174,2327,2343,1370,570,156,22,2,14205,1206,1352,1999,2158,2381,2593,1428,675,369,41,3
2017,07,읍면동,경기도 부천시 신흥동,19476,1206,1701,3043,2732,3327,4101,2057,919,333,48,9,10472,659,927,1659,1527,1872,2236,1084,389,110,8,1,9004,547,774,1384,1205,1455,1865,973,530,223,40,8
2017,07,읍면동,경기도 부천시 심곡1동,13489,788,1000,2101,2346,2157,2479,1568,725,287,36,2,6983,414,535,1086,1344,1128,1254,766,352,92,12,0,6506,374,465,1015,1002,1029,1225,802,373,195,24,2
2017,07,읍면동,경기도 부천시 심곡2동,18935,995,1065,3412,3833,3139,3117,1988,980,355,41,10,9840,503,528,1672,2141,1789,1621,986,465,123,10,2,9095,492,537,1740,1692,1350,1496,1002,515,232,31,8
2017,07,읍면동,경기도 부천시 심곡3동,13636,880,1255,2161,2010,2289,2704,1436,634,235,23,9,6983,459,670,1159,1104,1180,1355,712,258,77,6,3,6653,421,585,1002,906,1109,1349,724,376,158,17,6
2017,07,읍면동,경기도 부천시 심곡본1동,18614,1053,1453,2778,2846,2965,3569,2304,1162,427,47,10,9346,521,747,1463,1576,1524,1717,1112,522,153,8,3,9268,532,706,1315,1270,1441,1852,1192,640,274,39,7
2017,07,읍면동,경기도 부천시 심곡본동,17986,1124,1384,2511,2778,2870,3191,2333,1270,454,66,5,8936,599,726,1299,1464,1473,1499,1122,590,150,13,1,9050,525,658,1212,1314,1397,1692,1211,680,304,53,4
2017,07,읍면동,경기도 부천시 약대동,19348,1920,1784,2980,3324,3115,3592,1703,635,254,34,7,9754,994,916,1566,1681,1556,1761,900,288,79,10,3,9594,926,868,1414,1643,1559,1831,803,347,175,24,4
2017,07,읍면동,경기도 부천시 역곡1동,19592,1824,1783,2490,3281,3221,3196,2209,1076,442,64,6,9678,921,886,1267,1635,1707,1523,1097,485,142,15,0,9914,903,897,1223,1646,1514,1673,1112,591,300,49,6
2017,07,읍면동,경기도 부천시 역곡2동,20231,1762,1672,3000,3607,3246,3244,2166,1033,428,65,8,9953,878,848,1571,1800,1701,1523,1010,449,157,14,2,10278,884,824,1429,1807,1545,1721,1156,584,271,51,6
2017,07,읍면동,경기도 부천시 역곡3동,24487,1844,2003,3402,3972,3879,4209,2895,1560,640,73,10,12080,932,1018,1742,2102,1964,2018,1364,699,217,21,3,12407,912,985,1660,1870,1915,2191,1531,861,423,52,7
2017,07,읍면동,경기도 부천시 오정동,23353,2167,2240,3350,3747,3825,4220,2388,989,379,42,6,12087,1144,1214,1780,2032,2003,2119,1238,435,111,10,1,11266,1023,1026,1570,1715,1822,2101,1150,554,268,32,5
2017,07,읍면동,경기도 부천시 원미1동,18025,1277,1695,2711,2554,2965,3489,2062,889,324,53,6,9208,667,912,1439,1355,1538,1743,1020,402,113,16,3,8817,610,783,1272,1199,1427,1746,1042,487,211,37,3
2017,07,읍면동,경기도 부천시 원미2동,14042,886,1182,2013,1916,2208,2816,1831,848,305,34,3,7067,448,567,1064,1039,1137,1412,900,397,93,10,0,6975,438,615,949,877,1071,1404,931,451,212,24,3
2017,07,읍면동,경기도 부천시 원종1동,24241,1709,2422,3710,3283,4041,4719,2550,1253,491,58,5,12238,898,1244,1984,1747,1999,2361,1305,527,155,16,2,12003,811,1178,1726,1536,2042,2358,1245,726,336,42,3
2017,07,읍면동,경기도 부천시 원종2동,24381,1777,2772,3856,3181,4457,4647,1965,1152,510,62,2,12159,911,1411,1992,1668,2216,2377,997,433,146,8,0,12222,866,1361,1864,1513,2241,2270,968,719,364,54,2
2017,07,읍면동,경기도 부천시 중1동,35299,3010,3624,5751,6368,6239,6020,2691,1014,523,58,1,17097,1535,1837,2755,3092,2963,2868,1440,442,149,16,0,18202,1475,1787,2996,3276,3276,3152,1251,572,374,42,1
2017,07,읍면동,경기도 부천시 중2동,33171,2769,3593,5329,4922,5271,6229,3247,1167,557,86,1,16207,1475,1823,2703,2381,2477,2893,1741,538,157,19,0,16964,1294,1770,2626,2541,2794,3336,1506,629,400,67,1
2017,07,읍면동,경기도 부천시 중3동,25770,2345,2576,3863,4458,3997,4596,2246,1072,553,64,0,12377,1173,1311,1905,2182,1880,2209,1097,474,135,11,0,13393,1172,1265,1958,2276,2117,2387,1149,598,418,53,0
2017,07,읍면동,경기도 부천시 중4동,20390,1801,2041,2976,3789,3338,3422,1771,805,389,55,3,9715,898,1039,1457,1887,1534,1624,821,338,105,12,0,10675,903,1002,1519,1902,1804,1798,950,467,284,43,3
2017,07,읍면동,경기도 부천시 중동,25035,2222,2544,3871,3559,4247,4699,2381,1022,431,53,6,12302,1117,1337,1965,1753,2085,2258,1189,463,125,9,1,12733,1105,1207,1906,1806,2162,2441,1192,559,306,44,5
2017,07,읍면동,경기도 부천시 춘의동,15142,1123,1150,2175,2659,2246,2855,1728,836,329,39,2,7636,588,602,1119,1444,1180,1442,830,344,81,5,1,7506,535,548,1056,1215,1066,1413,898,492,248,34,1
2017,07,시군,경기도 성남시 ,972719,81948,101537,136654,152909,172668,157453,93912,51758,20297,3192,391,482084,42091,52276,69659,76800,85707,78825,45711,23230,6920,773,92,490635,39857,49261,66995,76109,86961,78628,48201,28528,13377,2419,299
2017,07,구,경기도 성남시 분당구 ,503037,46873,60286,69785,79030,94438,75110,41144,23548,10985,1768,70,243967,24058,31031,34661,37624,44398,37302,19992,10561,3882,448,10,259070,22815,29255,35124,41406,50040,37808,21152,12987,7103,1320,60
2017,07,읍면동,경기도 성남시 분당구 구미1동,18722,1504,2101,2958,2960,3416,2973,1452,854,431,72,1,9045,783,1086,1431,1426,1593,1471,715,358,166,15,1,9677,721,1015,1527,1534,1823,1502,737,496,265,57,0
2017,07,읍면동,경기도 성남시 분당구 구미동,33215,2622,3392,4733,5086,5886,5240,2999,1998,1060,188,11,16075,1345,1748,2389,2489,2738,2613,1408,888,408,49,0,17140,1277,1644,2344,2597,3148,2627,1591,1110,652,139,11
2017,07,읍면동,경기도 성남시 분당구 금곡동,30173,2317,2879,4347,5121,4961,4668,2986,1824,937,130,3,14280,1190,1465,2080,2463,2323,2212,1427,771,315,34,0,15893,1127,1414,2267,2658,2638,2456,1559,1053,622,96,3
2017,07,읍면동,경기도 성남시 분당구 백현동,29436,4026,3533,3840,5093,5153,4348,2031,926,431,53,2,14321,2106,1841,1865,2354,2459,2151,967,434,128,15,1,15115,1920,1692,1975,2739,2694,2197,1064,492,303,38,1
2017,07,읍면동,경기도 성남시 분당구 분당동,28079,2437,3422,4130,4103,5391,4238,2360,1294,602,98,4,13717,1261,1791,2066,1964,2555,2061,1158,608,224,28,1,14362,1176,1631,2064,2139,2836,2177,1202,686,378,70,3
2017,07,읍면동,경기도 성남시 분당구 삼평동,25766,3298,3299,3114,3961,5076,3818,1880,917,358,41,4,12555,1696,1687,1550,1801,2472,1881,932,421,107,7,1,13211,1602,1612,1564,2160,2604,1937,948,496,251,34,3
2017,07,읍면동,경기도 성남시 분당구 서현1동,32794,2840,4545,4669,4667,6656,4675,2323,1512,779,124,4,15808,1444,2327,2300,2142,3071,2398,1130,657,310,29,0,16986,1396,2218,2369,2525,3585,2277,1193,855,469,95,4
2017,07,읍면동,경기도 성남시 분당구 서현2동,19664,1647,2703,3042,2482,3841,3272,1472,746,397,59,3,9640,861,1387,1589,1191,1718,1649,751,345,138,10,1,10024,786,1316,1453,1291,2123,1623,721,401,259,49,2
2017,07,읍면동,경기도 성남시 분당구 수내1동,18158,1346,2484,2357,2642,3969,2474,1280,951,573,78,4,8717,685,1326,1191,1187,1795,1282,589,418,218,26,0,9441,661,1158,1166,1455,2174,1192,691,533,355,52,4
2017,07,읍면동,경기도 성남시 분당구 수내2동,11005,1162,2071,1109,1001,2803,1409,720,457,231,41,1,5350,575,1052,588,411,1309,778,341,204,78,14,0,5655,587,1019,521,590,1494,631,379,253,153,27,1
2017,07,읍면동,경기도 성남시 분당구 수내3동,14980,1231,2629,2062,1816,3573,2080,914,452,180,42,1,7433,630,1376,1048,871,1695,1081,448,220,49,15,0,7547,601,1253,1014,945,1878,999,466,232,131,27,1
2017,07,읍면동,경기도 성남시 분당구 야탑1동,18439,1587,1561,2946,3276,2932,2867,1876,964,353,75,2,9019,771,800,1492,1586,1462,1357,945,451,133,22,0,9420,816,761,1454,1690,1470,1510,931,513,220,53,2
2017,07,읍면동,경기도 성남시 분당구 야탑2동,17696,1398,1978,2461,2497,2955,2769,1974,1129,464,68,3,8468,702,1012,1245,1149,1364,1313,974,542,152,15,0,9228,696,966,1216,1348,1591,1456,1000,587,312,53,3
2017,07,읍면동,경기도 성남시 분당구 야탑3동,31539,2853,2750,4657,6222,4972,4974,2881,1512,604,108,6,15511,1466,1374,2413,3287,2436,2331,1393,623,171,16,1,16028,1387,1376,2244,2935,2536,2643,1488,889,433,92,5
2017,07,읍면동,경기도 성남시 분당구 운중동,20955,2387,2344,2571,3166,3998,3433,1913,732,342,69,0,10240,1204,1213,1267,1467,1933,1707,985,356,98,10,0,10715,1183,1131,1304,1699,2065,1726,928,376,244,59,0
2017,07,읍면동,경기도 성남시 분당구 이매1동,27295,2625,3670,3672,3893,5226,4110,2214,1256,533,92,4,13335,1346,1891,1875,1837,2444,2061,1117,558,182,24,0,13960,1279,1779,1797,2056,2782,2049,1097,698,351,68,4
2017,07,읍면동,경기도 성남시 분당구 이매2동,14483,1122,2033,2044,1493,2761,2345,1449,795,379,59,3,7091,602,1093,1057,654,1241,1192,730,373,133,16,0,7392,520,940,987,839,1520,1153,719,422,246,43,3
2017,07,읍면동,경기도 성남시 분당구 정자1동,31068,2305,3539,4635,5665,6024,4231,2312,1634,625,95,3,14685,1146,1782,2048,2559,2742,2192,1092,788,306,28,2,16383,1159,1757,2587,3106,3282,2039,1220,846,319,67,1
2017,07,읍면동,경기도 성남시 분당구 정자2동,17486,1270,1759,2293,3532,2925,2524,1429,1047,598,104,5,8237,677,933,1071,1811,1316,1233,627,382,154,32,1,9249,593,826,1222,1721,1609,1291,802,665,444,72,4
2017,07,읍면동,경기도 성남시 분당구 정자3동,16592,1548,2142,2286,2514,3175,2453,1164,800,442,68,0,7993,825,1055,1163,1210,1446,1201,560,345,167,21,0,8599,723,1087,1123,1304,1729,1252,604,455,275,47,0
2017,07,읍면동,경기도 성남시 분당구 정자동,21238,1858,2208,3328,4134,3608,2963,1831,918,333,55,2,10549,949,1125,1646,2153,1729,1474,893,438,128,14,0,10689,909,1083,1682,1981,1879,1489,938,480,205,41,2
2017,07,읍면동,경기도 성남시 분당구 판교동,24254,3490,3244,2531,3706,5137,3246,1684,830,333,49,4,11898,1794,1667,1287,1612,2557,1664,810,381,117,8,1,12356,1696,1577,1244,2094,2580,1582,874,449,216,41,3
2017,07,구,경기도 성남시 수정구 ,236349,17456,20159,33827,37566,39339,40688,27042,14663,4735,702,172,119922,8898,10407,17746,20093,20923,20503,13001,6560,1573,172,46,116427,8558,9752,16081,17473,18416,20185,14041,8103,3162,530,126
2017,07,읍면동,경기도 성남시 수정구 고등동,1783,100,70,212,278,230,360,315,159,45,14,0,937,49,34,121,154,137,188,151,81,17,5,0,846,51,36,91,124,93,172,164,78,28,9,0
2017,07,읍면동,경기도 성남시 수정구 단대동,16933,1461,1473,2357,2796,2748,2794,1856,1029,346,63,10,8409,773,786,1219,1455,1383,1349,853,454,120,14,3,8524,688,687,1138,1341,1365,1445,1003,575,226,49,7
2017,07,읍면동,경기도 성남시 수정구 복정동,12695,1250,865,2198,3732,2019,1202,879,381,138,25,6,6760,646,365,1141,2115,1229,605,415,191,43,8,2,5935,604,500,1057,1617,790,597,464,190,95,17,4
2017,07,읍면동,경기도 성남시 수정구 산성동,14381,1009,1275,1858,2190,2567,2376,1690,1040,312,40,24,7399,537,671,971,1186,1419,1221,787,475,112,11,9,6982,472,604,887,1004,1148,1155,903,565,200,29,15
2017,07,읍면동,경기도 성남시 수정구 수진1동,13754,601,1012,1826,1763,2316,2748,1934,1119,355,63,17,7038,319,536,965,1004,1238,1416,933,490,115,15,7,6716,282,476,861,759,1078,1332,1001,629,240,48,10
2017,07,읍면동,경기도 성남시 수정구 수진2동,17997,1126,1471,2652,2640,2835,3306,2275,1274,349,54,15,9072,566,801,1372,1429,1462,1634,1068,595,127,15,3,8925,560,670,1280,1211,1373,1672,1207,679,222,39,12
2017,07,읍면동,경기도 성남시 수정구 시흥동,3320,240,198,407,554,448,569,529,262,95,16,2,1713,138,106,221,293,249,270,270,127,36,3,0,1607,102,92,186,261,199,299,259,135,59,13,2
2017,07,읍면동,경기도 성남시 수정구 신촌동,4747,643,458,713,940,755,532,426,195,75,10,0,2471,326,242,429,500,417,253,196,84,22,2,0,2276,317,216,284,440,338,279,230,111,53,8,0
2017,07,읍면동,경기도 성남시 수정구 신흥1동,14330,669,945,2089,2195,2402,2790,1839,1041,293,49,18,7387,340,492,1132,1231,1350,1426,865,445,90,13,3,6943,329,453,957,964,1052,1364,974,596,203,36,15
2017,07,읍면동,경기도 성남시 수정구 신흥2동,20407,1367,2037,2801,2843,3432,3830,2449,1180,394,60,14,10389,671,1063,1493,1502,1805,1949,1216,546,129,10,5,10018,696,974,1308,1341,1627,1881,1233,634,265,50,9
2017,07,읍면동,경기도 성남시 수정구 신흥3동,11067,496,790,1674,1668,1867,2089,1408,815,216,37,7,5748,251,411,896,943,1052,1085,673,355,69,13,0,5319,245,379,778,725,815,1004,735,460,147,24,7
2017,07,읍면동,경기도 성남시 수정구 양지동,10534,782,1126,1395,1459,1832,1771,1195,716,229,25,4,5252,395,598,702,777,938,891,551,317,73,9,1,5282,387,528,693,682,894,880,644,399,156,16,3
2017,07,읍면동,경기도 성남시 수정구 위례동,30378,3888,2842,4056,5333,5054,4905,2735,1047,455,61,2,14907,1945,1420,2091,2485,2546,2372,1423,478,136,11,0,15471,1943,1422,1965,2848,2508,2533,1312,569,319,50,2
2017,07,읍면동,경기도 성남시 수정구 태평1동,17479,863,1182,2963,2881,2672,3008,2219,1241,396,44,10,8870,443,596,1486,1632,1464,1486,1061,549,139,13,1,8609,420,586,1477,1249,1208,1522,1158,692,257,31,9
2017,07,읍면동,경기도 성남시 수정구 태평2동,16534,947,1514,2479,2229,2855,2982,1952,1114,392,57,13,8350,523,780,1289,1217,1493,1494,920,489,129,11,5,8184,424,734,1190,1012,1362,1488,1032,625,263,46,8
2017,07,읍면동,경기도 성남시 수정구 태평3동,14932,917,1298,2108,2063,2559,2822,1739,1025,338,48,15,7577,427,688,1129,1106,1323,1485,851,434,118,13,3,7355,490,610,979,957,1236,1337,888,591,220,35,12
2017,07,읍면동,경기도 성남시 수정구 태평4동,15078,1097,1603,2039,2002,2748,2604,1602,1025,307,36,15,7643,549,818,1089,1064,1418,1379,768,450,98,6,4,7435,548,785,950,938,1330,1225,834,575,209,30,11
2017,07,구,경기도 성남시 중원구 ,233333,17619,21092,33042,36313,38891,41655,25726,13547,4577,722,149,118195,9135,10838,17252,19083,20386,21020,12718,6109,1465,153,36,115138,8484,10254,15790,17230,18505,20635,13008,7438,3112,569,113
2017,07,읍면동,경기도 성남시 중원구 금광1동,10378,665,808,1472,1626,1654,2066,1221,620,188,30,28,5442,361,404,780,897,906,1097,621,307,58,6,5,4936,304,404,692,729,748,969,600,313,130,24,23
2017,07,읍면동,경기도 성남시 중원구 금광2동,27690,1776,2541,4393,4164,4606,4863,3087,1634,538,77,11,13488,904,1221,2131,2088,2293,2408,1516,731,175,19,2,14202,872,1320,2262,2076,2313,2455,1571,903,363,58,9
2017,07,읍면동,경기도 성남시 중원구 도촌동,28009,3523,2872,3422,5029,4924,4103,2452,1150,448,85,1,13713,1805,1492,1772,2401,2510,1905,1155,523,137,13,0,14296,1718,1380,1650,2628,2414,2198,1297,627,311,72,1
2017,07,읍면동,경기도 성남시 중원구 상대원1동,28091,2177,2367,3890,4734,4777,5000,3081,1475,512,67,11,14543,1140,1202,2118,2572,2601,2542,1534,666,150,16,2,13548,1037,1165,1772,2162,2176,2458,1547,809,362,51,9
2017,07,읍면동,경기도 성남시 중원구 상대원2동,15813,862,1305,2201,2092,2677,3230,1971,1066,336,63,10,8154,459,658,1179,1151,1461,1696,977,467,94,11,1,7659,403,647,1022,941,1216,1534,994,599,242,52,9
2017,07,읍면동,경기도 성남시 중원구 상대원3동,14019,849,1225,2023,1981,2357,2794,1622,838,281,41,8,7289,453,651,1070,1104,1252,1452,848,374,76,6,3,6730,396,574,953,877,1105,1342,774,464,205,35,5
2017,07,읍면동,경기도 성남시 중원구 성남동,30980,1823,2386,4835,5277,4705,5490,3581,2053,707,101,22,15937,933,1240,2512,2900,2530,2768,1814,966,254,14,6,15043,890,1146,2323,2377,2175,2722,1767,1087,453,87,16
2017,07,읍면동,경기도 성남시 중원구 은행1동,12106,955,1503,1701,1647,2247,1932,1198,662,225,34,2,5989,495,732,870,851,1132,975,561,292,74,6,1,6117,460,771,831,796,1115,957,637,370,151,28,1
2017,07,읍면동,경기도 성남시 중원구 은행2동,27315,1998,2746,3731,3817,4797,4707,2959,1843,606,93,18,13556,1038,1417,1969,2039,2426,2333,1343,770,196,22,3,13759,960,1329,1762,1778,2371,2374,1616,1073,410,71,15
2017,07,읍면동,경기도 성남시 중원구 중앙동,16535,1214,1185,1919,2579,2737,3117,2145,1174,365,67,33,8675,634,640,1017,1346,1537,1713,1067,542,138,28,13,7860,580,545,902,1233,1200,1404,1078,632,227,39,20
2017,07,읍면동,경기도 성남시 중원구 하대원동,22397,1777,2154,3455,3367,3410,4353,2409,1032,371,64,5,11409,913,1181,1834,1734,1738,2131,1282,471,113,12,0,10988,864,973,1621,1633,1672,2222,1127,561,258,52,5
2017,07,시군,경기도 수원시 ,1198606,115918,134327,184929,196994,215072,187413,91489,49284,20024,2913,243,603606,59759,69705,97223,101152,107216,95272,44694,21479,6373,668,65,595000,56159,64622,87706,95842,107856,92141,46795,27805,13651,2245,178
2017,07,구,경기도 수원시 권선구 ,361173,36179,36926,54214,62968,62017,58587,28963,14586,5852,816,65,182220,18592,19333,27995,32639,31336,29513,14293,6451,1871,178,19,178953,17587,17593,26219,30329,30681,29074,14670,8135,3981,638,46
2017,07,읍면동,경기도 수원시 권선구 곡선동,29758,2427,2815,6019,6582,5331,4168,1407,651,310,44,4,15584,1203,1458,3096,3688,2826,2221,721,275,83,11,2,14174,1224,1357,2923,2894,2505,1947,686,376,227,33,2
2017,07,읍면동,경기도 수원시 권선구 구운동,27178,2031,2694,4417,4001,4558,5064,2543,1288,516,61,5,13791,1030,1371,2338,2168,2290,2528,1308,565,177,15,1,13387,1001,1323,2079,1833,2268,2536,1235,723,339,46,4
2017,07,읍면동,경기도 수원시 권선구 권선1동,25274,1774,2218,4599,4704,4113,4436,2024,919,426,55,6,12820,897,1212,2294,2502,2065,2268,1028,413,127,12,2,12454,877,1006,2305,2202,2048,2168,996,506,299,43,4
2017,07,읍면동,경기도 수원시 권선구 권선2동,51464,6934,5983,7384,9654,9012,7642,3088,1170,502,92,3,25486,3614,3190,3740,4618,4331,3724,1585,521,145,16,2,25978,3320,2793,3644,5036,4681,3918,1503,649,357,76,1
2017,07,읍면동,경기도 수원시 권선구 금곡동,39617,4827,4829,5172,6338,7286,6233,2680,1497,687,66,2,19703,2550,2576,2654,3069,3535,3136,1295,633,242,13,0,19914,2277,2253,2518,3269,3751,3097,1385,864,445,53,2
2017,07,읍면동,경기도 수원시 권선구 서둔동,41430,3406,4104,6343,6781,6956,6944,3952,2108,725,103,8,20986,1750,2139,3264,3660,3595,3499,1930,904,222,21,2,20444,1656,1965,3079,3121,3361,3445,2022,1204,503,82,6
2017,07,읍면동,경기도 수원시 권선구 세류1동,11095,1086,757,1669,2153,1573,1910,1118,560,223,37,9,5589,581,404,854,1151,805,936,518,249,80,10,1,5506,505,353,815,1002,768,974,600,311,143,27,8
2017,07,읍면동,경기도 수원시 권선구 세류2동,25936,1592,2073,4127,4270,4241,4692,2819,1505,535,76,6,13265,807,1100,2163,2392,2201,2334,1387,682,174,22,3,12671,785,973,1964,1878,2040,2358,1432,823,361,54,3
2017,07,읍면동,경기도 수원시 권선구 세류3동,23484,1598,2146,3355,3607,4013,4146,2653,1368,511,79,8,11737,744,1135,1773,1929,2079,1996,1261,625,177,18,0,11747,854,1011,1582,1678,1934,2150,1392,743,334,61,8
2017,07,읍면동,경기도 수원시 권선구 입북동,18420,2476,2225,2096,3047,3688,2658,1266,667,263,34,0,9260,1243,1127,1132,1438,1927,1375,619,307,84,8,0,9160,1233,1098,964,1609,1761,1283,647,360,179,26,0
2017,07,읍면동,경기도 수원시 권선구 평동,37404,3340,4008,5488,5629,6351,6591,3408,1750,719,108,12,19034,1766,2054,2932,2932,3160,3430,1701,810,228,17,4,18370,1574,1954,2556,2697,3191,3161,1707,940,491,91,8
2017,07,읍면동,경기도 수원시 권선구 호매실동,30113,4688,3074,3545,6202,4895,4103,2005,1103,435,61,2,14965,2407,1567,1755,3092,2522,2066,940,467,132,15,2,15148,2281,1507,1790,3110,2373,2037,1065,636,303,46,0
2017,07,구,경기도 수원시 영통구 ,345574,39899,44209,55024,62502,66278,46350,17909,8961,3857,562,23,174020,20553,22802,28781,31592,32568,23879,8811,3764,1148,117,5,171554,19346,21407,26243,30910,33710,22471,9098,5197,2709,445,18
2017,07,읍면동,경기도 수원시 영통구 광교1동,49158,6623,6923,6639,9246,10489,5848,2001,914,409,64,2,24281,3427,3447,3184,4356,5191,3143,1019,375,121,18,0,24877,3196,3476,3455,4890,5298,2705,982,539,288,46,2
2017,07,읍면동,경기도 수원시 영통구 광교2동,25894,4048,2574,2651,5783,4445,3237,1834,952,320,50,0,12500,2044,1321,1268,2794,2189,1529,838,418,88,11,0,13394,2004,1253,1383,2989,2256,1708,996,534,232,39,0
2017,07,읍면동,경기도 수원시 영통구 매탄1동,20612,1859,2530,3353,3170,3743,3207,1611,780,312,43,4,10366,942,1316,1885,1593,1808,1605,754,350,106,7,0,10246,917,1214,1468,1577,1935,1602,857,430,206,36,4
2017,07,읍면동,경기도 수원시 영통구 매탄2동,16510,1322,2047,2551,2345,3011,2799,1388,726,279,40,2,8231,701,1059,1289,1223,1469,1388,675,327,93,7,0,8279,621,988,1262,1122,1542,1411,713,399,186,33,2
2017,07,읍면동,경기도 수원시 영통구 매탄3동,38708,3937,5188,7096,6426,7450,5175,2000,931,444,59,2,20041,2020,2669,3921,3509,3650,2736,1009,392,121,14,0,18667,1917,2519,3175,2917,3800,2439,991,539,323,45,2
2017,07,읍면동,경기도 수원시 영통구 매탄4동,24301,2137,2991,3989,3979,4488,3747,1703,818,383,62,4,12066,1118,1517,2128,2015,2161,1835,842,337,93,18,2,12235,1019,1474,1861,1964,2327,1912,861,481,290,44,2
2017,07,읍면동,경기도 수원시 영통구 영통1동,42083,4905,5684,6593,7282,8511,5708,1868,1014,446,70,2,21126,2538,2956,3426,3603,4163,2963,918,396,149,12,2,20957,2367,2728,3167,3679,4348,2745,950,618,297,58,0
2017,07,읍면동,경기도 수원시 영통구 영통2동,46873,6008,6577,6605,8821,9457,6129,1723,976,512,62,3,23375,3077,3437,3289,4372,4569,3242,848,376,153,12,0,23498,2931,3140,3316,4449,4888,2887,875,600,359,50,3
2017,07,읍면동,경기도 수원시 영통구 원천동,24993,2618,2380,5154,5607,4071,2809,1395,664,252,42,1,13086,1335,1322,2761,3039,2189,1407,664,289,72,7,1,11907,1283,1058,2393,2568,1882,1402,731,375,180,35,0
2017,07,읍면동,경기도 수원시 영통구 태장동,56442,6442,7315,10393,9843,10613,7691,2386,1186,500,70,3,28948,3351,3758,5630,5088,5179,4031,1244,504,152,11,0,27494,3091,3557,4763,4755,5434,3660,1142,682,348,59,3
2017,07,구,경기도 수원시 장안구 ,295045,25580,34913,45617,40933,53543,48707,24275,14309,6164,928,76,148338,13197,18192,24795,20780,26333,24761,11821,6209,2008,221,21,146707,12383,16721,20822,20153,27210,23946,12454,8100,4156,707,55
2017,07,읍면동,경기도 수원시 장안구 송죽동,20547,1544,2104,3059,3304,3486,3604,1935,1019,425,64,3,10212,793,1089,1564,1700,1727,1770,967,446,139,16,1,10335,751,1015,1495,1604,1759,1834,968,573,286,48,2
2017,07,읍면동,경기도 수원시 장안구 연무동,19656,1077,1620,2974,2538,2968,3624,2419,1630,682,108,16,10001,579,814,1664,1466,1589,1801,1128,721,213,24,2,9655,498,806,1310,1072,1379,1823,1291,909,469,84,14
2017,07,읍면동,경기도 수원시 장안구 영화동,21741,1267,1553,3024,3237,3471,4233,2792,1536,514,95,19,10896,629,774,1576,1779,1805,2094,1331,697,187,18,6,10845,638,779,1448,1458,1666,2139,1461,839,327,77,13
2017,07,읍면동,경기도 수원시 장안구 율천동,44071,4035,5135,9435,6643,7329,6244,2854,1550,738,99,9,23177,2055,2737,5766,3451,3650,3181,1403,640,263,26,5,20894,1980,2398,3669,3192,3679,3063,1451,910,475,73,4
2017,07,읍면동,경기도 수원시 장안구 정자1동,34684,3666,4278,4888,4915,6619,5534,2654,1380,651,90,9,17285,1887,2308,2587,2385,3239,2802,1277,596,181,20,3,17399,1779,1970,2301,2530,3380,2732,1377,784,470,70,6
2017,07,읍면동,경기도 수원시 장안구 정자2동,32214,2752,3961,4583,4540,5905,5286,2722,1740,631,92,2,15996,1424,2070,2439,2262,2860,2655,1280,749,232,24,1,16218,1328,1891,2144,2278,3045,2631,1442,991,399,68,1
2017,07,읍면동,경기도 수원시 장안구 정자3동,45105,4958,7832,6033,5605,10394,6443,1948,1251,555,84,2,22380,2562,3933,3132,2538,4994,3547,973,524,160,17,0,22725,2396,3899,2901,3067,5400,2896,975,727,395,67,2
2017,07,읍면동,경기도 수원시 장안구 조원1동,31626,2389,3629,4688,4128,5556,5484,2943,1830,854,121,4,15885,1273,1894,2435,2193,2732,2782,1472,805,270,29,0,15741,1116,1735,2253,1935,2824,2702,1471,1025,584,92,4
2017,07,읍면동,경기도 수원시 장안구 조원2동,20267,1861,2523,3224,2335,3553,3711,1463,959,539,95,4,9802,966,1333,1637,1057,1574,1871,733,403,193,34,1,10465,895,1190,1587,1278,1979,1840,730,556,346,61,3
2017,07,읍면동,경기도 수원시 장안구 파장동,25134,2031,2278,3709,3688,4262,4544,2545,1414,575,80,8,12704,1029,1240,1995,1949,2163,2258,1257,628,170,13,2,12430,1002,1038,1714,1739,2099,2286,1288,786,405,67,6
2017,07,구,경기도 수원시 팔달구 ,196814,14260,18279,30074,30591,33234,33769,20342,11428,4151,607,79,99028,7417,9378,15652,16141,16979,17119,9769,5055,1346,152,20,97786,6843,8901,14422,14450,16255,16650,10573,6373,2805,455,59
2017,07,읍면동,경기도 수원시 팔달구 고등동,10321,514,788,1396,1425,1702,1890,1406,882,265,44,9,5262,281,393,709,817,896,963,670,417,97,13,6,5059,233,395,687,608,806,927,736,465,168,31,3
2017,07,읍면동,경기도 수원시 팔달구 매교동,10531,522,682,1435,1559,1594,2118,1404,882,284,46,5,5500,272,355,798,881,903,1101,689,388,100,10,3,5031,250,327,637,678,691,1017,715,494,184,36,2
2017,07,읍면동,경기도 수원시 팔달구 매산동,11237,580,672,2061,1936,1599,2031,1332,723,252,46,5,5792,281,347,1052,1047,856,1060,692,345,96,14,2,5445,299,325,1009,889,743,971,640,378,156,32,3
2017,07,읍면동,경기도 수원시 팔달구 우만1동,22507,1498,1999,3485,3625,3692,3804,2430,1371,529,65,9,11203,801,1053,1854,1993,1847,1818,1129,542,147,16,3,11304,697,946,1631,1632,1845,1986,1301,829,382,49,6
2017,07,읍면동,경기도 수원시 팔달구 우만2동,18429,1663,2230,3477,2783,3184,2736,1347,697,268,42,2,9282,866,1203,1970,1361,1532,1341,625,300,73,10,1,9147,797,1027,1507,1422,1652,1395,722,397,195,32,1
2017,07,읍면동,경기도 수원시 팔달구 인계동,44217,3539,3752,7292,8422,7606,6963,3872,1970,687,101,13,22417,1785,1976,3685,4454,4012,3496,1899,887,199,22,2,21800,1754,1776,3607,3968,3594,3467,1973,1083,488,79,11
2017,07,읍면동,경기도 수원시 팔달구 지동,14039,717,1126,1729,1855,2273,2658,1953,1242,433,45,8,7131,390,594,928,1013,1242,1353,920,551,132,7,1,6908,327,532,801,842,1031,1305,1033,691,301,38,7
2017,07,읍면동,경기도 수원시 팔달구 행궁동,11218,401,673,1313,1354,1698,2341,1875,1093,391,69,10,5922,206,348,703,792,1000,1281,909,526,133,24,0,5296,195,325,610,562,698,1060,966,567,258,45,10
2017,07,읍면동,경기도 수원시 팔달구 화서1동,25415,2100,2694,3441,3548,4492,4325,2713,1449,563,78,12,12345,1067,1312,1731,1794,2196,2123,1278,621,202,20,1,13070,1033,1382,1710,1754,2296,2202,1435,828,361,58,11
2017,07,읍면동,경기도 수원시 팔달구 화서2동,28900,2726,3663,4445,4084,5394,4903,2010,1119,479,71,6,14174,1468,1797,2222,1989,2495,2583,958,478,167,16,1,14726,1258,1866,2223,2095,2899,2320,1052,641,312,55,5
2017,07,시군,경기도 시흥시 ,407500,39151,49165,57236,60379,80830,69846,28440,15370,6175,847,61,213757,20150,25385,31121,32438,42659,38418,14898,6523,1961,184,20,193743,19001,23780,26115,27941,38171,31428,13542,8847,4214,663,41
2017,07,읍면동,경기도 시흥시 과림동,2174,63,64,202,226,250,576,480,212,89,10,2,1317,33,31,127,142,185,346,291,119,38,3,2,857,30,33,75,84,65,230,189,93,51,7,0
2017,07,읍면동,경기도 시흥시 군자동,25452,2489,2871,3366,3978,4588,4264,2209,1166,459,53,9,13272,1275,1510,1813,2187,2487,2254,1093,507,134,10,2,12180,1214,1361,1553,1791,2101,2010,1116,659,325,43,7
2017,07,읍면동,경기도 시흥시 능곡동,16017,1692,2534,1820,1787,3482,2583,1105,683,278,52,1,7936,874,1242,968,815,1708,1404,546,283,89,7,0,8081,818,1292,852,972,1774,1179,559,400,189,45,1
2017,07,읍면동,경기도 시흥시 대야동,32453,2114,3601,5091,3778,5559,6835,3058,1569,720,122,6,16532,1110,1863,2661,2012,2757,3606,1648,627,222,25,1,15921,1004,1738,2430,1766,2802,3229,1410,942,498,97,5
2017,07,읍면동,경기도 시흥시 매화동,13562,1051,1665,1810,1482,2604,2467,1251,826,356,48,2,7024,531,884,971,768,1365,1371,649,362,106,17,0,6538,520,781,839,714,1239,1096,602,464,250,31,2
2017,07,읍면동,경기도 시흥시 목감동,22297,2936,1890,2533,4251,3550,3484,2051,1070,459,66,7,11288,1457,979,1310,2165,1908,1792,1052,476,136,10,3,11009,1479,911,1223,2086,1642,1692,999,594,323,56,4
2017,07,읍면동,경기도 시흥시 신천동,41716,2728,4965,6687,4784,7588,8643,3654,1846,709,101,11,21416,1410,2559,3545,2569,3777,4632,1932,758,211,22,1,20300,1318,2406,3142,2215,3811,4011,1722,1088,498,79,10
2017,07,읍면동,경기도 시흥시 신현동,11458,803,1094,1632,1286,1902,2423,1260,693,312,47,6,5977,402,560,908,698,987,1298,689,301,112,18,4,5481,401,534,724,588,915,1125,571,392,200,29,2
2017,07,읍면동,경기도 시흥시 연성동,24745,2328,3824,3354,2862,5486,4012,1462,998,365,49,5,12605,1183,2020,1745,1394,2718,2268,716,426,122,11,2,12140,1145,1804,1609,1468,2768,1744,746,572,243,38,3
2017,07,읍면동,경기도 시흥시 월곶동,16418,2026,1553,1682,3085,3320,2430,1324,722,245,30,1,8530,1038,818,869,1598,1817,1274,677,349,85,5,0,7888,988,735,813,1487,1503,1156,647,373,160,25,1
2017,07,읍면동,경기도 시흥시 은행동,30071,2631,4343,4604,3429,5922,5597,1986,1048,461,44,6,15078,1363,2237,2447,1663,2826,2951,1047,402,133,7,2,14993,1268,2106,2157,1766,3096,2646,939,646,328,37,4
2017,07,읍면동,경기도 시흥시 장곡동,18914,2295,3504,2306,2307,4486,2626,673,493,193,30,1,9493,1201,1802,1174,1024,2200,1507,329,179,63,13,1,9421,1094,1702,1132,1283,2286,1119,344,314,130,17,0
2017,07,읍면동,경기도 시흥시 정왕1동,27053,2314,2594,3920,5170,5917,4462,1678,726,239,32,1,15656,1163,1313,2337,3228,3605,2687,921,318,77,6,1,11397,1151,1281,1583,1942,2312,1775,757,408,162,26,0
2017,07,읍면동,경기도 시흥시 정왕2동,34591,3799,4796,5210,5038,7208,5486,1625,993,397,38,1,17895,1996,2469,2785,2572,3686,3001,847,392,139,7,1,16696,1803,2327,2425,2466,3522,2485,778,601,258,31,0
2017,07,읍면동,경기도 시흥시 정왕3동,26451,2644,2832,3597,4639,5481,4468,1657,773,305,55,0,14762,1346,1475,2046,2753,3178,2608,913,338,94,11,0,11689,1298,1357,1551,1886,2303,1860,744,435,211,44,0
2017,07,읍면동,경기도 시흥시 정왕4동,39470,5350,5606,5207,6494,8316,5554,1616,909,373,45,0,19868,2826,2881,2713,3042,4099,3006,791,370,133,7,0,19602,2524,2725,2494,3452,4217,2548,825,539,240,38,0
2017,07,읍면동,경기도 시흥시 정왕본동,24658,1888,1429,4215,5783,5171,3936,1351,643,215,25,2,15108,942,742,2702,3808,3356,2413,757,316,67,5,0,9550,946,687,1513,1975,1815,1523,594,327,148,20,2
2017,07,시군,경기도 안산시 ,684974,56826,80808,108211,97071,128623,122248,51172,26658,11657,1607,93,351102,28904,41832,57476,51778,64725,64679,26393,11323,3635,338,19,333872,27922,38976,50735,45293,63898,57569,24779,15335,8022,1269,74
2017,07,구,경기도 안산시 단원구 ,310936,25977,37221,47826,44154,58828,56612,23568,11140,4942,620,48,160440,13171,19340,25529,23615,29833,30135,12348,4838,1497,123,11,150496,12806,17881,22297,20539,28995,26477,11220,6302,3445,497,37
2017,07,읍면동,경기도 안산시 단원구 고잔동,20913,1504,2519,3483,2782,3782,3817,1713,885,380,46,2,10506,746,1312,1847,1493,1840,1942,847,355,119,5,0,10407,758,1207,1636,1289,1942,1875,866,530,261,41,2
2017,07,읍면동,경기도 안산시 단원구 대부동,8339,336,474,822,726,980,1928,1590,963,443,70,7,4367,181,260,466,429,561,981,827,500,144,15,3,3972,155,214,356,297,419,947,763,463,299,55,4
2017,07,읍면동,경기도 안산시 단원구 백운동,21790,1657,2415,3236,2795,3671,4498,2258,906,306,41,7,11103,826,1257,1732,1466,1820,2279,1183,438,93,9,0,10687,831,1158,1504,1329,1851,2219,1075,468,213,32,7
2017,07,읍면동,경기도 안산시 단원구 선부1동,11768,990,1098,1717,1927,2002,2184,1063,498,265,23,1,6043,497,562,977,1105,1040,1085,540,168,61,7,1,5725,493,536,740,822,962,1099,523,330,204,16,0
2017,07,읍면동,경기도 안산시 단원구 선부2동,22346,1553,2619,3394,2946,4540,4335,1705,849,348,54,3,12101,821,1395,1823,1674,2493,2525,871,380,104,14,1,10245,732,1224,1571,1272,2047,1810,834,469,244,40,2
2017,07,읍면동,경기도 안산시 단원구 선부3동,35373,3004,4456,5731,5231,6761,6328,2272,1047,492,46,5,18054,1503,2343,3010,2757,3359,3297,1220,419,138,7,1,17319,1501,2113,2721,2474,3402,3031,1052,628,354,39,4
2017,07,읍면동,경기도 안산시 단원구 신길동,24828,2539,2922,3442,3967,4673,4196,1876,822,349,41,1,13211,1307,1497,1925,2224,2500,2274,984,394,97,9,0,11617,1232,1425,1517,1743,2173,1922,892,428,252,32,1
2017,07,읍면동,경기도 안산시 단원구 와동,44418,3688,5310,6831,6937,8779,7553,2999,1574,663,82,2,23326,1938,2762,3697,3854,4631,4083,1515,628,204,14,0,21092,1750,2548,3134,3083,4148,3470,1484,946,459,68,2
2017,07,읍면동,경기도 안산시 단원구 원곡동,7862,453,348,771,937,1657,1880,971,587,234,19,5,4583,228,179,462,551,1047,1191,531,294,92,7,1,3279,225,169,309,386,610,689,440,293,142,12,4
2017,07,읍면동,경기도 안산시 단원구 중앙동,21663,1727,2484,3799,3441,3905,3757,1608,607,286,44,5,10749,856,1270,1934,1723,1903,1864,856,253,80,8,2,10914,871,1214,1865,1718,2002,1893,752,354,206,36,3
2017,07,읍면동,경기도 안산시 단원구 초지동,42993,4373,5821,6065,6618,8711,6701,2641,1344,623,91,5,21945,2185,2994,3297,3478,4303,3578,1346,552,195,16,1,21048,2188,2827,2768,3140,4408,3123,1295,792,428,75,4
2017,07,읍면동,경기도 안산시 단원구 호수동,48643,4153,6755,8535,5847,9367,9435,2872,1058,553,63,5,24452,2083,3509,4359,2861,4336,5036,1628,457,170,12,1,24191,2070,3246,4176,2986,5031,4399,1244,601,383,51,4
2017,07,구,경기도 안산시 상록구 ,374038,30849,43587,60385,52917,69795,65636,27604,15518,6715,987,45,190662,15733,22492,31947,28163,34892,34544,14045,6485,2138,215,8,183376,15116,21095,28438,24754,34903,31092,13559,9033,4577,772,37
2017,07,읍면동,경기도 안산시 상록구 반월동,19982,1681,1677,2582,2864,3211,3703,2421,1302,483,54,4,10134,844,834,1392,1541,1684,1851,1210,612,156,8,2,9848,837,843,1190,1323,1527,1852,1211,690,327,46,2
2017,07,읍면동,경기도 안산시 상록구 본오1동,43461,3975,5453,6453,6371,8680,7125,2839,1806,674,83,2,22297,2015,2777,3449,3405,4449,3846,1378,749,212,16,1,21164,1960,2676,3004,2966,4231,3279,1461,1057,462,67,1
2017,07,읍면동,경기도 안산시 상록구 본오2동,30482,2334,3991,4852,3784,6054,5317,2116,1370,593,70,1,15058,1200,1995,2441,1914,2951,2702,1087,564,186,18,0,15424,1134,1996,2411,1870,3103,2615,1029,806,407,52,1
2017,07,읍면동,경기도 안산시 상록구 본오3동,23193,1658,2507,3918,3388,4186,4257,1686,1062,459,72,0,11522,826,1269,1990,1806,2059,2092,877,426,160,17,0,11671,832,1238,1928,1582,2127,2165,809,636,299,55,0
2017,07,읍면동,경기도 안산시 상록구 부곡동,24441,2086,2842,3863,3179,4670,4428,1795,1097,431,48,2,12504,1066,1448,2053,1633,2365,2445,916,433,137,7,1,11937,1020,1394,1810,1546,2305,1983,879,664,294,41,1
2017,07,읍면동,경기도 안산시 상록구 사동,38570,3012,4237,6588,6262,7387,6155,2216,1571,963,169,10,20051,1560,2243,3522,3541,3786,3366,1120,578,289,44,2,18519,1452,1994,3066,2721,3601,2789,1096,993,674,125,8
2017,07,읍면동,경기도 안산시 상록구 사이동,35532,3486,4657,5517,4902,6737,6073,2391,1197,492,78,2,17980,1752,2432,2879,2553,3285,3186,1228,500,146,19,0,17552,1734,2225,2638,2349,3452,2887,1163,697,346,59,2
2017,07,읍면동,경기도 안산시 상록구 성포동,26598,2049,3354,4678,3094,4440,5384,2104,900,503,87,5,13101,1047,1746,2480,1487,1962,2696,1116,387,154,25,1,13497,1002,1608,2198,1607,2478,2688,988,513,349,62,4
2017,07,읍면동,경기도 안산시 상록구 안산동,10086,810,916,1380,1284,1637,1969,1253,573,225,35,4,5242,411,482,738,691,881,1055,641,252,84,6,1,4844,399,434,642,593,756,914,612,321,141,29,3
2017,07,읍면동,경기도 안산시 상록구 월피동,44989,3477,5791,7722,5703,8512,8328,3003,1584,757,106,6,23055,1834,3066,4161,3031,4067,4458,1559,637,222,20,0,21934,1643,2725,3561,2672,4445,3870,1444,947,535,86,6
2017,07,읍면동,경기도 안산시 상록구 이동,28830,1976,2310,5388,5234,5112,4795,2240,1242,450,77,6,15230,1005,1241,2836,2975,2741,2589,1115,548,168,12,0,13600,971,1069,2552,2259,2371,2206,1125,694,282,65,6
2017,07,읍면동,경기도 안산시 상록구 일동,28279,2619,3229,3977,4386,5516,4509,2161,1336,476,68,2,14340,1287,1604,2076,2315,2917,2356,1037,566,166,16,0,13939,1332,1625,1901,2071,2599,2153,1124,770,310,52,2
2017,07,읍면동,경기도 안산시 상록구 해양동,19595,1686,2623,3467,2466,3653,3593,1379,478,209,40,1,10148,886,1355,1930,1271,1745,1902,761,233,58,7,0,9447,800,1268,1537,1195,1908,1691,618,245,151,33,1
2017,07,시군,경기도 안성시 ,183330,17193,19677,21064,26174,30697,29548,19423,12644,6099,769,42,93816,8787,10290,11484,13873,16388,15521,9720,5544,2020,181,8,89514,8406,9387,9580,12301,14309,14027,9703,7100,4079,588,34
2017,07,읍면동,경기도 안성시 고삼면,2061,68,115,226,161,250,423,369,281,154,14,0,1083,31,60,143,96,155,216,193,134,53,2,0,978,37,55,83,65,95,207,176,147,101,12,0
2017,07,읍면동,경기도 안성시 공도읍,57203,7757,7630,5734,10126,11423,7076,4027,2315,1015,100,0,28659,3922,3957,2973,5033,5928,3632,1915,960,319,20,0,28544,3835,3673,2761,5093,5495,3444,2112,1355,696,80,0
2017,07,읍면동,경기도 안성시 금광면,8349,788,867,802,1069,1306,1346,1043,715,366,43,4,4101,407,467,407,522,705,672,511,287,114,8,1,4248,381,400,395,547,601,674,532,428,252,35,3
2017,07,읍면동,경기도 안성시 대덕면,16690,1778,1220,2294,3530,2698,2452,1467,811,375,62,3,9265,942,626,1295,2101,1610,1396,755,380,143,17,0,7425,836,594,999,1429,1088,1056,712,431,232,45,3
2017,07,읍면동,경기도 안성시 미양면,6758,479,452,661,938,927,1181,1000,713,358,45,4,3566,233,230,383,550,569,626,542,316,108,8,1,3192,246,222,278,388,358,555,458,397,250,37,3
2017,07,읍면동,경기도 안성시 보개면,5956,253,421,651,556,725,1216,947,740,395,48,4,3158,134,266,364,339,435,653,493,330,136,8,0,2798,119,155,287,217,290,563,454,410,259,40,4
2017,07,읍면동,경기도 안성시 삼죽면,3606,137,253,390,316,403,754,621,481,231,18,2,1881,74,115,225,191,237,406,323,214,94,2,0,1725,63,138,165,125,166,348,298,267,137,16,2
2017,07,읍면동,경기도 안성시 서운면,3824,154,220,445,337,484,768,655,489,246,24,2,2032,85,130,261,196,294,428,320,223,88,6,1,1792,69,90,184,141,190,340,335,266,158,18,1
2017,07,읍면동,경기도 안성시 안성1동,12242,754,1217,1664,1340,1766,2356,1523,1073,478,65,6,6130,388,600,890,734,897,1203,748,478,173,17,2,6112,366,617,774,606,869,1153,775,595,305,48,4
2017,07,읍면동,경기도 안성시 안성2동,19171,1854,2340,2417,2709,3493,3111,1736,992,464,53,2,9580,942,1207,1293,1356,1801,1582,836,418,127,17,1,9591,912,1133,1124,1353,1692,1529,900,574,337,36,1
2017,07,읍면동,경기도 안성시 안성3동,21209,1804,2864,3047,2452,3826,3628,1849,1173,487,74,5,10590,931,1521,1665,1212,1811,1882,902,497,152,17,0,10619,873,1343,1382,1240,2015,1746,947,676,335,57,5
2017,07,읍면동,경기도 안성시 양성면,5501,227,311,570,479,690,1149,930,646,426,71,2,2870,110,156,360,285,393,637,490,298,128,13,0,2631,117,155,210,194,297,512,440,348,298,58,2
2017,07,읍면동,경기도 안성시 원곡면,5034,353,376,525,638,739,1030,674,449,209,39,2,2688,182,204,302,356,441,557,356,204,73,12,1,2346,171,172,223,282,298,473,318,245,136,27,1
2017,07,읍면동,경기도 안성시 일죽면,8319,436,794,806,797,989,1574,1427,935,484,76,1,4322,235,440,444,467,565,825,738,418,166,23,1,3997,201,354,362,330,424,749,689,517,318,53,0
2017,07,읍면동,경기도 안성시 죽산면,7407,351,597,832,726,978,1484,1155,831,411,37,5,3891,171,311,479,435,547,806,598,387,146,11,0,3516,180,286,353,291,431,678,557,444,265,26,5
2017,07,시군,경기도 안양시 ,595166,49385,63969,87180,88237,102619,104494,57411,28570,11588,1566,147,295542,25304,33154,45285,44986,50053,51299,28821,12560,3660,381,39,299624,24081,30815,41895,43251,52566,53195,28590,16010,7928,1185,108
2017,07,구,경기도 안양시 동안구 ,339602,29827,40468,49080,49857,61940,57801,29425,14035,6239,858,72,167159,15287,20950,25439,24768,29443,28256,14840,6036,1922,200,18,172443,14540,19518,23641,25089,32497,29545,14585,7999,4317,658,54
2017,07,읍면동,경기도 안양시 동안구 갈산동,11740,855,1583,1741,1304,2118,2083,1160,563,283,42,8,5731,415,821,920,620,966,1030,593,257,94,11,4,6009,440,762,821,684,1152,1053,567,306,189,31,4
2017,07,읍면동,경기도 안양시 동안구 관양1동,39489,3101,3834,6391,5710,6214,7257,3940,2049,881,104,8,19424,1633,1951,3380,2987,2970,3420,1911,865,280,26,1,20065,1468,1883,3011,2723,3244,3837,2029,1184,601,78,7
2017,07,읍면동,경기도 안양시 동안구 관양2동,20276,1692,1807,3057,3507,3409,3468,1866,1028,394,44,4,10264,823,903,1663,1869,1744,1727,927,454,142,12,0,10012,869,904,1394,1638,1665,1741,939,574,252,32,4
2017,07,읍면동,경기도 안양시 동안구 귀인동,17438,1597,3449,2196,1465,4203,2632,1036,567,262,30,1,8613,860,1820,1080,609,1951,1400,539,244,104,6,0,8825,737,1629,1116,856,2252,1232,497,323,158,24,1
2017,07,읍면동,경기도 안양시 동안구 달안동,12086,1163,947,1625,2816,2148,1621,922,539,279,25,1,5592,615,490,752,1393,976,692,410,194,65,5,0,6494,548,457,873,1423,1172,929,512,345,214,20,1
2017,07,읍면동,경기도 안양시 동안구 범계동,16202,1371,2478,2258,2000,3372,2591,1069,664,340,56,3,7819,692,1335,1107,909,1527,1319,514,283,119,14,0,8383,679,1143,1151,1091,1845,1272,555,381,221,42,3
2017,07,읍면동,경기도 안양시 동안구 부림동,25798,2794,2768,3156,5439,5153,3580,1638,863,361,45,1,12476,1419,1432,1510,2699,2477,1675,799,334,121,9,1,13322,1375,1336,1646,2740,2676,1905,839,529,240,36,0
2017,07,읍면동,경기도 안양시 동안구 부흥동,18489,1775,2493,2329,2645,3670,2799,1608,724,388,56,2,8933,913,1324,1187,1254,1732,1317,800,298,93,15,0,9556,862,1169,1142,1391,1938,1482,808,426,295,41,2
2017,07,읍면동,경기도 안양시 동안구 비산1동,23535,2310,2816,3175,3300,4250,4004,2275,945,378,66,16,11520,1200,1424,1623,1615,2036,1914,1140,435,119,13,1,12015,1110,1392,1552,1685,2214,2090,1135,510,259,53,15
2017,07,읍면동,경기도 안양시 동안구 비산2동,13395,1074,1439,2083,1826,2226,2507,1385,569,225,53,8,6550,540,739,1085,889,1038,1214,703,253,74,13,2,6845,534,700,998,937,1188,1293,682,316,151,40,6
2017,07,읍면동,경기도 안양시 동안구 비산3동,24894,1715,2539,4006,3362,3928,4776,2560,1278,636,91,3,12436,900,1313,2178,1791,1886,2327,1289,553,176,21,2,12458,815,1226,1828,1571,2042,2449,1271,725,460,70,1
2017,07,읍면동,경기도 안양시 동안구 신촌동,13896,1068,1956,2160,1707,2535,2608,1193,451,193,25,0,6854,524,1015,1121,839,1132,1303,646,213,56,5,0,7042,544,941,1039,868,1403,1305,547,238,137,20,0
2017,07,읍면동,경기도 안양시 동안구 평안동,25247,2884,4124,2884,3626,5836,3298,1420,744,386,41,4,12402,1466,2182,1476,1629,2814,1670,746,285,120,10,4,12845,1418,1942,1408,1997,3022,1628,674,459,266,31,0
2017,07,읍면동,경기도 안양시 동안구 평촌동,16379,1737,2099,2367,2125,3234,2838,1110,591,250,25,3,8094,902,1073,1241,986,1491,1477,571,251,92,9,1,8285,835,1026,1126,1139,1743,1361,539,340,158,16,2
2017,07,읍면동,경기도 안양시 동안구 호계1동,10527,739,946,1558,1620,1756,1990,1146,546,192,31,3,5423,402,492,833,890,923,1036,556,246,41,3,1,5104,337,454,725,730,833,954,590,300,151,28,2
2017,07,읍면동,경기도 안양시 동안구 호계2동,25525,1944,2590,4219,3816,3921,4945,2608,1004,418,55,5,12590,969,1323,2201,1937,1854,2367,1358,447,124,10,0,12935,975,1267,2018,1879,2067,2578,1250,557,294,45,5
2017,07,읍면동,경기도 안양시 동안구 호계3동,24686,2008,2600,3875,3589,3967,4804,2489,910,373,69,2,12438,1014,1313,2082,1852,1926,2368,1338,424,102,18,1,12248,994,1287,1793,1737,2041,2436,1151,486,271,51,1
2017,07,구,경기도 안양시 만안구 ,255564,19558,23501,38100,38380,40679,46693,27986,14535,5349,708,75,128383,10017,12204,19846,20218,20610,23043,13981,6524,1738,181,21,127181,9541,11297,18254,18162,20069,23650,14005,8011,3611,527,54
2017,07,읍면동,경기도 안양시 만안구 박달1동,16911,1101,1513,2441,2151,2886,3298,1949,1126,390,48,8,8491,546,744,1274,1146,1523,1671,969,486,114,15,3,8420,555,769,1167,1005,1363,1627,980,640,276,33,5
2017,07,읍면동,경기도 안양시 만안구 박달2동,23257,2299,2575,3649,3666,3678,4053,2060,838,396,42,1,11705,1203,1345,1931,1858,1785,1992,1076,380,121,14,0,11552,1096,1230,1718,1808,1893,2061,984,458,275,28,1
2017,07,읍면동,경기도 안양시 만안구 석수1동,20802,1834,1866,2887,3147,3342,3726,2234,1193,491,73,9,10248,944,975,1505,1542,1671,1770,1116,554,152,16,3,10554,890,891,1382,1605,1671,1956,1118,639,339,57,6
2017,07,읍면동,경기도 안양시 만안구 석수2동,33967,2790,3282,4843,4954,5608,6146,3550,1983,710,93,8,17053,1431,1755,2476,2549,2842,3117,1743,883,236,20,1,16914,1359,1527,2367,2405,2766,3029,1807,1100,474,73,7
2017,07,읍면동,경기도 안양시 만안구 석수3동,15191,1359,1772,2172,2001,2637,2790,1400,741,279,38,2,7616,680,932,1194,1003,1323,1406,689,307,76,6,0,7575,679,840,978,998,1314,1384,711,434,203,32,2
2017,07,읍면동,경기도 안양시 만안구 안양1동,18261,1568,1836,2766,2918,3015,3182,1842,782,299,51,2,9072,796,902,1456,1469,1470,1549,939,362,111,18,0,9189,772,934,1310,1449,1545,1633,903,420,188,33,2
2017,07,읍면동,경기도 안양시 만안구 안양2동,22280,1364,1872,3568,3167,3359,4294,2682,1444,466,57,7,11231,707,985,1774,1708,1704,2150,1368,661,156,15,3,11049,657,887,1794,1459,1655,2144,1314,783,310,42,4
2017,07,읍면동,경기도 안양시 만안구 안양3동,17750,1121,1609,2711,2533,2747,3374,2192,1058,357,41,7,8873,566,864,1422,1382,1391,1593,1059,476,111,8,1,8877,555,745,1289,1151,1356,1781,1133,582,246,33,6
2017,07,읍면동,경기도 안양시 만안구 안양4동,7353,374,569,1156,1026,1115,1322,919,611,235,26,0,3704,187,300,551,591,600,667,455,252,93,8,0,3649,187,269,605,435,515,655,464,359,142,18,0
2017,07,읍면동,경기도 안양시 만안구 안양5동,13949,762,1125,2013,1906,2118,2672,1770,1101,428,50,4,7002,425,590,1036,1052,1083,1326,866,480,134,9,1,6947,337,535,977,854,1035,1346,904,621,294,41,3
2017,07,읍면동,경기도 안양시 만안구 안양6동,19150,1209,1333,2855,3414,2925,3410,2341,1188,419,46,10,9914,600,668,1516,1938,1563,1716,1183,546,162,18,4,9236,609,665,1339,1476,1362,1694,1158,642,257,28,6
2017,07,읍면동,경기도 안양시 만안구 안양7동,16033,1751,1523,2289,3012,2663,2638,1383,552,172,42,8,8069,906,793,1149,1542,1321,1317,700,272,56,10,3,7964,845,730,1140,1470,1342,1321,683,280,116,32,5
2017,07,읍면동,경기도 안양시 만안구 안양8동,12154,668,969,1945,1888,1852,2298,1481,735,271,45,2,6274,349,502,1084,1097,975,1089,752,343,73,10,0,5880,319,467,861,791,877,1209,729,392,198,35,2
2017,07,읍면동,경기도 안양시 만안구 안양9동,18506,1358,1657,2805,2597,2734,3490,2183,1183,436,56,7,9131,677,849,1478,1341,1359,1680,1066,522,143,14,2,9375,681,808,1327,1256,1375,1810,1117,661,293,42,5
2017,07,시군,경기도 양주시 ,209448,20540,24299,23827,27520,38242,34109,21588,13541,5069,674,39,106306,10458,12500,12729,13932,19822,17991,10705,6164,1833,162,10,103142,10082,11799,11098,13588,18420,16118,10883,7377,3236,512,29
2017,07,읍면동,경기도 양주시 광적면,12099,787,1030,1453,1257,1958,2555,1583,1011,420,41,4,6523,403,551,850,719,1083,1443,854,457,152,11,0,5576,384,479,603,538,875,1112,729,554,268,30,4
2017,07,읍면동,경기도 양주시 남면,7566,491,543,927,905,1011,1528,1109,648,338,63,3,4176,254,282,564,541,631,862,630,293,104,13,2,3390,237,261,363,364,380,666,479,355,234,50,1
2017,07,읍면동,경기도 양주시 백석읍,28284,2152,3192,3524,3028,4827,5371,3290,2022,770,102,6,14325,1105,1655,1867,1581,2424,2831,1653,899,285,24,1,13959,1047,1537,1657,1447,2403,2540,1637,1123,485,78,5
2017,07,읍면동,경기도 양주시 양주1동,6126,301,425,715,575,861,1278,1005,650,277,38,1,3178,168,218,365,330,470,675,553,285,105,8,1,2948,133,207,350,245,391,603,452,365,172,30,0
2017,07,읍면동,경기도 양주시 양주2동,53958,7471,7597,4732,8091,11463,6390,4389,2860,845,115,5,26472,3799,3797,2433,3726,5895,3218,1963,1318,304,19,0,27486,3672,3800,2299,4365,5568,3172,2426,1542,541,96,5
2017,07,읍면동,경기도 양주시 은현면,6643,254,455,780,638,902,1540,1085,657,292,38,2,3726,142,235,469,395,552,880,615,317,110,11,0,2917,112,220,311,243,350,660,470,340,182,27,2
2017,07,읍면동,경기도 양주시 장흥면,10166,603,628,1151,1239,1242,1992,1841,992,403,70,5,5183,294,338,636,703,677,978,895,494,146,19,3,4983,309,290,515,536,565,1014,946,498,257,51,2
2017,07,읍면동,경기도 양주시 회천1동,10227,774,956,1556,1303,1658,1894,1110,677,259,32,8,5286,392,477,902,686,836,1030,561,308,85,7,2,4941,382,479,654,617,822,864,549,369,174,25,6
2017,07,읍면동,경기도 양주시 회천2동,28519,2384,3257,3797,3491,5167,5350,2750,1682,570,67,4,14510,1243,1716,1987,1800,2648,2815,1341,745,202,13,0,14009,1141,1541,1810,1691,2519,2535,1409,937,368,54,4
2017,07,읍면동,경기도 양주시 회천3동,29584,3100,4650,3442,3734,6293,4136,1947,1567,646,68,1,14635,1530,2405,1758,1783,3116,2198,911,661,248,24,1,14949,1570,2245,1684,1951,3177,1938,1036,906,398,44,0
2017,07,읍면동,경기도 양주시 회천4동,16276,2223,1566,1750,3259,2860,2075,1479,775,249,40,0,8292,1128,826,898,1668,1490,1061,729,387,92,13,0,7984,1095,740,852,1591,1370,1014,750,388,157,27,0
2017,07,시군,경기도 양평군 ,113694,8343,10104,10879,11922,16596,20856,17518,11671,5028,729,48,57377,4290,5398,6009,6009,8775,10683,8692,5534,1778,199,10,56317,4053,4706,4870,5913,7821,10173,8826,6137,3250,530,38
2017,07,읍면동,경기도 양평군 강상면,9403,944,827,837,1241,1508,1602,1280,793,314,52,5,4683,470,435,450,613,760,798,630,393,119,14,1,4720,474,392,387,628,748,804,650,400,195,38,4
2017,07,읍면동,경기도 양평군 강하면,4517,215,309,369,396,562,915,948,561,202,40,0,2278,114,170,205,215,290,450,448,292,83,11,0,2239,101,139,164,181,272,465,500,269,119,29,0
2017,07,읍면동,경기도 양평군 개군면,4995,276,352,438,436,647,982,876,668,286,33,1,2523,133,184,263,229,358,509,415,332,93,6,1,2472,143,168,175,207,289,473,461,336,193,27,0
2017,07,읍면동,경기도 양평군 단월면,3699,156,214,305,317,449,735,716,562,222,22,1,1894,70,138,167,174,267,352,385,258,79,4,0,1805,86,76,138,143,182,383,331,304,143,18,1
2017,07,읍면동,경기도 양평군 서종면,8853,638,733,652,863,1378,1721,1650,830,318,67,3,4450,324,397,352,418,709,850,836,428,114,21,1,4403,314,336,300,445,669,871,814,402,204,46,2
2017,07,읍면동,경기도 양평군 양동면,4632,183,226,362,338,475,927,993,690,380,51,7,2306,94,125,190,183,275,494,497,306,131,11,0,2326,89,101,172,155,200,433,496,384,249,40,7
2017,07,읍면동,경기도 양평군 양서면,12312,797,1050,1170,1316,1787,2284,2005,1279,542,78,4,6220,379,583,642,667,952,1157,978,638,200,22,2,6092,418,467,528,649,835,1127,1027,641,342,56,2
2017,07,읍면동,경기도 양평군 양평읍,30580,2733,3481,3531,3804,5100,5265,3425,2213,890,127,11,15348,1430,1809,1925,1859,2570,2725,1701,993,293,40,3,15232,1303,1672,1606,1945,2530,2540,1724,1220,597,87,8
2017,07,읍면동,경기도 양평군 옥천면,7410,543,508,739,778,1039,1418,1260,773,307,40,5,3781,282,272,430,390,586,712,608,382,110,9,0,3629,261,236,309,388,453,706,652,391,197,31,5
2017,07,읍면동,경기도 양평군 용문면,16887,1428,1741,1725,1748,2450,2845,2322,1741,778,104,5,8603,759,927,956,888,1305,1493,1153,810,282,28,2,8284,669,814,769,860,1145,1352,1169,931,496,76,3
2017,07,읍면동,경기도 양평군 지평면,6693,299,462,501,443,795,1391,1251,992,491,67,1,3395,172,247,285,237,460,719,646,438,165,26,0,3298,127,215,216,206,335,672,605,554,326,41,1
2017,07,읍면동,경기도 양평군 청운면,3713,131,201,250,242,406,771,792,569,298,48,5,1896,63,111,144,136,243,424,395,264,109,7,0,1817,68,90,106,106,163,347,397,305,189,41,5
2017,07,시군,경기도 여주시 ,112021,8860,11057,12275,13379,17247,20000,14503,9694,4363,605,38,56634,4629,5621,6653,6874,9083,10393,7297,4421,1538,112,13,55387,4231,5436,5622,6505,8164,9607,7206,5273,2825,493,25
2017,07,읍면동,경기도 여주시 가남읍,16047,1370,1529,1691,2245,2460,2758,2033,1291,580,83,7,8264,696,777,920,1203,1335,1462,1045,594,211,18,3,7783,674,752,771,1042,1125,1296,988,697,369,65,4
2017,07,읍면동,경기도 여주시 강천면,3984,157,300,367,327,517,792,720,496,269,37,2,2044,90,160,201,182,294,421,358,242,93,2,1,1940,67,140,166,145,223,371,362,254,176,35,1
2017,07,읍면동,경기도 여주시 금사면,3082,142,188,254,238,353,641,647,400,186,31,2,1565,70,103,146,139,184,333,321,192,72,5,0,1517,72,85,108,99,169,308,326,208,114,26,2
2017,07,읍면동,경기도 여주시 능서면,6651,345,565,627,619,782,1367,1065,804,415,62,0,3437,163,301,362,337,466,724,562,371,132,19,0,3214,182,264,265,282,316,643,503,433,283,43,0
2017,07,읍면동,경기도 여주시 대신면,7676,275,555,676,559,921,1632,1392,1092,508,63,3,3825,143,291,383,316,493,799,707,487,190,14,2,3851,132,264,293,243,428,833,685,605,318,49,1
2017,07,읍면동,경기도 여주시 북내면,5178,205,477,510,349,737,1046,771,688,346,46,3,2646,104,244,283,193,405,571,406,301,129,9,1,2532,101,233,227,156,332,475,365,387,217,37,2
2017,07,읍면동,경기도 여주시 산북면,2558,125,199,216,208,319,477,469,367,152,25,1,1246,53,95,118,101,174,229,238,174,59,5,0,1312,72,104,98,107,145,248,231,193,93,20,1
2017,07,읍면동,경기도 여주시 여흥동,21969,2056,2216,2716,3001,3732,3749,2439,1436,537,78,9,11072,1069,1113,1491,1499,1918,1937,1204,659,172,7,3,10897,987,1103,1225,1502,1814,1812,1235,777,365,71,6
2017,07,읍면동,경기도 여주시 오학동,15174,1917,1560,1720,2585,2652,2358,1291,746,295,44,6,7575,1037,781,895,1252,1358,1188,627,329,98,8,2,7599,880,779,825,1333,1294,1170,664,417,197,36,4
2017,07,읍면동,경기도 여주시 점동면,4859,184,440,506,332,547,958,896,624,323,49,0,2516,108,237,287,183,308,520,458,289,113,13,0,2343,76,203,219,149,239,438,438,335,210,36,0
2017,07,읍면동,경기도 여주시 중앙동,19647,1840,2669,2516,2506,3637,3135,1824,1050,422,46,2,9753,954,1343,1294,1245,1817,1628,866,453,146,6,1,9894,886,1326,1222,1261,1820,1507,958,597,276,40,1
2017,07,읍면동,경기도 여주시 흥천면,5196,244,359,476,410,590,1087,956,700,330,41,3,2691,142,176,273,224,331,581,505,330,123,6,0,2505,102,183,203,186,259,506,451,370,207,35,3
2017,07,시군,경기도 연천군 ,45565,3487,3734,5882,4858,5670,7943,6342,5073,2226,318,32,23919,1801,1999,3771,2632,3134,4265,3193,2228,808,77,11,21646,1686,1735,2111,2226,2536,3678,3149,2845,1418,241,21
2017,07,읍면동,경기도 연천군 군남면,3549,150,235,373,257,387,699,623,548,244,31,2,1858,70,125,239,149,236,376,326,241,87,8,1,1691,80,110,134,108,151,323,297,307,157,23,1
2017,07,읍면동,경기도 연천군 미산면,1768,66,81,180,98,167,379,376,274,126,18,3,929,37,43,113,55,97,205,203,126,45,4,1,839,29,38,67,43,70,174,173,148,81,14,2
2017,07,읍면동,경기도 연천군 백학면,2835,142,202,290,206,308,573,463,452,182,16,1,1502,71,114,192,124,178,310,227,210,70,6,0,1333,71,88,98,82,130,263,236,242,112,10,1
2017,07,읍면동,경기도 연천군 신서면,3034,96,153,400,198,294,553,603,507,199,29,2,1637,46,79,305,123,184,298,289,223,79,10,1,1397,50,74,95,75,110,255,314,284,120,19,1
2017,07,읍면동,경기도 연천군 연천읍,8360,838,571,1416,1073,906,1228,960,909,406,51,2,4521,437,306,976,597,524,679,466,374,150,12,0,3839,401,265,440,476,382,549,494,535,256,39,2
2017,07,읍면동,경기도 연천군 왕징면,1108,42,59,93,62,109,189,253,214,71,14,2,582,29,31,58,37,69,104,127,97,26,3,1,526,13,28,35,25,40,85,126,117,45,11,1
2017,07,읍면동,경기도 연천군 장남면,745,32,36,63,47,87,150,141,133,44,12,0,376,15,22,39,24,51,76,69,66,14,0,0,369,17,14,24,23,36,74,72,67,30,12,0
2017,07,읍면동,경기도 연천군 전곡읍,19783,1927,2138,2529,2521,2924,3279,2175,1455,710,110,15,10185,1009,1126,1469,1299,1518,1726,1117,641,248,26,6,9598,918,1012,1060,1222,1406,1553,1058,814,462,84,9
2017,07,읍면동,경기도 연천군 중면,223,13,11,67,22,13,35,32,17,11,2,0,129,7,5,54,11,6,18,18,7,3,0,0,94,6,6,13,11,7,17,14,10,8,2,0
2017,07,읍면동,경기도 연천군 청산면,4160,181,248,471,374,475,858,716,564,233,35,5,2200,80,148,326,213,271,473,351,243,86,8,1,1960,101,100,145,161,204,385,365,321,147,27,4
2017,07,시군,경기도 오산시 ,210768,26834,24481,26965,40112,39433,27695,13985,8002,2844,383,34,108212,13805,12553,14367,20979,20783,14407,6810,3431,987,83,7,102556,13029,11928,12598,19133,18650,13288,7175,4571,1857,300,27
2017,07,읍면동,경기도 오산시 남촌동,22129,1490,1578,4359,5843,3837,2660,1376,712,234,35,5,12743,768,817,2468,3669,2319,1562,713,340,79,7,1,9386,722,761,1891,2174,1518,1098,663,372,155,28,4
2017,07,읍면동,경기도 오산시 대원동,66820,8844,8183,8674,12496,12778,8563,4082,2311,771,112,6,34185,4537,4330,4626,6361,6628,4476,1963,965,271,28,0,32635,4307,3853,4048,6135,6150,4087,2119,1346,500,84,6
2017,07,읍면동,경기도 오산시 세마동,19630,2975,2286,2180,3530,3767,2576,1347,691,232,40,6,9990,1578,1149,1164,1678,2006,1327,672,322,84,9,1,9640,1397,1137,1016,1852,1761,1249,675,369,148,31,5
2017,07,읍면동,경기도 오산시 신장동,57522,8333,6384,6436,11036,10180,7694,4162,2339,842,108,8,28767,4254,3185,3365,5622,5280,3767,2004,989,280,21,0,28755,4079,3199,3071,5414,4900,3927,2158,1350,562,87,8
2017,07,읍면동,경기도 오산시 중앙동,27642,3008,3747,3498,4138,5516,3930,1971,1267,505,58,4,13895,1523,1905,1818,2104,2778,2090,958,528,179,11,1,13747,1485,1842,1680,2034,2738,1840,1013,739,326,47,3
2017,07,읍면동,경기도 오산시 초평동,17025,2184,2303,1818,3069,3355,2272,1047,682,260,30,5,8632,1145,1167,926,1545,1772,1185,500,287,94,7,4,8393,1039,1136,892,1524,1583,1087,547,395,166,23,1
2017,07,시군,경기도 용인시 ,998605,109758,125952,119536,149196,196511,136940,83128,54523,19993,2919,149,496545,56321,65341,61705,72128,98226,70536,38530,25349,7643,747,19,502060,53437,60611,57831,77068,98285,66404,44598,29174,12350,2172,130
2017,07,구,경기도 용인시 기흥구 ,418822,50727,52584,48190,65838,84608,53830,32696,21573,7582,1145,49,207271,26086,27065,24831,31464,42308,27307,14888,10062,2953,301,6,211551,24641,25519,23359,34374,42300,26523,17808,11511,4629,844,43
2017,07,읍면동,경기도 용인시 기흥구 구갈동,26901,2242,2996,4348,4521,4906,4167,2076,1168,411,63,3,13515,1129,1507,2193,2371,2465,2153,1001,546,135,15,0,13386,1113,1489,2155,2150,2441,2014,1075,622,276,48,3
2017,07,읍면동,경기도 용인시 기흥구 구성동,40805,4819,5094,3836,5802,8539,4927,3872,2849,934,127,6,19776,2467,2607,1973,2643,4253,2405,1667,1325,414,21,1,21029,2352,2487,1863,3159,4286,2522,2205,1524,520,106,5
2017,07,읍면동,경기도 용인시 기흥구 기흥동,22747,2719,2390,2539,3745,4212,3236,2147,1246,444,65,4,11251,1359,1262,1330,1835,2130,1562,1007,598,148,20,0,11496,1360,1128,1209,1910,2082,1674,1140,648,296,45,4
2017,07,읍면동,경기도 용인시 기흥구 동백동,80932,11507,13111,7443,11829,19237,8838,4687,3095,1028,147,10,39712,5897,6767,3779,5134,9603,4643,2051,1400,395,41,2,41220,5610,6344,3664,6695,9634,4195,2636,1695,633,106,8
2017,07,읍면동,경기도 용인시 기흥구 마북동,32552,3286,3541,3866,4692,5782,4509,3385,2497,871,118,5,15965,1703,1801,2026,2263,2812,2236,1499,1223,366,36,0,16587,1583,1740,1840,2429,2970,2273,1886,1274,505,82,5
2017,07,읍면동,경기도 용인시 기흥구 보정동,36584,4155,4506,3863,5345,7426,4450,3383,2566,769,120,1,17986,2183,2285,1951,2458,3636,2277,1524,1299,345,28,0,18598,1972,2221,1912,2887,3790,2173,1859,1267,424,92,1
2017,07,읍면동,경기도 용인시 기흥구 상갈동,46599,5186,6075,5176,6918,9556,6073,3862,2720,899,126,8,23510,2712,3185,2656,3457,4876,3159,1771,1289,366,37,2,23089,2474,2890,2520,3461,4680,2914,2091,1431,533,89,6
2017,07,읍면동,경기도 용인시 기흥구 상하동,25353,2775,3263,3014,3604,5129,3657,2074,1313,456,65,3,12395,1415,1670,1579,1703,2489,1837,948,585,157,12,0,12958,1360,1593,1435,1901,2640,1820,1126,728,299,53,3
2017,07,읍면동,경기도 용인시 기흥구 서농동,24601,3851,2194,4445,5447,3779,2783,1261,608,193,39,1,12597,1990,1147,2372,2832,1955,1354,607,269,61,10,0,12004,1861,1047,2073,2615,1824,1429,654,339,132,29,1
2017,07,읍면동,경기도 용인시 기흥구 신갈동,36474,3844,4196,4496,5562,7157,5344,2995,2032,740,103,5,18073,1943,2135,2275,2737,3616,2770,1402,881,286,27,1,18401,1901,2061,2221,2825,3541,2574,1593,1151,454,76,4
2017,07,읍면동,경기도 용인시 기흥구 영덕동,45274,6343,5218,5164,8373,8885,5846,2954,1479,837,172,3,22491,3288,2699,2697,4031,4473,2911,1411,647,280,54,0,22783,3055,2519,2467,4342,4412,2935,1543,832,557,118,3
2017,07,구,경기도 용인시 수지구 ,349299,38382,46080,41329,51142,71419,45574,28163,19617,6585,967,41,170834,19687,23578,20786,23764,34787,23416,12609,9325,2631,246,5,178465,18695,22502,20543,27378,36632,22158,15554,10292,3954,721,36
2017,07,읍면동,경기도 용인시 수지구 동천동,36520,4054,4625,4401,5362,7573,4986,3051,1811,559,93,5,18051,2094,2361,2240,2505,3726,2546,1465,883,216,15,0,18469,1960,2264,2161,2857,3847,2440,1586,928,343,78,5
2017,07,읍면동,경기도 용인시 수지구 상현1동,48062,5441,6517,5730,7182,9844,6101,3809,2472,827,135,4,23357,2775,3340,2824,3290,4762,3171,1650,1204,315,26,0,24705,2666,3177,2906,3892,5082,2930,2159,1268,512,109,4
2017,07,읍면동,경기도 용인시 수지구 상현2동,33450,3594,4605,3645,4424,6840,4384,3005,2187,662,99,5,16262,1880,2339,1814,2006,3311,2244,1316,1063,259,30,0,17188,1714,2266,1831,2418,3529,2140,1689,1124,403,69,5
2017,07,읍면동,경기도 용인시 수지구 성복동,38064,3884,4617,3883,4593,7240,5075,4586,3148,879,153,6,18290,1945,2338,2002,1932,3478,2496,2001,1652,401,43,2,19774,1939,2279,1881,2661,3762,2579,2585,1496,478,110,4
2017,07,읍면동,경기도 용인시 수지구 신봉동,37678,4257,5358,3768,4813,8336,4741,3128,2396,779,98,4,18314,2125,2748,1932,2097,4034,2481,1355,1169,353,20,0,19364,2132,2610,1836,2716,4302,2260,1773,1227,426,78,4
2017,07,읍면동,경기도 용인시 수지구 죽전1동,59324,6803,7929,7341,8921,12098,7659,4248,3071,1085,161,8,28967,3486,4042,3703,4166,5905,3869,1927,1396,425,47,1,30357,3317,3887,3638,4755,6193,3790,2321,1675,660,114,7
2017,07,읍면동,경기도 용인시 수지구 죽전2동,19463,1962,1897,2886,3722,3376,2749,1497,929,399,45,1,9598,1021,995,1400,1861,1672,1353,707,425,156,8,0,9865,941,902,1486,1861,1704,1396,790,504,243,37,1
2017,07,읍면동,경기도 용인시 수지구 풍덕천1동,37199,3698,4371,5173,6335,7097,5076,2730,1934,683,100,2,18574,1881,2303,2658,3247,3514,2609,1259,829,243,31,0,18625,1817,2068,2515,3088,3583,2467,1471,1105,440,69,2
2017,07,읍면동,경기도 용인시 수지구 풍덕천2동,39539,4689,6161,4502,5790,9015,4803,2109,1669,712,83,6,19421,2480,3112,2213,2660,4385,2647,929,704,263,26,2,20118,2209,3049,2289,3130,4630,2156,1180,965,449,57,4
2017,07,구,경기도 용인시 처인구 ,230484,20649,27288,30017,32216,40484,37536,22269,13333,5826,807,59,118440,10548,14698,16088,16900,21131,19813,11033,5962,2059,200,8,112044,10101,12590,13929,15316,19353,17723,11236,7371,3767,607,51
2017,07,읍면동,경기도 용인시 처인구 남사면,6965,293,548,716,643,1036,1409,1083,772,405,55,5,3702,155,277,399,362,618,814,554,347,160,16,0,3263,138,271,317,281,418,595,529,425,245,39,5
2017,07,읍면동,경기도 용인시 처인구 동부동,14280,1045,1534,2021,1838,2535,2593,1537,812,316,43,6,7301,529,837,1073,985,1278,1332,773,373,112,9,0,6979,516,697,948,853,1257,1261,764,439,204,34,6
2017,07,읍면동,경기도 용인시 처인구 모현면,26445,2522,2589,3290,3801,4597,4426,2881,1609,640,83,7,13908,1333,1362,1807,2001,2477,2429,1475,761,244,17,2,12537,1189,1227,1483,1800,2120,1997,1406,848,396,66,5
2017,07,읍면동,경기도 용인시 처인구 백암면,9480,340,1274,1058,790,1189,1810,1398,993,539,83,6,4992,179,688,598,475,690,981,726,437,195,22,1,4488,161,586,460,315,499,829,672,556,344,61,5
2017,07,읍면동,경기도 용인시 처인구 양지면,19159,1506,2906,2350,2552,3071,3157,1932,1069,520,91,5,10325,806,1790,1317,1386,1634,1683,1007,505,172,24,1,8834,700,1116,1033,1166,1437,1474,925,564,348,67,4
2017,07,읍면동,경기도 용인시 처인구 역삼동,31251,3420,3567,4725,5297,5504,4490,2342,1332,500,67,7,15689,1711,1857,2465,2739,2707,2253,1142,612,181,21,1,15562,1709,1710,2260,2558,2797,2237,1200,720,319,46,6
2017,07,읍면동,경기도 용인시 처인구 원삼면,7928,440,596,774,772,1128,1554,1328,867,417,48,4,4124,226,294,441,446,645,815,693,405,144,15,0,3804,214,302,333,326,483,739,635,462,273,33,4
2017,07,읍면동,경기도 용인시 처인구 유림동,33148,3677,4612,3986,4881,6811,4790,2318,1457,551,63,2,16725,1826,2438,2063,2438,3420,2586,1113,617,202,22,0,16423,1851,2174,1923,2443,3391,2204,1205,840,349,41,2
2017,07,읍면동,경기도 용인시 처인구 이동면,21428,2117,2151,2231,2981,3707,3766,2316,1380,668,105,6,10901,1070,1139,1264,1534,2008,1969,1092,584,218,23,0,10527,1047,1012,967,1447,1699,1797,1224,796,450,82,6
2017,07,읍면동,경기도 용인시 처인구 중앙동,25105,2010,2650,4069,3608,4354,4162,2357,1280,532,74,9,12633,1022,1384,2098,1897,2236,2088,1140,567,182,16,3,12472,988,1266,1971,1711,2118,2074,1217,713,350,58,6
2017,07,읍면동,경기도 용인시 처인구 포곡읍,35295,3279,4861,4797,5053,6552,5379,2777,1762,738,95,2,18140,1691,2632,2563,2637,3418,2863,1318,754,249,15,0,17155,1588,2229,2234,2416,3134,2516,1459,1008,489,80,2
2017,07,시군,경기도 의왕시 ,155613,13831,16166,22032,21981,26369,27958,15490,7787,3437,522,40,77730,7140,8274,11611,11347,13004,13773,7853,3516,1080,122,10,77883,6691,7892,10421,10634,13365,14185,7637,4271,2357,400,30
2017,07,읍면동,경기도 의왕시 고천동,12422,994,1124,1606,1803,1851,2277,1631,764,324,46,2,6256,509,569,862,954,942,1094,849,371,93,12,1,6166,485,555,744,849,909,1183,782,393,231,34,1
2017,07,읍면동,경기도 의왕시 내손1동,22477,1897,2605,3546,2837,3905,4372,1940,878,426,62,9,11016,964,1350,1825,1374,1826,2155,992,382,135,12,1,11461,933,1255,1721,1463,2079,2217,948,496,291,50,8
2017,07,읍면동,경기도 의왕시 내손2동,33214,3180,3128,5136,4943,5532,5996,3045,1432,698,118,6,16494,1609,1672,2708,2483,2687,2970,1558,588,198,20,1,16720,1571,1456,2428,2460,2845,3026,1487,844,500,98,5
2017,07,읍면동,경기도 의왕시 부곡동,26436,2086,2612,3752,3725,4336,4621,2664,1727,813,91,9,13485,1086,1304,2021,2104,2230,2329,1336,764,280,28,3,12951,1000,1308,1731,1621,2106,2292,1328,963,533,63,6
2017,07,읍면동,경기도 의왕시 오전동,39639,3542,4592,5299,5402,6987,7132,4079,1800,674,126,6,19806,1850,2345,2788,2729,3415,3501,2091,855,204,26,2,19833,1692,2247,2511,2673,3572,3631,1988,945,470,100,4
2017,07,읍면동,경기도 의왕시 청계동,21425,2132,2105,2693,3271,3758,3560,2131,1186,502,79,8,10673,1122,1034,1407,1703,1904,1724,1027,556,170,24,2,10752,1010,1071,1286,1568,1854,1836,1104,630,332,55,6
2017,07,시군,경기도 의정부시 ,438005,36533,47159,59315,59742,77291,74874,43840,27520,10238,1308,185,216171,18762,24291,30343,30317,38236,37410,20824,12029,3587,334,38,221834,17771,22868,28972,29425,39055,37464,23016,15491,6651,974,147
2017,07,읍면동,경기도 의정부시 가능1동,24859,1478,2294,3528,3096,4103,4900,2864,1826,685,74,11,12479,770,1158,1861,1671,2095,2479,1378,799,250,17,1,12380,708,1136,1667,1425,2008,2421,1486,1027,435,57,10
2017,07,읍면동,경기도 의정부시 녹양동,23362,2158,2649,3121,3217,4143,4015,2191,1290,506,69,3,11676,1164,1403,1617,1646,2058,1984,1036,574,175,19,0,11686,994,1246,1504,1571,2085,2031,1155,716,331,50,3
2017,07,읍면동,경기도 의정부시 송산1동,33468,2726,3855,4519,4253,6084,5916,3232,1923,826,124,10,16590,1351,2016,2387,2193,2957,3011,1582,800,265,28,0,16878,1375,1839,2132,2060,3127,2905,1650,1123,561,96,10
2017,07,읍면동,경기도 의정부시 송산2동,59309,7137,7907,6945,8870,11932,8439,4210,2666,1066,132,5,28980,3650,3965,3542,4224,5823,4305,1948,1124,372,25,2,30329,3487,3942,3403,4646,6109,4134,2262,1542,694,107,3
2017,07,읍면동,경기도 의정부시 신곡1동,44164,3480,5029,6166,5656,7865,7990,4333,2566,971,99,9,21784,1792,2548,3221,2903,3722,3995,2135,1113,323,30,2,22380,1688,2481,2945,2753,4143,3995,2198,1453,648,69,7
2017,07,읍면동,경기도 의정부시 신곡2동,47236,3985,6179,6753,5678,8671,8296,4092,2429,1002,143,8,22893,2047,3217,3405,2749,4034,4082,1967,1031,318,42,1,24343,1938,2962,3348,2929,4637,4214,2125,1398,684,101,7
2017,07,읍면동,경기도 의정부시 의정부1동,20450,978,1397,3193,2911,3241,4048,2548,1478,545,83,28,10583,525,691,1605,1642,1797,2118,1307,666,204,23,5,9867,453,706,1588,1269,1444,1930,1241,812,341,60,23
2017,07,읍면동,경기도 의정부시 의정부2동,28191,1746,2347,4629,4272,4705,4958,2912,1899,639,76,8,14014,908,1242,2304,2277,2361,2470,1358,825,236,30,3,14177,838,1105,2325,1995,2344,2488,1554,1074,403,46,5
2017,07,읍면동,경기도 의정부시 의정부3동,11105,511,729,1816,1595,1733,2110,1367,854,334,36,20,5615,264,391,895,845,976,1133,634,340,121,12,4,5490,247,338,921,750,757,977,733,514,213,24,16
2017,07,읍면동,경기도 의정부시 자금동,30404,2720,3381,4021,4035,5464,5249,2863,1835,720,96,20,14914,1359,1780,2034,2014,2660,2601,1387,793,256,21,9,15490,1361,1601,1987,2021,2804,2648,1476,1042,464,75,11
2017,07,읍면동,경기도 의정부시 장암동,20677,1817,2219,2397,2805,3599,3380,2286,1503,587,74,10,9938,922,1139,1253,1362,1775,1634,1026,637,179,10,1,10739,895,1080,1144,1443,1824,1746,1260,866,408,64,9
2017,07,읍면동,경기도 의정부시 호원1동,35845,2958,2943,4601,5565,5713,5583,4568,2913,871,110,20,17611,1569,1502,2233,2850,2940,2630,2133,1386,337,26,5,18234,1389,1441,2368,2715,2773,2953,2435,1527,534,84,15
2017,07,읍면동,경기도 의정부시 호원2동,37386,3348,4085,4687,5057,6463,6017,3941,2754,918,109,7,18271,1692,2098,2409,2474,3173,2953,1812,1264,365,29,2,19115,1656,1987,2278,2583,3290,3064,2129,1490,553,80,5
2017,07,읍면동,경기도 의정부시 흥선동,21549,1491,2145,2939,2732,3575,3973,2433,1584,568,83,26,10823,749,1141,1577,1467,1865,2015,1121,677,186,22,3,10726,742,1004,1362,1265,1710,1958,1312,907,382,61,23
2017,07,시군,경기도 이천시 ,212699,21814,25059,27078,31880,35397,33343,19658,12189,5489,743,49,108599,11288,13190,14387,16567,18232,17482,9942,5443,1864,193,11,104100,10526,11869,12691,15313,17165,15861,9716,6746,3625,550,38
2017,07,읍면동,경기도 이천시 관고동,10610,786,1027,1568,1523,1673,2007,1134,617,243,30,2,5324,430,489,800,817,834,1026,584,258,77,8,1,5286,356,538,768,706,839,981,550,359,166,22,1
2017,07,읍면동,경기도 이천시 대월면,14051,1561,1379,2081,2506,2112,1933,1264,829,322,59,5,7010,807,698,997,1255,1117,1027,635,349,109,14,2,7041,754,681,1084,1251,995,906,629,480,213,45,3
2017,07,읍면동,경기도 이천시 마장면,11357,1038,1746,1501,1573,1501,1605,1185,776,368,59,5,6213,547,1008,893,893,877,881,620,353,125,16,0,5144,491,738,608,680,624,724,565,423,243,43,5
2017,07,읍면동,경기도 이천시 모가면,4625,203,315,470,427,561,991,763,575,272,47,1,2449,115,181,276,251,313,540,400,263,98,12,0,2176,88,134,194,176,248,451,363,312,174,35,1
2017,07,읍면동,경기도 이천시 백사면,10588,814,966,1326,1217,1611,2014,1289,855,435,56,5,5402,427,512,688,661,829,1063,660,394,150,18,0,5186,387,454,638,556,782,951,629,461,285,38,5
2017,07,읍면동,경기도 이천시 부발읍,37836,4913,4976,4571,6739,6949,4920,2588,1467,629,80,4,19315,2509,2583,2345,3380,3609,2693,1305,650,223,18,0,18521,2404,2393,2226,3359,3340,2227,1283,817,406,62,4
2017,07,읍면동,경기도 이천시 설성면,5158,259,313,510,477,604,1028,900,684,344,37,2,2714,124,153,301,278,379,560,474,311,124,9,1,2444,135,160,209,199,225,468,426,373,220,28,1
2017,07,읍면동,경기도 이천시 신둔면,12066,918,1172,1482,1535,1898,2340,1428,846,370,73,4,6342,492,643,788,831,1025,1254,759,405,126,18,1,5724,426,529,694,704,873,1086,669,441,244,55,3
2017,07,읍면동,경기도 이천시 율면,2883,95,165,230,203,297,559,550,452,293,37,2,1445,51,75,127,124,179,301,264,215,98,10,1,1438,44,90,103,79,118,258,286,237,195,27,1
2017,07,읍면동,경기도 이천시 장호원읍,15715,1311,1687,1680,1885,2339,2703,1983,1344,698,76,9,7953,683,875,947,974,1230,1370,988,613,242,27,4,7762,628,812,733,911,1109,1333,995,731,456,49,5
2017,07,읍면동,경기도 이천시 중리동,14447,1218,1119,2340,2450,2113,2484,1497,849,326,49,2,7843,657,607,1398,1490,1124,1276,747,413,118,13,0,6604,561,512,942,960,989,1208,750,436,208,36,2
2017,07,읍면동,경기도 이천시 증포동,48839,6923,7836,5669,7982,9900,6316,2307,1289,551,63,3,24275,3535,4124,2896,3782,4775,3339,1137,508,164,14,1,24564,3388,3712,2773,4200,5125,2977,1170,781,387,49,2
2017,07,읍면동,경기도 이천시 창전동,18571,1328,1912,2971,2626,2982,3342,1953,1044,376,33,4,9171,671,989,1563,1406,1431,1560,960,454,131,6,0,9400,657,923,1408,1220,1551,1782,993,590,245,27,4
2017,07,읍면동,경기도 이천시 호법면,5953,447,446,679,737,857,1101,817,562,262,44,1,3143,240,253,368,425,510,592,409,257,79,10,0,2810,207,193,311,312,347,509,408,305,183,34,1
2017,07,시군,경기도 파주시 ,432876,47212,48537,53016,67305,77352,63627,37657,25971,10587,1452,160,219702,24126,25112,27765,35512,40089,33337,18232,11293,3816,376,44,213174,23086,23425,25251,31793,37263,30290,19425,14678,6771,1076,116
2017,07,읍면동,경기도 파주시 광탄면,12250,584,859,1525,1218,1620,2664,1806,1239,622,98,15,6581,316,451,898,718,934,1487,982,568,201,21,5,5669,268,408,627,500,686,1177,824,671,421,77,10
2017,07,읍면동,경기도 파주시 교하동,42633,5141,5885,4337,6458,9011,5756,3188,1897,834,112,14,21543,2650,3107,2298,3116,4594,3099,1556,829,271,21,2,21090,2491,2778,2039,3342,4417,2657,1632,1068,563,91,12
2017,07,읍면동,경기도 파주시 금촌1동,23411,1575,1943,3535,3443,3692,4264,2547,1640,665,97,10,12286,794,1038,1934,1977,2025,2292,1264,697,233,28,4,11125,781,905,1601,1466,1667,1972,1283,943,432,69,6
2017,07,읍면동,경기도 파주시 금촌2동,35800,4722,4873,4251,6104,6891,4528,2208,1551,581,83,8,17621,2444,2512,2047,3113,3374,2300,989,619,204,18,1,18179,2278,2361,2204,2991,3517,2228,1219,932,377,65,7
2017,07,읍면동,경기도 파주시 금촌3동,28868,3170,3276,3932,4628,4808,4331,2415,1598,630,78,2,14770,1614,1745,2049,2498,2454,2257,1181,710,238,24,0,14098,1556,1531,1883,2130,2354,2074,1234,888,392,54,2
2017,07,읍면동,경기도 파주시 문산읍,50836,6292,4849,6365,9323,7713,6848,4314,3454,1469,188,21,25920,3192,2530,3279,5180,4123,3493,2027,1468,562,57,9,24916,3100,2319,3086,4143,3590,3355,2287,1986,907,131,12
2017,07,읍면동,경기도 파주시 법원읍,11832,585,1020,1376,1157,1696,2411,1692,1269,541,77,8,6225,303,576,784,676,954,1302,865,559,181,23,2,5607,282,444,592,481,742,1109,827,710,360,54,6
2017,07,읍면동,경기도 파주시 운정1동,44982,6335,5884,4737,7565,9108,5829,3007,1806,626,79,6,22045,3218,2921,2359,3581,4562,2926,1447,800,210,20,1,22937,3117,2963,2378,3984,4546,2903,1560,1006,416,59,5
2017,07,읍면동,경기도 파주시 운정2동,38714,5538,5455,3665,6365,8169,4606,2506,1716,617,75,2,18841,2805,2777,1806,3018,4063,2279,1115,712,245,20,1,19873,2733,2678,1859,3347,4106,2327,1391,1004,372,55,1
2017,07,읍면동,경기도 파주시 운정3동,59751,8215,7647,6156,10089,12284,7702,4012,2603,927,112,4,29171,4190,3883,3086,4746,6167,3823,1801,1112,340,23,0,30580,4025,3764,3070,5343,6117,3879,2211,1491,587,89,4
2017,07,읍면동,경기도 파주시 월롱면,12200,278,389,4570,2682,1103,1391,940,552,258,35,2,7494,148,206,2478,2273,712,826,516,246,85,4,0,4706,130,183,2092,409,391,565,424,306,173,31,2
2017,07,읍면동,경기도 파주시 장단출장소,614,37,43,74,56,87,117,83,89,26,2,0,308,14,22,33,35,55,63,33,41,11,1,0,306,23,21,41,21,32,54,50,48,15,1,0
2017,07,읍면동,경기도 파주시 적성면,7924,694,654,922,986,994,1404,1040,860,325,43,2,4158,361,360,526,541,562,759,524,392,124,9,0,3766,333,294,396,445,432,645,516,468,201,34,2
2017,07,읍면동,경기도 파주시 조리읍,31140,2240,3425,3868,3491,5242,5868,3597,2314,941,144,10,15739,1126,1725,2093,1841,2635,3100,1779,1051,342,43,4,15401,1114,1700,1775,1650,2607,2768,1818,1263,599,101,6
2017,07,읍면동,경기도 파주시 진동면,171,8,8,3,12,22,31,39,33,13,2,0,94,2,4,2,7,12,20,20,20,6,1,0,77,6,4,1,5,10,11,19,13,7,1,0
2017,07,읍면동,경기도 파주시 탄현면,14069,970,1195,1654,1883,2520,2389,1634,1188,544,88,4,7567,514,646,911,1110,1425,1350,825,554,207,25,0,6502,456,549,743,773,1095,1039,809,634,337,63,4
2017,07,읍면동,경기도 파주시 파주읍,13603,689,881,1599,1577,1937,2607,1959,1527,698,87,42,7232,365,477,921,935,1162,1472,971,630,261,26,12,6371,324,404,678,642,775,1135,988,897,437,61,30
2017,07,읍면동,경기도 파주시 파평면,4078,139,251,447,268,455,881,670,635,270,52,10,2107,70,132,261,147,276,489,337,285,95,12,3,1971,69,119,186,121,179,392,333,350,175,40,7
2017,07,시군,경기도 평택시 ,477175,47823,53534,62254,73516,86292,75012,40611,25720,10795,1412,206,244207,24504,27777,33642,39009,45131,39342,19609,11063,3683,384,63,232968,23319,25757,28612,34507,41161,35670,21002,14657,7112,1028,143
2017,07,읍면동,경기도 평택시 고덕면,11271,1124,1036,1441,1575,1835,1888,1191,789,342,45,5,5894,562,566,826,835,999,1030,609,351,107,8,1,5377,562,470,615,740,836,858,582,438,235,37,4
2017,07,읍면동,경기도 평택시 비전1동,50007,6108,6268,6600,9330,9581,6789,2993,1597,651,81,9,25328,3163,3235,3365,4865,4834,3508,1434,691,212,19,2,24679,2945,3033,3235,4465,4747,3281,1559,906,439,62,7
2017,07,읍면동,경기도 평택시 비전2동,59972,6849,8108,8145,9309,11608,8871,3878,2206,874,110,14,30148,3547,4256,4247,4643,5681,4585,1861,972,332,22,2,29824,3302,3852,3898,4666,5927,4286,2017,1234,542,88,12
2017,07,읍면동,경기도 평택시 서정동,30115,2227,3270,4423,4207,5418,5227,2755,1817,676,79,16,15119,1157,1696,2362,2257,2729,2617,1253,780,232,29,7,14996,1070,1574,2061,1950,2689,2610,1502,1037,444,50,9
2017,07,읍면동,경기도 평택시 서탄면,4070,208,274,424,471,551,806,635,463,215,22,1,2210,101,159,236,288,340,469,330,206,78,3,0,1860,107,115,188,183,211,337,305,257,137,19,1
2017,07,읍면동,경기도 평택시 세교동,21957,1869,2825,3278,2717,4084,3867,1710,1101,440,62,4,11123,965,1473,1783,1423,1994,2017,828,463,155,21,1,10834,904,1352,1495,1294,2090,1850,882,638,285,41,3
2017,07,읍면동,경기도 평택시 송북동,23241,2128,2572,3218,3257,4060,4085,2041,1254,532,86,8,11521,1054,1343,1684,1618,2067,2071,974,503,176,27,4,11720,1074,1229,1534,1639,1993,2014,1067,751,356,59,4
2017,07,읍면동,경기도 평택시 송탄동,15630,1994,1764,1792,2516,3013,2468,1109,634,293,41,6,8147,1039,895,972,1275,1637,1346,574,305,93,9,2,7483,955,869,820,1241,1376,1122,535,329,200,32,4
2017,07,읍면동,경기도 평택시 신장1동,6650,662,485,811,1134,1082,1042,725,482,186,32,9,3188,338,255,405,593,591,477,284,168,65,7,5,3462,324,230,406,541,491,565,441,314,121,25,4
2017,07,읍면동,경기도 평택시 신장2동,6441,276,449,785,728,955,1255,926,717,292,40,18,3165,141,221,433,393,542,625,415,282,96,9,8,3276,135,228,352,335,413,630,511,435,196,31,10
2017,07,읍면동,경기도 평택시 신평동,24623,1615,2477,3950,3447,4173,4422,2417,1496,556,60,10,12333,811,1305,2053,1884,2030,2216,1161,647,210,13,3,12290,804,1172,1897,1563,2143,2206,1256,849,346,47,7
2017,07,읍면동,경기도 평택시 안중읍,42253,4940,6403,4833,6337,8834,5513,2741,1775,752,116,9,21455,2458,3265,2621,3211,4534,3021,1338,736,240,30,1,20798,2482,3138,2212,3126,4300,2492,1403,1039,512,86,8
2017,07,읍면동,경기도 평택시 오성면,7231,462,620,832,732,1034,1439,964,726,372,46,4,3763,226,322,468,417,590,783,485,322,122,27,1,3468,236,298,364,315,444,656,479,404,250,19,3
2017,07,읍면동,경기도 평택시 원평동,12407,984,1000,1858,1932,1935,2149,1303,858,329,45,14,6341,504,533,995,1076,995,1124,598,390,111,10,5,6066,480,467,863,856,940,1025,705,468,218,35,9
2017,07,읍면동,경기도 평택시 중앙동,46167,4440,6300,6505,6214,8995,7375,3333,2034,848,109,14,23192,2273,3212,3543,3177,4440,3794,1619,820,277,31,6,22975,2167,3088,2962,3037,4555,3581,1714,1214,571,78,8
2017,07,읍면동,경기도 평택시 지산동,11508,947,1059,1918,2099,2021,1623,974,621,215,27,4,5907,484,540,1039,1163,1053,820,475,256,73,3,1,5601,463,519,879,936,968,803,499,365,142,24,3
2017,07,읍면동,경기도 평택시 진위면,12459,849,1039,1706,1772,1988,2213,1488,964,395,39,6,6614,429,535,951,1039,1104,1202,758,461,129,5,1,5845,420,504,755,733,884,1011,730,503,266,34,5
2017,07,읍면동,경기도 평택시 청북읍,25621,4815,2418,2151,6116,4126,2665,1742,996,502,86,4,13465,2535,1238,1183,3122,2423,1423,878,482,154,27,0,12156,2280,1180,968,2994,1703,1242,864,514,348,59,4
2017,07,읍면동,경기도 평택시 통복동,4409,192,355,537,439,722,904,679,420,139,20,2,2235,95,187,305,252,371,454,327,192,48,4,0,2174,97,168,232,187,351,450,352,228,91,16,2
2017,07,읍면동,경기도 평택시 팽성읍,29041,1961,2116,3224,3520,4644,5519,3848,2792,1230,147,40,14791,991,1099,1837,1979,2591,2876,1763,1144,453,45,13,14250,970,1017,1387,1541,2053,2643,2085,1648,777,102,27
2017,07,읍면동,경기도 평택시 포승읍,26117,2933,2287,3225,5127,4864,3743,2086,1207,569,69,7,15117,1515,1231,1981,3178,3105,2235,1099,557,195,21,0,11000,1418,1056,1244,1949,1759,1508,987,650,374,48,7
2017,07,읍면동,경기도 평택시 현덕면,5985,240,409,598,537,769,1149,1073,771,387,50,2,3151,116,211,353,321,481,649,546,335,125,14,0,2834,124,198,245,216,288,500,527,436,262,36,2
2017,07,시군,경기도 포천시 ,153436,11259,15440,18609,16970,24529,30343,18508,11945,5050,725,58,80644,5831,8124,10394,9246,13232,16772,9835,5219,1768,204,19,72792,5428,7316,8215,7724,11297,13571,8673,6726,3282,521,39
2017,07,읍면동,경기도 포천시 가산면,8154,294,582,893,722,1280,2061,1219,689,359,54,1,4697,145,311,514,460,782,1291,735,326,122,11,0,3457,149,271,379,262,498,770,484,363,237,43,1
2017,07,읍면동,경기도 포천시 관인면,3109,103,191,304,184,331,663,583,533,188,26,3,1600,45,90,174,107,192,364,297,249,71,8,3,1509,58,101,130,77,139,299,286,284,117,18,0
2017,07,읍면동,경기도 포천시 군내면,6435,304,470,689,583,864,1474,1030,660,317,42,2,3518,161,254,396,356,496,855,585,293,111,10,1,2917,143,216,293,227,368,619,445,367,206,32,1
2017,07,읍면동,경기도 포천시 내촌면,5053,185,304,565,420,739,1251,787,536,239,26,1,2878,87,169,345,269,465,744,462,233,94,10,0,2175,98,135,220,151,274,507,325,303,145,16,1
2017,07,읍면동,경기도 포천시 선단동,14628,939,1443,1935,1705,2649,3128,1609,811,367,39,3,7788,533,733,1053,943,1439,1748,869,351,114,4,1,6840,406,710,882,762,1210,1380,740,460,253,35,2
2017,07,읍면동,경기도 포천시 소흘읍,46639,3993,6059,6050,5416,8733,8776,4134,2346,979,145,8,23764,2021,3181,3185,2726,4376,4758,2130,1017,329,40,1,22875,1972,2878,2865,2690,4357,4018,2004,1329,650,105,7
2017,07,읍면동,경기도 포천시 신북면,13343,1023,1256,1598,1545,1996,2678,1755,998,422,67,5,7168,547,654,900,838,1142,1524,947,458,138,19,1,6175,476,602,698,707,854,1154,808,540,284,48,4
2017,07,읍면동,경기도 포천시 영북면,9272,816,612,1078,1170,1100,1620,1255,1072,453,82,14,4841,407,329,655,657,659,844,639,453,169,25,4,4431,409,283,423,513,441,776,616,619,284,57,10
2017,07,읍면동,경기도 포천시 영중면,5390,275,407,516,426,710,1181,912,701,226,33,3,2908,143,213,295,247,438,674,501,301,83,12,1,2482,132,194,221,179,272,507,411,400,143,21,2
2017,07,읍면동,경기도 포천시 이동면,6564,653,516,803,906,783,1044,882,665,271,39,2,3512,334,279,531,518,452,568,434,288,94,14,0,3052,319,237,272,388,331,476,448,377,177,25,2
2017,07,읍면동,경기도 포천시 일동면,10509,837,946,1118,1197,1457,1834,1518,1052,474,71,5,5458,439,505,644,680,808,965,778,444,167,25,3,5051,398,441,474,517,649,869,740,608,307,46,2
2017,07,읍면동,경기도 포천시 창수면,2335,64,151,217,157,281,509,440,377,125,12,2,1302,36,92,141,102,173,285,239,172,56,6,0,1033,28,59,76,55,108,224,201,205,69,6,2
2017,07,읍면동,경기도 포천시 포천동,19319,1587,2331,2577,2213,3304,3596,1959,1195,472,76,9,9775,837,1233,1400,1157,1639,1864,968,497,160,16,4,9544,750,1098,1177,1056,1665,1732,991,698,312,60,5
2017,07,읍면동,경기도 포천시 화현면,2686,186,172,266,326,302,528,425,310,158,13,0,1435,96,81,161,186,171,288,251,137,60,4,0,1251,90,91,105,140,131,240,174,173,98,9,0
2017,07,시군,경기도 하남시 ,222549,24840,20358,26472,38329,37675,35277,23944,10983,3892,698,81,111995,12724,10477,13741,19288,19704,17473,11917,5288,1208,157,18,110554,12116,9881,12731,19041,17971,17804,12027,5695,2684,541,63
2017,07,읍면동,경기도 하남시 감북동,3985,181,259,477,513,580,896,602,337,119,16,5,2224,103,144,278,306,339,509,328,166,46,4,1,1761,78,115,199,207,241,387,274,171,73,12,4
2017,07,읍면동,경기도 하남시 덕풍1동,17620,1272,1570,2463,2663,2740,3261,2190,1063,334,57,7,8882,654,835,1300,1436,1382,1551,1081,526,103,13,1,8738,618,735,1163,1227,1358,1710,1109,537,231,44,6
2017,07,읍면동,경기도 하남시 덕풍2동,20576,1310,1723,2989,3011,3089,3959,2704,1242,463,81,5,10341,684,887,1580,1654,1536,1981,1318,561,123,17,0,10235,626,836,1409,1357,1553,1978,1386,681,340,64,5
2017,07,읍면동,경기도 하남시 덕풍3동,27328,2611,3097,3320,3869,4981,4502,2942,1393,518,86,9,13583,1344,1615,1730,1936,2498,2183,1444,656,158,18,1,13745,1267,1482,1590,1933,2483,2319,1498,737,360,68,8
2017,07,읍면동,경기도 하남시 미사1동,21580,3648,2073,2016,4489,4022,2501,1806,728,253,42,2,10795,1901,1048,1027,2138,2176,1185,879,356,74,10,1,10785,1747,1025,989,2351,1846,1316,927,372,179,32,1
2017,07,읍면동,경기도 하남시 미사2동,38778,6845,3544,3320,8504,7403,4322,3013,1292,450,84,1,19258,3520,1824,1669,3961,3982,2103,1465,618,102,14,0,19520,3325,1720,1651,4543,3421,2219,1548,674,348,70,1
2017,07,읍면동,경기도 하남시 신장1동,6742,385,523,1039,1081,1011,1298,839,397,144,20,5,3505,184,290,562,646,540,649,416,166,46,5,1,3237,201,233,477,435,471,649,423,231,98,15,4
2017,07,읍면동,경기도 하남시 신장2동,43437,3958,4341,5286,6787,7014,7214,5257,2583,850,138,9,21566,1993,2244,2742,3437,3501,3478,2550,1270,313,38,0,21871,1965,2097,2544,3350,3513,3736,2707,1313,537,100,9
2017,07,읍면동,경기도 하남시 위례동,17101,2305,1431,2545,3340,2905,2734,1282,398,126,34,1,8390,1166,671,1261,1553,1486,1336,658,214,34,10,1,8711,1139,760,1284,1787,1419,1398,624,184,92,24,0
2017,07,읍면동,경기도 하남시 천현동,8079,510,525,1006,1167,1165,1567,1295,575,223,37,9,4359,248,271,540,701,701,843,690,282,75,6,2,3720,262,254,466,466,464,724,605,293,148,31,7
2017,07,읍면동,경기도 하남시 초이동,3836,190,248,458,467,605,856,563,312,117,20,0,2199,113,121,256,292,375,522,319,153,46,2,0,1637,77,127,202,175,230,334,244,159,71,18,0
2017,07,읍면동,경기도 하남시 춘궁동,3975,182,236,466,496,586,836,648,357,138,23,7,2241,100,138,259,305,367,485,358,169,52,7,1,1734,82,98,207,191,219,351,290,188,86,16,6
2017,07,읍면동,경기도 하남시 풍산동,9512,1443,788,1087,1942,1574,1331,803,306,157,60,21,4652,714,389,537,923,821,648,411,151,36,13,9,4860,729,399,550,1019,753,683,392,155,121,47,12
2017,07,시군,경기도 화성시 ,668256,93191,79197,75329,126743,126651,84171,45623,25279,10595,1389,88,345395,47599,40630,39830,65258,68282,45700,22794,11382,3577,314,29,322861,45592,38567,35499,61485,58369,38471,22829,13897,7018,1075,59
2017,07,읍면동,경기도 화성시 기배동,14599,1926,2141,1499,2256,3023,1920,1069,556,179,29,1,7442,996,1150,758,1088,1581,1006,540,259,59,5,0,7157,930,991,741,1168,1442,914,529,297,120,24,1
2017,07,읍면동,경기도 화성시 남양읍,30682,3342,2961,3664,5355,5109,4933,2882,1608,719,107,2,16521,1745,1535,2082,3006,2908,2734,1501,721,267,22,0,14161,1597,1426,1582,2349,2201,2199,1381,887,452,85,2
2017,07,읍면동,경기도 화성시 동탄1동,53810,8407,7802,6722,11233,11504,5087,1827,881,302,42,3,27222,4309,4034,3312,5477,5861,2846,866,403,102,11,1,26588,4098,3768,3410,5756,5643,2241,961,478,200,31,2
2017,07,읍면동,경기도 화성시 동탄2동,37701,6000,6399,3506,6142,8870,4009,1570,858,305,41,1,18599,3030,3260,1801,2716,4465,2151,724,349,95,8,0,19102,2970,3139,1705,3426,4405,1858,846,509,210,33,1
2017,07,읍면동,경기도 화성시 동탄3동,43908,8185,5736,4420,10447,8713,3303,1793,958,306,45,2,21953,4157,2969,2128,5192,4531,1710,743,410,104,9,0,21955,4028,2767,2292,5255,4182,1593,1050,548,202,36,2
2017,07,읍면동,경기도 화성시 동탄4동,81739,16354,9836,7692,19707,16332,6948,3086,1253,464,65,2,40741,8365,4919,3681,9368,8605,3659,1439,544,146,15,0,40998,7989,4917,4011,10339,7727,3289,1647,709,318,50,2
2017,07,읍면동,경기도 화성시 동탄면,12809,2337,915,1456,3719,1829,1326,713,331,155,27,1,6693,1197,486,729,2011,1000,678,378,159,51,4,0,6116,1140,429,727,1708,829,648,335,172,104,23,1
2017,07,읍면동,경기도 화성시 마도면,6718,366,465,730,763,1004,1416,977,667,290,36,4,3820,200,253,443,485,637,834,522,332,109,4,1,2898,166,212,287,278,367,582,455,335,181,32,3
2017,07,읍면동,경기도 화성시 매송면,8176,576,656,1013,943,1263,1578,1086,729,299,31,2,4285,298,347,567,515,714,858,556,316,104,9,1,3891,278,309,446,428,549,720,530,413,195,22,1
2017,07,읍면동,경기도 화성시 반월동,31197,5417,3679,3838,6699,5500,3715,1512,555,243,37,2,15821,2766,1883,1977,3340,2826,1914,761,268,76,9,1,15376,2651,1796,1861,3359,2674,1801,751,287,167,28,1
2017,07,읍면동,경기도 화성시 병점1동,29287,3798,3730,3963,5473,5535,3578,1859,991,323,37,0,14725,1961,1890,2039,2753,2816,1853,894,411,98,10,0,14562,1837,1840,1924,2720,2719,1725,965,580,225,27,0
2017,07,읍면동,경기도 화성시 병점2동,26496,3753,4495,2619,4440,5923,2734,1387,786,322,37,0,12951,1908,2249,1290,2123,2935,1432,602,301,106,5,0,13545,1845,2246,1329,2317,2988,1302,785,485,216,32,0
2017,07,읍면동,경기도 화성시 봉담읍,74047,9798,9651,8202,12149,14800,10185,5312,2760,1019,161,10,37429,4848,4903,4349,5963,7778,5333,2635,1272,310,33,5,36618,4950,4748,3853,6186,7022,4852,2677,1488,709,128,5
2017,07,읍면동,경기도 화성시 비봉면,5876,276,394,605,586,779,1302,933,623,336,41,1,3258,134,213,369,369,468,768,534,280,115,7,1,2618,142,181,236,217,311,534,399,343,221,34,0
2017,07,읍면동,경기도 화성시 서신면,7068,238,360,609,587,926,1690,1311,834,444,61,8,3897,128,193,369,361,599,963,694,391,176,20,3,3171,110,167,240,226,327,727,617,443,268,41,5
2017,07,읍면동,경기도 화성시 송산면,11237,635,895,1135,1040,1628,2273,1693,1222,620,87,9,5975,325,466,674,598,975,1256,860,572,228,21,0,5262,310,429,461,442,653,1017,833,650,392,66,9
2017,07,읍면동,경기도 화성시 양감면,4220,157,226,446,448,570,1016,680,436,220,20,1,2492,82,128,273,304,396,641,382,202,81,3,0,1728,75,98,173,144,174,375,298,234,139,17,1
2017,07,읍면동,경기도 화성시 우정읍,18110,1397,1650,1995,2197,2941,3349,2276,1478,736,86,5,9697,718,805,1199,1250,1772,1835,1171,669,256,19,3,8413,679,845,796,947,1169,1514,1105,809,480,67,2
2017,07,읍면동,경기도 화성시 장안면,10706,576,748,1084,1118,1587,2254,1660,1098,518,58,5,6054,315,395,657,703,1020,1355,881,511,197,16,4,4652,261,353,427,415,567,899,779,587,321,42,1
2017,07,읍면동,경기도 화성시 정남면,12087,654,968,1416,1439,1957,2510,1567,994,509,66,7,6858,362,507,855,922,1217,1499,854,459,166,16,1,5229,292,461,561,517,740,1011,713,535,343,50,6
2017,07,읍면동,경기도 화성시 진안동,36629,4244,3518,6062,8476,6314,4195,2187,1162,396,74,1,19563,2211,1825,3194,4879,3531,2193,1066,510,133,20,1,17066,2033,1693,2868,3597,2783,2002,1121,652,263,54,0
2017,07,읍면동,경기도 화성시 팔탄면,10431,480,581,1224,1237,1705,2423,1453,842,429,47,10,6211,266,300,802,815,1149,1491,832,391,151,12,2,4220,214,281,422,422,556,932,621,451,278,35,8
2017,07,읍면동,경기도 화성시 향남읍,77561,11875,8911,8575,16724,14566,8651,4558,2553,1029,113,6,41028,6049,4616,4673,9080,8184,4697,2237,1148,315,25,4,36533,5826,4295,3902,7644,6382,3954,2321,1405,714,88,2
2017,07,읍면동,경기도 화성시 화산동,23162,2400,2480,2854,3565,4273,3776,2232,1104,432,41,5,12160,1229,1304,1609,1940,2314,1994,1122,504,132,11,1,11002,1171,1176,1245,1625,1959,1782,1110,600,300,30,4
2017,06,도,경기도  ,12783741,1240394,1423176,1700372,1944396,2305930,2057438,1145539,659590,266614,37039,3253,6430216,636482,735791,889807,989383,1168068,1054100,564233,291749,90766,9027,810,6353525,603912,687385,810565,955013,1137862,1003338,581306,367841,175848,28012,2443
2017,06,시군,경기도 가평군 ,62645,4138,5509,6251,6433,8825,11827,9535,6655,3030,405,37,32037,2119,2881,3543,3379,4786,6194,4887,3011,1116,106,15,30608,2019,2628,2708,3054,4039,5633,4648,3644,1914,299,22
2017,06,읍면동,경기도 가평군 가평읍,19690,1385,1964,2217,1981,3024,3588,2561,1960,884,115,11,10039,708,1059,1228,1034,1623,1870,1280,880,319,35,3,9651,677,905,989,947,1401,1718,1281,1080,565,80,8
2017,06,읍면동,경기도 가평군 북면,3968,197,216,285,337,454,828,771,562,280,34,4,2029,94,123,165,189,277,421,395,250,104,9,2,1939,103,93,120,148,177,407,376,312,176,25,2
2017,06,읍면동,경기도 가평군 상면,5500,205,465,548,392,654,1164,1012,694,318,44,4,2765,108,185,314,213,354,634,506,329,112,7,3,2735,97,280,234,179,300,530,506,365,206,37,1
2017,06,읍면동,경기도 가평군 설악면,9108,604,876,773,869,1154,1782,1521,964,503,58,4,4615,303,443,432,445,607,927,802,450,192,12,2,4493,301,433,341,424,547,855,719,514,311,46,2
2017,06,읍면동,경기도 가평군 조종면,9979,880,753,1075,1275,1323,1783,1425,989,405,64,7,5275,461,381,666,675,724,957,787,450,153,18,3,4704,419,372,409,600,599,826,638,539,252,46,4
2017,06,읍면동,경기도 가평군 청평면,14400,867,1235,1353,1579,2216,2682,2245,1486,640,90,7,7314,445,690,738,823,1201,1385,1117,652,236,25,2,7086,422,545,615,756,1015,1297,1128,834,404,65,5
2017,06,시군,경기도 고양시 ,1041375,90928,118792,146178,142065,195146,177510,86772,55685,24829,3222,248,511587,46756,61302,74496,69153,94424,89730,42753,23314,8735,865,59,529788,44172,57490,71682,72912,100722,87780,44019,32371,16094,2357,189
2017,06,구,경기도 고양시 덕양구 ,447308,40553,45311,60130,64353,79957,76046,41548,26910,10871,1470,159,221937,20841,23433,30932,32161,40060,38646,20231,11451,3773,376,33,225371,19712,21878,29198,32192,39897,37400,21317,15459,7098,1094,126
2017,06,읍면동,경기도 고양시 덕양구 고양동,32984,3174,3722,3690,4548,6219,4980,3553,2165,815,105,13,16555,1667,1909,1976,2257,3201,2594,1676,939,307,26,3,16429,1507,1813,1714,2291,3018,2386,1877,1226,508,79,10
2017,06,읍면동,경기도 고양시 덕양구 관산동,35339,2686,3188,4283,4818,5890,6458,4259,2659,906,162,30,17916,1379,1713,2251,2538,3135,3284,2110,1189,274,37,6,17423,1307,1475,2032,2280,2755,3174,2149,1470,632,125,24
2017,06,읍면동,경기도 고양시 덕양구 능곡동,19494,1437,1757,2672,2468,3269,3857,2140,1314,491,77,12,9942,786,944,1419,1263,1683,2016,1064,584,167,15,1,9552,651,813,1253,1205,1586,1841,1076,730,324,62,11
2017,06,읍면동,경기도 고양시 덕양구 대덕동,3120,233,239,352,420,492,630,375,259,98,19,3,1711,123,119,198,235,292,373,213,116,35,6,1,1409,110,120,154,185,200,257,162,143,63,13,2
2017,06,읍면동,경기도 고양시 덕양구 성사1동,24768,2055,2305,3370,3302,4489,4450,2466,1567,662,92,10,12221,1056,1207,1750,1614,2319,2241,1176,602,227,28,1,12547,999,1098,1620,1688,2170,2209,1290,965,435,64,9
2017,06,읍면동,경기도 고양시 덕양구 성사2동,12284,960,1290,1581,1666,2089,2103,1209,943,395,48,0,6005,487,685,824,858,994,1002,607,395,141,12,0,6279,473,605,757,808,1095,1101,602,548,254,36,0
2017,06,읍면동,경기도 고양시 덕양구 신도동,19612,2254,1232,2508,3692,2943,3042,2065,1324,485,57,10,9601,1156,642,1244,1836,1514,1440,993,601,162,9,4,10011,1098,590,1264,1856,1429,1602,1072,723,323,48,6
2017,06,읍면동,경기도 고양시 덕양구 원신동,20309,2886,1483,2394,3887,3208,3094,1918,992,382,58,7,9878,1469,736,1196,1910,1603,1431,926,460,134,12,1,10431,1417,747,1198,1977,1605,1663,992,532,248,46,6
2017,06,읍면동,경기도 고양시 덕양구 주교동,17377,907,1803,2459,1872,3053,3547,1913,1243,505,70,5,8913,489,977,1333,1014,1581,1891,938,503,162,23,2,8464,418,826,1126,858,1472,1656,975,740,343,47,3
2017,06,읍면동,경기도 고양시 덕양구 창릉동,13292,1699,1186,1445,2271,2243,1974,1437,720,264,44,9,6700,862,604,725,1075,1222,1029,731,342,105,4,1,6592,837,582,720,1196,1021,945,706,378,159,40,8
2017,06,읍면동,경기도 고양시 덕양구 행신1동,24108,2097,2620,3457,3302,4385,4284,2024,1334,533,69,3,11777,1055,1332,1750,1644,2137,2135,983,538,184,18,1,12331,1042,1288,1707,1658,2248,2149,1041,796,349,51,2
2017,06,읍면동,경기도 고양시 덕양구 행신2동,35159,3028,3851,5407,5398,6371,5923,2524,1780,767,103,7,17418,1596,1987,2790,2725,3035,3058,1238,711,247,30,1,17741,1432,1864,2617,2673,3336,2865,1286,1069,520,73,6
2017,06,읍면동,경기도 고양시 덕양구 행신3동,49802,4106,6229,7164,5921,9794,8816,3805,2644,1162,153,8,24252,2095,3137,3660,2927,4636,4470,1830,1075,375,47,0,25550,2011,3092,3504,2994,5158,4346,1975,1569,787,106,8
2017,06,읍면동,경기도 고양시 덕양구 행주동,21533,1175,1764,3241,2949,3606,4373,2286,1433,636,64,6,11059,606,914,1739,1631,1893,2316,1149,598,203,9,1,10474,569,850,1502,1318,1713,2057,1137,835,433,55,5
2017,06,읍면동,경기도 고양시 덕양구 화전동,5864,523,430,724,858,788,948,812,528,206,32,15,3163,278,221,417,479,449,557,424,241,81,11,5,2701,245,209,307,379,339,391,388,287,125,21,10
2017,06,읍면동,경기도 고양시 덕양구 화정1동,40819,2905,4782,6426,4950,7655,7143,3213,2486,1111,141,7,19792,1487,2453,3172,2414,3571,3657,1526,1031,434,46,1,21027,1418,2329,3254,2536,4084,3486,1687,1455,677,95,6
2017,06,읍면동,경기도 고양시 덕양구 화정2동,35305,3560,4565,4627,4956,7477,5355,2269,1675,744,77,0,17233,1826,2393,2341,2294,3599,2721,1090,676,277,16,0,18072,1734,2172,2286,2662,3878,2634,1179,999,467,61,0
2017,06,읍면동,경기도 고양시 덕양구 효자동,2467,223,139,282,365,336,417,336,227,102,29,11,1296,116,81,148,193,189,223,176,105,44,17,4,1171,107,58,134,172,147,194,160,122,58,12,7
2017,06,읍면동,경기도 고양시 덕양구 흥도동,33672,4645,2726,4048,6710,5650,4652,2944,1617,607,70,3,16505,2308,1379,1999,3254,3007,2208,1381,745,214,10,0,17167,2337,1347,2049,3456,2643,2444,1563,872,393,60,3
2017,06,구,경기도 고양시 일산동구 ,293553,23608,34234,43812,40000,56258,50859,23109,13964,6744,921,44,143365,12215,17649,22020,19151,26738,25514,11617,5828,2364,253,16,150188,11393,16585,21792,20849,29520,25345,11492,8136,4380,668,28
2017,06,읍면동,경기도 고양시 일산동구 고봉동,20186,1480,1652,2576,2629,3409,4009,2414,1365,563,87,2,10591,771,874,1420,1431,1870,2115,1309,613,174,13,1,9595,709,778,1156,1198,1539,1894,1105,752,389,74,1
2017,06,읍면동,경기도 고양시 일산동구 마두1동,26382,1802,3952,4260,2538,5125,4889,1927,1157,652,72,8,12821,914,2049,2139,1163,2341,2489,979,504,227,13,3,13561,888,1903,2121,1375,2784,2400,948,653,425,59,5
2017,06,읍면동,경기도 고양시 일산동구 마두2동,17393,1488,2591,2418,1760,3444,3012,1158,880,563,78,1,8260,762,1304,1227,728,1554,1520,595,334,208,28,0,9133,726,1287,1191,1032,1890,1492,563,546,355,50,1
2017,06,읍면동,경기도 고양시 일산동구 백석1동,33215,2666,3773,5198,5413,6210,5559,2389,1327,596,79,5,16013,1371,1965,2537,2688,2838,2661,1186,527,221,17,2,17202,1295,1808,2661,2725,3372,2898,1203,800,375,62,3
2017,06,읍면동,경기도 고양시 일산동구 백석2동,22080,1250,1742,3537,4132,4353,3603,1767,1100,519,74,3,10675,666,907,1646,2053,2115,1787,886,425,166,23,1,11405,584,835,1891,2079,2238,1816,881,675,353,51,2
2017,06,읍면동,경기도 고양시 일산동구 식사동,32891,3929,4684,4225,3986,7161,5151,2082,1115,497,59,2,16068,2025,2350,2145,1650,3443,2731,1067,465,165,26,1,16823,1904,2334,2080,2336,3718,2420,1015,650,332,33,1
2017,06,읍면동,경기도 고양시 일산동구 장항1동,3099,157,164,344,347,438,772,525,251,78,19,4,1750,84,83,196,187,284,454,284,142,30,5,1,1349,73,81,148,160,154,318,241,109,48,14,3
2017,06,읍면동,경기도 고양시 일산동구 장항2동,27146,1670,2035,4564,5377,5494,4281,1813,1191,632,87,2,13196,847,1054,2185,2555,2672,2176,914,501,253,39,0,13950,823,981,2379,2822,2822,2105,899,690,379,48,2
2017,06,읍면동,경기도 고양시 일산동구 정발산동,26929,1953,3040,4511,3526,4776,4764,2309,1366,597,83,4,13055,999,1567,2313,1752,2205,2295,1116,574,209,22,3,13874,954,1473,2198,1774,2571,2469,1193,792,388,61,1
2017,06,읍면동,경기도 고양시 일산동구 중산동,44586,3277,5411,6858,5032,8088,8414,3727,2374,1210,187,8,21713,1718,2845,3546,2447,3742,4116,1841,987,420,48,3,22873,1559,2566,3312,2585,4346,4298,1886,1387,790,139,5
2017,06,읍면동,경기도 고양시 일산동구 풍산동,39646,3936,5190,5321,5260,7760,6405,2998,1838,837,96,5,19223,2058,2651,2666,2497,3674,3170,1440,756,291,19,1,20423,1878,2539,2655,2763,4086,3235,1558,1082,546,77,4
2017,06,구,경기도 고양시 일산서구 ,300514,26767,39247,42236,37712,58931,50605,22115,14811,7214,831,45,146285,13700,20220,21544,17841,27626,25570,10905,6035,2598,236,10,154229,13067,19027,20692,19871,31305,25035,11210,8776,4616,595,35
2017,06,읍면동,경기도 고양시 일산서구 대화동,32827,2144,3493,5973,4585,5696,5818,2663,1590,763,97,5,15878,1097,1849,2915,2297,2633,2840,1282,662,273,29,1,16949,1047,1644,3058,2288,3063,2978,1381,928,490,68,4
2017,06,읍면동,경기도 고양시 일산서구 송산동,49045,5343,6662,5876,6405,10211,7698,3677,2193,853,119,8,24273,2710,3349,3114,2977,5015,3991,1853,925,310,26,3,24772,2633,3313,2762,3428,5196,3707,1824,1268,543,93,5
2017,06,읍면동,경기도 고양시 일산서구 송포동,17896,1565,2475,2347,1939,3560,3097,1464,989,423,35,2,8918,813,1281,1268,904,1650,1636,740,449,169,8,0,8978,752,1194,1079,1035,1910,1461,724,540,254,27,2
2017,06,읍면동,경기도 고양시 일산서구 일산1동,30103,2844,3545,4242,4053,5502,5112,2417,1645,652,82,9,14688,1432,1808,2186,1966,2588,2550,1178,701,259,19,1,15415,1412,1737,2056,2087,2914,2562,1239,944,393,63,8
2017,06,읍면동,경기도 고양시 일산서구 일산2동,20792,1393,2113,3178,2407,3609,4296,1978,1203,557,55,3,10244,683,1122,1604,1206,1754,2165,988,507,193,22,0,10548,710,991,1574,1201,1855,2131,990,696,364,33,3
2017,06,읍면동,경기도 고양시 일산서구 일산3동,38315,3276,6675,5330,3794,8582,6340,2193,1272,763,87,3,18572,1681,3408,2740,1693,3838,3264,1146,514,262,26,0,19743,1595,3267,2590,2101,4744,3076,1047,758,501,61,3
2017,06,읍면동,경기도 고양시 일산서구 주엽1동,30030,2524,3974,3963,3680,5850,4868,2269,1761,1035,100,6,14252,1259,2074,1994,1678,2691,2369,1107,664,382,33,1,15778,1265,1900,1969,2002,3159,2499,1162,1097,653,67,5
2017,06,읍면동,경기도 고양시 일산서구 주엽2동,31362,2553,3857,4277,3727,5829,5284,2497,2025,1155,151,7,14792,1304,1955,2153,1761,2621,2591,1205,755,398,45,4,16570,1249,1902,2124,1966,3208,2693,1292,1270,757,106,3
2017,06,읍면동,경기도 고양시 일산서구 탄현동,50144,5125,6453,7050,7122,10092,8092,2957,2133,1013,105,2,24668,2721,3374,3570,3359,4836,4164,1406,858,352,28,0,25476,2404,3079,3480,3763,5256,3928,1551,1275,661,77,2
2017,06,시군,경기도 과천시 ,58722,4623,7215,8166,7126,10376,10283,5667,3312,1641,271,42,28625,2371,3751,4296,3506,4867,5060,2761,1392,551,65,5,30097,2252,3464,3870,3620,5509,5223,2906,1920,1090,206,37
2017,06,읍면동,경기도 과천시 갈현동,11942,1303,1661,1478,1428,2440,1890,912,569,219,36,6,5823,648,851,791,610,1189,957,456,238,76,7,0,6119,655,810,687,818,1251,933,456,331,143,29,6
2017,06,읍면동,경기도 과천시 과천동,9523,713,735,1250,1667,1522,1566,1177,630,224,37,2,4901,366,371,681,946,806,761,579,305,78,8,0,4622,347,364,569,721,716,805,598,325,146,29,2
2017,06,읍면동,경기도 과천시 문원동,8061,715,1033,918,1020,1509,1270,823,527,200,37,9,3873,374,542,462,503,719,616,372,222,54,8,1,4188,341,491,456,517,790,654,451,305,146,29,8
2017,06,읍면동,경기도 과천시 별양동,11465,713,1548,1817,1089,1941,2194,1081,611,403,58,10,5452,356,830,937,507,831,1083,518,237,138,14,1,6013,357,718,880,582,1110,1111,563,374,265,44,9
2017,06,읍면동,경기도 과천시 부림동,10739,745,1421,1590,1199,1904,2026,938,539,329,45,3,5220,387,734,842,615,862,998,456,209,104,13,0,5519,358,687,748,584,1042,1028,482,330,225,32,3
2017,06,읍면동,경기도 과천시 중앙동,6992,434,817,1113,723,1060,1337,736,436,266,58,12,3356,240,423,583,325,460,645,380,181,101,15,3,3636,194,394,530,398,600,692,356,255,165,43,9
2017,06,시군,경기도 광명시 ,334481,31424,37191,42712,51948,60279,53487,32950,16954,6566,860,110,165624,16159,19187,22407,25895,30092,26390,15881,7340,2062,189,22,168857,15265,18004,20305,26053,30187,27097,17069,9614,4504,671,88
2017,06,읍면동,경기도 광명시 광명1동,14256,932,1367,2063,2065,2308,2473,1665,974,368,38,3,7125,500,735,1135,1104,1148,1181,788,380,146,8,0,7131,432,632,928,961,1160,1292,877,594,222,30,3
2017,06,읍면동,경기도 광명시 광명2동,11204,643,960,1560,1601,1772,2058,1450,840,284,33,3,5502,317,472,808,866,894,1009,644,381,99,12,0,5702,326,488,752,735,878,1049,806,459,185,21,3
2017,06,읍면동,경기도 광명시 광명3동,10268,522,746,1501,1492,1599,1924,1406,788,255,30,5,4991,265,389,774,775,789,930,622,347,89,9,2,5277,257,357,727,717,810,994,784,441,166,21,3
2017,06,읍면동,경기도 광명시 광명4동,15199,1020,1179,2115,2497,2359,2622,1989,1051,295,56,16,7419,521,592,1100,1281,1146,1247,951,464,104,9,4,7780,499,587,1015,1216,1213,1375,1038,587,191,47,12
2017,06,읍면동,경기도 광명시 광명5동,15655,1278,1581,1927,2454,2733,2560,1751,960,369,37,5,7770,640,830,1038,1269,1400,1233,829,417,108,5,1,7885,638,751,889,1185,1333,1327,922,543,261,32,4
2017,06,읍면동,경기도 광명시 광명6동,15501,1471,1585,2002,2332,2655,2601,1674,827,302,45,7,7658,718,805,1027,1156,1357,1274,841,374,92,13,1,7843,753,780,975,1176,1298,1327,833,453,210,32,6
2017,06,읍면동,경기도 광명시 광명7동,21005,1492,2211,2957,3067,3318,3728,2517,1229,425,56,5,10579,741,1157,1593,1630,1688,1812,1237,572,138,11,0,10426,751,1054,1364,1437,1630,1916,1280,657,287,45,5
2017,06,읍면동,경기도 광명시 소하1동,32659,3926,4368,3663,4663,6436,4848,2873,1302,499,66,15,16111,2022,2266,1938,2137,3193,2394,1403,600,140,15,3,16548,1904,2102,1725,2526,3243,2454,1470,702,359,51,12
2017,06,읍면동,경기도 광명시 소하2동,33573,3371,3692,4369,5065,5855,5390,3356,1758,622,84,11,16928,1759,1880,2392,2554,3049,2686,1613,770,203,18,4,16645,1612,1812,1977,2511,2806,2704,1743,988,419,66,7
2017,06,읍면동,경기도 광명시 철산1동,13927,1474,1783,1805,2151,2715,2128,1088,531,220,32,0,6872,753,910,936,1029,1327,1071,527,239,74,6,0,7055,721,873,869,1122,1388,1057,561,292,146,26,0
2017,06,읍면동,경기도 광명시 철산2동,16259,994,1565,2578,2540,2742,3068,1613,801,325,30,3,8272,520,838,1346,1346,1365,1608,787,357,93,11,1,7987,474,727,1232,1194,1377,1460,826,444,232,19,2
2017,06,읍면동,경기도 광명시 철산3동,37330,3895,4927,4887,5302,7096,5966,3180,1383,598,87,9,18443,2028,2532,2546,2476,3423,2944,1635,629,205,24,1,18887,1867,2395,2341,2826,3673,3022,1545,754,393,63,8
2017,06,읍면동,경기도 광명시 철산4동,14678,1479,1439,1886,2779,2623,2129,1430,677,212,23,1,7343,750,776,981,1421,1330,1044,684,281,72,4,0,7335,729,663,905,1358,1293,1085,746,396,140,19,1
2017,06,읍면동,경기도 광명시 하안1동,27883,3312,3470,3283,4053,5514,4351,2311,1072,436,75,6,13996,1721,1774,1783,1914,2801,2204,1185,477,124,12,1,13887,1591,1696,1500,2139,2713,2147,1126,595,312,63,5
2017,06,읍면동,경기도 광명시 하안2동,15803,1665,1619,1724,3352,3021,2005,1233,721,407,48,8,7587,848,815,832,1697,1511,936,553,279,105,9,2,8216,817,804,892,1655,1510,1069,680,442,302,39,6
2017,06,읍면동,경기도 광명시 하안3동,22889,2306,2532,2553,3868,4219,3258,2165,1297,609,77,5,10919,1196,1304,1248,1922,2057,1594,954,464,165,15,0,11970,1110,1228,1305,1946,2162,1664,1211,833,444,62,5
2017,06,읍면동,경기도 광명시 하안4동,14004,1548,2033,1607,2386,3037,1856,826,480,206,24,1,6808,810,1041,795,1162,1450,929,390,180,46,5,0,7196,738,992,812,1224,1587,927,436,300,160,19,1
2017,06,읍면동,경기도 광명시 학온동,2388,96,134,232,281,277,522,423,263,134,19,7,1301,50,71,135,156,164,294,238,129,59,3,2,1087,46,63,97,125,113,228,185,134,75,16,5
2017,06,시군,경기도 광주시 ,334798,34538,33561,39247,56823,58890,54184,33824,16792,5963,908,68,172028,17731,17409,20641,29759,31279,27853,17103,7956,2090,188,19,162770,16807,16152,18606,27064,27611,26331,16721,8836,3873,720,49
2017,06,읍면동,경기도 광주시 경안동,41027,4006,4476,5338,6366,7426,6933,3809,1904,661,96,12,20926,2072,2332,2775,3296,3827,3611,1895,870,228,15,5,20101,1934,2144,2563,3070,3599,3322,1914,1034,433,81,7
2017,06,읍면동,경기도 광주시 곤지암읍,23327,1788,2289,2813,3108,4120,4447,2614,1410,620,100,18,12388,944,1195,1556,1657,2265,2447,1396,673,225,26,4,10939,844,1094,1257,1451,1855,2000,1218,737,395,74,14
2017,06,읍면동,경기도 광주시 광남동,45493,5057,5036,5052,7482,8619,7066,4448,1999,638,94,2,23325,2563,2642,2616,3829,4569,3617,2243,1000,226,19,1,22168,2494,2394,2436,3653,4050,3449,2205,999,412,75,1
2017,06,읍면동,경기도 광주시 남종면,1610,56,98,124,136,191,329,318,244,99,15,0,829,25,52,62,75,111,176,167,117,38,6,0,781,31,46,62,61,80,153,151,127,61,9,0
2017,06,읍면동,경기도 광주시 남한산성면,2905,241,229,265,270,481,522,446,281,137,31,2,1519,115,119,143,147,279,288,241,130,50,7,0,1386,126,110,122,123,202,234,205,151,87,24,2
2017,06,읍면동,경기도 광주시 도척면,9053,684,685,965,1099,1436,1751,1328,716,324,62,3,4953,370,372,554,627,847,988,720,333,130,11,1,4100,314,313,411,472,589,763,608,383,194,51,2
2017,06,읍면동,경기도 광주시 송정동,58739,5882,5951,7558,9536,10554,10084,5571,2589,873,130,11,29734,2984,2986,3994,4962,5458,5027,2830,1156,307,28,2,29005,2898,2965,3564,4574,5096,5057,2741,1433,566,102,9
2017,06,읍면동,경기도 광주시 오포읍,96114,11188,8275,11457,20535,16015,13836,8866,4294,1421,215,12,48944,5723,4274,5880,10879,8456,6809,4324,2074,473,47,5,47170,5465,4001,5577,9656,7559,7027,4542,2220,948,168,7
2017,06,읍면동,경기도 광주시 초월읍,42746,4468,5374,4542,6576,7828,6786,4123,2194,759,93,3,22362,2329,2833,2420,3401,4228,3701,2142,1031,260,17,0,20384,2139,2541,2122,3175,3600,3085,1981,1163,499,76,3
2017,06,읍면동,경기도 광주시 퇴촌면,13784,1168,1148,1133,1715,2220,2430,2301,1161,431,72,5,7048,606,604,641,886,1239,1189,1145,572,153,12,1,6736,562,544,492,829,981,1241,1156,589,278,60,4
2017,06,시군,경기도 구리시 ,195339,16824,21426,27179,27954,35297,34018,18285,10173,3614,510,59,97151,8651,11059,14043,14004,17245,17222,9054,4499,1235,121,18,98188,8173,10367,13136,13950,18052,16796,9231,5674,2379,389,41
2017,06,읍면동,경기도 구리시 갈매동,15259,1966,1051,1829,3289,2193,2322,1598,719,252,40,0,7554,990,519,933,1694,1089,1083,818,347,74,7,0,7705,976,532,896,1595,1104,1239,780,372,178,33,0
2017,06,읍면동,경기도 구리시 교문1동,17575,1060,1484,2354,2480,2928,3458,2095,1228,405,61,22,9029,562,750,1279,1334,1546,1797,1027,563,144,19,8,8546,498,734,1075,1146,1382,1661,1068,665,261,42,14
2017,06,읍면동,경기도 구리시 교문2동,24126,2281,3363,3160,3039,4704,3936,2075,1101,408,55,4,11730,1135,1718,1630,1398,2202,1965,1022,501,146,12,1,12396,1146,1645,1530,1641,2502,1971,1053,600,262,43,3
2017,06,읍면동,경기도 구리시 동구동,41104,3959,5177,5748,5566,7887,6910,3154,1903,703,91,6,20288,2053,2687,2955,2717,3715,3502,1595,793,251,19,1,20816,1906,2490,2793,2849,4172,3408,1559,1110,452,72,5
2017,06,읍면동,경기도 구리시 수택1동,22334,1321,1993,3478,3014,3661,4503,2532,1301,463,62,6,11113,724,1004,1757,1587,1798,2272,1259,553,144,14,1,11221,597,989,1721,1427,1863,2231,1273,748,319,48,5
2017,06,읍면동,경기도 구리시 수택2동,26318,1595,2710,4104,3482,4375,5024,2855,1531,557,75,10,13126,830,1417,2106,1840,2168,2530,1363,674,181,15,2,13192,765,1293,1998,1642,2207,2494,1492,857,376,60,8
2017,06,읍면동,경기도 구리시 수택3동,23599,2273,2856,3016,3572,4843,3687,1850,1046,393,58,5,11921,1149,1519,1603,1732,2429,1938,935,458,144,12,2,11678,1124,1337,1413,1840,2414,1749,915,588,249,46,3
2017,06,읍면동,경기도 구리시 인창동,25024,2369,2792,3490,3512,4706,4178,2126,1344,433,68,6,12390,1208,1445,1780,1702,2298,2135,1035,610,151,23,3,12634,1161,1347,1710,1810,2408,2043,1091,734,282,45,3
2017,06,시군,경기도 군포시 ,283311,27178,31172,39063,44124,49785,47411,24371,13226,6096,841,44,140763,13924,16127,20224,22457,24364,23484,12190,5644,2118,219,12,142548,13254,15045,18839,21667,25421,23927,12181,7582,3978,622,32
2017,06,읍면동,경기도 군포시 광정동,26829,2459,3309,3648,3802,5064,4206,2077,1276,850,133,5,13008,1275,1707,1859,1838,2421,2081,1022,492,285,27,1,13821,1184,1602,1789,1964,2643,2125,1055,784,565,106,4
2017,06,읍면동,경기도 군포시 군포1동,34548,2634,3354,5177,5182,5911,6449,3447,1677,628,81,8,18124,1353,1811,2815,2949,3064,3345,1798,749,223,14,3,16424,1281,1543,2362,2233,2847,3104,1649,928,405,67,5
2017,06,읍면동,경기도 군포시 군포2동,56640,6532,6852,7764,8778,10112,9366,4270,2013,810,134,9,28254,3397,3454,4041,4358,4903,4687,2181,919,278,34,2,28386,3135,3398,3723,4420,5209,4679,2089,1094,532,100,7
2017,06,읍면동,경기도 군포시 궁내동,22354,2362,3588,2675,2605,4879,3314,1444,922,499,65,1,10902,1221,1826,1390,1181,2278,1697,724,377,186,22,0,11452,1141,1762,1285,1424,2601,1617,720,545,313,43,1
2017,06,읍면동,경기도 군포시 금정동,19279,1249,1604,3052,2912,3137,3748,2202,985,337,46,7,9958,646,836,1595,1624,1667,1871,1155,458,93,10,3,9321,603,768,1457,1288,1470,1877,1047,527,244,36,4
2017,06,읍면동,경기도 군포시 대야동,10069,1040,1064,1256,1352,1857,1751,975,528,221,22,3,5159,541,565,690,678,938,902,501,254,79,10,1,4910,499,499,566,674,919,849,474,274,142,12,2
2017,06,읍면동,경기도 군포시 산본1동,18720,1193,1300,2943,3017,2687,3636,2165,1196,502,76,5,9326,578,684,1563,1688,1366,1731,1036,510,150,20,0,9394,615,616,1380,1329,1321,1905,1129,686,352,56,5
2017,06,읍면동,경기도 군포시 산본2동,29770,3213,3330,4206,4499,5069,5084,2496,1213,568,91,1,14493,1651,1709,2145,2129,2391,2460,1258,518,213,19,0,15277,1562,1621,2061,2370,2678,2624,1238,695,355,72,1
2017,06,읍면동,경기도 군포시 수리동,18921,1731,2054,2401,2965,3228,3086,1598,1158,624,73,3,9091,848,1088,1159,1477,1536,1517,737,450,253,25,1,9830,883,966,1242,1488,1692,1569,861,708,371,48,2
2017,06,읍면동,경기도 군포시 오금동,24527,2842,2745,2895,4771,4454,3382,1749,1108,523,58,0,12077,1454,1444,1472,2344,2193,1623,865,469,197,16,0,12450,1388,1301,1423,2427,2261,1759,884,639,326,42,0
2017,06,읍면동,경기도 군포시 재궁동,21654,1923,1972,3046,4241,3387,3389,1948,1150,534,62,2,10371,960,1003,1495,2191,1607,1570,913,448,161,22,1,11283,963,969,1551,2050,1780,1819,1035,702,373,40,1
2017,06,시군,경기도 김포시 ,377536,46667,40570,40584,62909,68861,55209,34448,19719,7483,1040,46,189621,23872,20892,21035,30753,35908,28557,16727,8988,2619,257,13,187915,22795,19678,19549,32156,32953,26652,17721,10731,4864,783,33
2017,06,읍면동,경기도 김포시 고촌읍,26195,2794,2517,2857,3875,4571,4259,3112,1540,575,85,10,13233,1476,1307,1517,1880,2389,2124,1582,741,201,15,1,12962,1318,1210,1340,1995,2182,2135,1530,799,374,70,9
2017,06,읍면동,경기도 김포시 구래동,36864,6906,2902,3051,9360,6108,3640,2805,1577,457,57,1,18061,3491,1451,1432,4521,3326,1686,1222,751,166,15,0,18803,3415,1451,1619,4839,2782,1954,1583,826,291,42,1
2017,06,읍면동,경기도 김포시 김포본동,52084,4580,6870,6993,6371,9826,8869,4565,2795,1053,152,10,25731,2275,3623,3568,3087,4711,4588,2255,1193,382,47,2,26353,2305,3247,3425,3284,5115,4281,2310,1602,671,105,8
2017,06,읍면동,경기도 김포시 대곶면,10129,413,678,1082,970,1544,2393,1606,941,427,74,1,5792,216,376,637,596,1000,1453,876,456,164,18,0,4337,197,302,445,374,544,940,730,485,263,56,1
2017,06,읍면동,경기도 김포시 사우동,21688,1578,2400,3185,2831,3974,3854,2048,1288,471,58,1,10879,823,1282,1626,1511,1926,2015,976,544,164,12,0,10809,755,1118,1559,1320,2048,1839,1072,744,307,46,1
2017,06,읍면동,경기도 김포시 양촌읍,26554,2585,2327,2770,4125,4425,4641,3091,1777,698,107,8,13972,1292,1209,1526,2250,2533,2519,1585,804,217,33,4,12582,1293,1118,1244,1875,1892,2122,1506,973,481,74,4
2017,06,읍면동,경기도 김포시 운양동,26226,5148,2447,2100,6182,4926,2728,1697,697,258,43,0,12963,2662,1258,1054,2793,2667,1319,777,344,78,11,0,13263,2486,1189,1046,3389,2259,1409,920,353,180,32,0
2017,06,읍면동,경기도 김포시 월곶면,5710,211,323,576,522,739,1300,1065,625,297,49,3,3155,108,168,363,322,457,736,583,305,102,10,1,2555,103,155,213,200,282,564,482,320,195,39,2
2017,06,읍면동,경기도 김포시 장기동,47562,7625,5352,4619,9449,9360,5402,3234,1834,612,75,0,23306,3875,2673,2290,4469,4840,2681,1456,803,207,12,0,24256,3750,2679,2329,4980,4520,2721,1778,1031,405,63,0
2017,06,읍면동,경기도 김포시 장기본동,36272,5808,4827,3166,6783,7571,3815,2417,1366,450,68,1,17722,2949,2429,1562,3106,3863,1894,1094,651,160,14,0,18550,2859,2398,1604,3677,3708,1921,1323,715,290,54,1
2017,06,읍면동,경기도 김포시 통진읍,27472,2237,2649,3521,3536,4558,5216,3030,1793,839,91,2,14484,1144,1383,2033,1954,2508,2808,1560,781,296,15,2,12988,1093,1266,1488,1582,2050,2408,1470,1012,543,76,0
2017,06,읍면동,경기도 김포시 풍무동,52042,6414,6690,5680,8104,10141,7164,4325,2493,901,124,6,25615,3342,3419,2865,3803,5025,3632,2031,1147,316,34,1,26427,3072,3271,2815,4301,5116,3532,2294,1346,585,90,5
2017,06,읍면동,경기도 김포시 하성면,8738,368,588,984,801,1118,1928,1453,993,445,57,3,4708,219,314,562,461,663,1102,730,468,166,21,2,4030,149,274,422,340,455,826,723,525,279,36,1
2017,06,시군,경기도 남양주시 ,664044,69589,77537,77478,95136,124368,103559,63412,37495,13496,1814,160,331639,35773,39994,40288,46372,63214,53155,30649,16934,4773,446,41,332405,33816,37543,37190,48764,61154,50404,32763,20561,8723,1368,119
2017,06,읍면동,경기도 남양주시 금곡동,21625,1261,1787,3174,2789,3119,4488,2690,1562,678,66,11,11013,649,965,1730,1540,1602,2248,1338,691,224,21,5,10612,612,822,1444,1249,1517,2240,1352,871,454,45,6
2017,06,읍면동,경기도 남양주시 도농동,38563,3625,4439,5258,5347,6641,6202,4041,2130,764,103,13,18757,1848,2180,2718,2527,3179,3009,1975,1009,284,26,2,19806,1777,2259,2540,2820,3462,3193,2066,1121,480,77,11
2017,06,읍면동,경기도 남양주시 별내동,67522,9306,6047,8399,13125,11185,9838,5897,2631,949,140,5,33108,4708,3018,4254,6335,5599,4703,2940,1226,294,30,1,34414,4598,3029,4145,6790,5586,5135,2957,1405,655,110,4
2017,06,읍면동,경기도 남양주시 별내면,20950,1680,2373,2519,2440,3845,3429,2391,1598,586,77,12,10447,887,1239,1277,1234,1925,1775,1146,703,234,24,3,10503,793,1134,1242,1206,1920,1654,1245,895,352,53,9
2017,06,읍면동,경기도 남양주시 수동면,9368,471,951,912,809,1329,1826,1551,956,455,101,7,4966,268,566,515,446,727,986,805,471,152,25,5,4402,203,385,397,363,602,840,746,485,303,76,2
2017,06,읍면동,경기도 남양주시 양정동,5064,242,285,606,614,661,1119,884,462,161,23,7,2809,117,142,348,361,407,642,483,234,72,3,0,2255,125,143,258,253,254,477,401,228,89,20,7
2017,06,읍면동,경기도 남양주시 오남읍,54947,5707,7404,6012,7111,11441,8163,4711,3182,1076,133,7,27497,2971,3817,3108,3412,5887,4318,2209,1388,352,33,2,27450,2736,3587,2904,3699,5554,3845,2502,1794,724,100,5
2017,06,읍면동,경기도 남양주시 와부읍,68803,6448,8627,8081,8601,13423,10783,6723,4390,1469,236,22,33982,3277,4434,4182,4114,6553,5557,3157,2059,570,73,6,34821,3171,4193,3899,4487,6870,5226,3566,2331,899,163,16
2017,06,읍면동,경기도 남양주시 조안면,4428,267,317,468,474,626,901,728,435,186,24,2,2311,144,162,247,246,352,487,385,213,71,3,1,2117,123,155,221,228,274,414,343,222,115,21,1
2017,06,읍면동,경기도 남양주시 지금동,19258,1979,2284,2223,2813,3750,2998,1873,942,329,56,11,9495,1001,1201,1131,1354,1888,1482,904,411,113,6,4,9763,978,1083,1092,1459,1862,1516,969,531,216,50,7
2017,06,읍면동,경기도 남양주시 진건읍,27054,1620,2688,3897,3016,4249,5681,3134,1896,752,107,14,13993,854,1413,2105,1613,2200,3104,1594,815,267,28,0,13061,766,1275,1792,1403,2049,2577,1540,1081,485,79,14
2017,06,읍면동,경기도 남양주시 진접읍,95871,11530,11812,9958,13889,18700,14189,8652,5116,1814,200,11,48449,5977,6132,5277,6675,9791,7394,4147,2333,667,52,4,47422,5553,5680,4681,7214,8909,6795,4505,2783,1147,148,7
2017,06,읍면동,경기도 남양주시 퇴계원면,32048,2592,3174,4677,4272,4980,6141,3527,1928,664,90,3,15993,1294,1642,2425,2211,2494,3014,1818,839,239,17,0,16055,1298,1532,2252,2061,2486,3127,1709,1089,425,73,3
2017,06,읍면동,경기도 남양주시 평내동,41290,4669,5925,4426,5966,8887,5603,3087,1926,712,83,6,20277,2364,3007,2261,2779,4419,2928,1454,815,232,18,0,21013,2305,2918,2165,3187,4468,2675,1633,1111,480,65,6
2017,06,읍면동,경기도 남양주시 호평동,50955,7027,6876,4916,8311,11029,5914,3647,2338,781,110,6,25008,3649,3526,2505,3826,5546,3026,1571,1055,279,23,2,25947,3378,3350,2411,4485,5483,2888,2076,1283,502,87,4
2017,06,읍면동,경기도 남양주시 화도읍,93938,9773,11453,10581,13433,18496,14318,8483,5315,1844,219,23,47197,5042,5965,5486,6617,9586,7505,3983,2337,619,51,6,46741,4731,5488,5095,6816,8910,6813,4500,2978,1225,168,17
2017,06,읍면동,경기도 남양주시 화도읍동부출장소,12360,1392,1095,1371,2126,2007,1966,1393,688,276,46,0,6337,723,585,719,1082,1059,977,740,335,104,13,0,6023,669,510,652,1044,948,989,653,353,172,33,0
2017,06,시군,경기도 동두천시 ,97619,8406,10058,11203,12456,16447,16314,10722,8255,3268,418,72,48572,4262,5173,5950,6351,8566,8471,5060,3409,1189,123,18,49047,4144,4885,5253,6105,7881,7843,5662,4846,2079,295,54
2017,06,읍면동,경기도 동두천시 보산동,3336,178,265,368,347,500,658,487,393,123,15,2,1604,88,144,205,173,262,335,214,147,33,3,0,1732,90,121,163,174,238,323,273,246,90,12,2
2017,06,읍면동,경기도 동두천시 불현동,27923,2447,3141,3460,3530,4717,4732,2820,2139,832,93,12,13746,1231,1545,1854,1785,2357,2420,1353,878,298,22,3,14177,1216,1596,1606,1745,2360,2312,1467,1261,534,71,9
2017,06,읍면동,경기도 동두천시 상패동,5486,301,337,578,571,844,1088,860,610,254,36,7,2876,158,175,321,325,480,612,428,275,87,13,2,2610,143,162,257,246,364,476,432,335,167,23,5
2017,06,읍면동,경기도 동두천시 생연1동,7382,585,683,854,941,1124,1353,867,687,257,28,3,3674,305,345,457,486,571,693,418,286,102,10,1,3708,280,338,397,455,553,660,449,401,155,18,2
2017,06,읍면동,경기도 동두천시 생연2동,12087,1047,1328,1245,1469,2086,1962,1323,1112,463,42,10,5977,550,732,638,721,1112,989,587,438,195,12,3,6110,497,596,607,748,974,973,736,674,268,30,7
2017,06,읍면동,경기도 동두천시 소요동,9179,547,597,1019,999,1326,1793,1365,1029,429,62,13,4750,269,321,585,536,750,978,662,473,158,15,3,4429,278,276,434,463,576,815,703,556,271,47,10
2017,06,읍면동,경기도 동두천시 송내동,26554,3105,3374,3039,4076,5072,3480,2092,1613,614,83,6,13039,1557,1730,1551,2004,2591,1766,948,648,216,25,3,13515,1548,1644,1488,2072,2481,1714,1144,965,398,58,3
2017,06,읍면동,경기도 동두천시 중앙동,5672,196,333,640,523,778,1248,908,672,296,59,19,2906,104,181,339,321,443,678,450,264,100,23,3,2766,92,152,301,202,335,570,458,408,196,36,16
2017,06,시군,경기도 부천시 ,849024,69717,84755,125823,130774,142509,153594,84245,39247,16024,2145,191,423524,35776,43740,65044,66977,71199,75860,42254,17244,4892,494,44,425500,33941,41015,60779,63797,71310,77734,41991,22003,11132,1651,147
2017,06,읍면동,경기도 부천시 고강1동,16402,1086,1627,2567,2108,2927,3155,1620,894,377,38,3,8195,525,850,1353,1107,1486,1593,791,362,116,11,1,8207,561,777,1214,1001,1441,1562,829,532,261,27,2
2017,06,읍면동,경기도 부천시 고강본동,30549,1996,3298,4189,4142,5560,5511,3198,1909,666,74,6,15414,1034,1713,2196,2241,2868,2774,1556,801,216,14,1,15135,962,1585,1993,1901,2692,2737,1642,1108,450,60,5
2017,06,읍면동,경기도 부천시 괴안동,22081,1694,2215,3265,3172,3672,3953,2284,1147,584,89,6,10873,870,1130,1711,1620,1807,1933,1118,474,182,26,2,11208,824,1085,1554,1552,1865,2020,1166,673,402,63,4
2017,06,읍면동,경기도 부천시 도당동,24334,1723,2682,3762,3218,4375,4863,2248,1052,373,36,2,12530,881,1426,1993,1711,2245,2563,1169,424,112,6,0,11804,842,1256,1769,1507,2130,2300,1079,628,261,30,2
2017,06,읍면동,경기도 부천시 범박동,35317,4703,3923,4045,6277,6046,5060,3186,1424,551,92,10,17491,2387,2003,2051,3020,3048,2501,1634,661,163,22,1,17826,2316,1920,1994,3257,2998,2559,1552,763,388,70,9
2017,06,읍면동,경기도 부천시 상1동,25950,2801,2643,3416,4982,4457,4060,2305,901,337,48,0,12792,1467,1350,1688,2484,2191,1874,1211,400,113,14,0,13158,1334,1293,1728,2498,2266,2186,1094,501,224,34,0
2017,06,읍면동,경기도 부천시 상2동,31960,3942,4364,4342,5224,6078,4972,1842,793,347,53,3,15695,1981,2289,2180,2447,2870,2566,940,314,98,8,2,16265,1961,2075,2162,2777,3208,2406,902,479,249,45,1
2017,06,읍면동,경기도 부천시 상3동,33299,3263,4851,5109,4077,6727,6114,1968,770,358,61,1,16562,1683,2471,2700,1835,3107,3240,1093,327,96,10,0,16737,1580,2380,2409,2242,3620,2874,875,443,262,51,1
2017,06,읍면동,경기도 부천시 상동,20287,1314,2081,3341,2642,3173,3997,2207,1011,444,70,7,10100,683,1128,1701,1321,1548,1949,1179,437,138,13,3,10187,631,953,1640,1321,1625,2048,1028,574,306,57,4
2017,06,읍면동,경기도 부천시 성곡동,44403,3200,5061,6650,5519,7829,8641,4235,2181,960,117,10,22396,1664,2586,3572,2847,3923,4401,2170,918,288,25,2,22007,1536,2475,3078,2672,3906,4240,2065,1263,672,92,8
2017,06,읍면동,경기도 부천시 소사동,9264,527,522,1224,1419,1332,1763,1402,754,256,59,6,4541,293,255,652,771,690,813,649,333,73,12,0,4723,234,267,572,648,642,950,753,421,183,47,6
2017,06,읍면동,경기도 부천시 소사본3동,33167,2824,3525,4773,4727,5195,6263,3651,1497,618,87,7,16297,1406,1778,2530,2355,2520,3039,1778,703,168,20,0,16870,1418,1747,2243,2372,2675,3224,1873,794,450,67,7
2017,06,읍면동,경기도 부천시 소사본동,24995,1632,1847,3708,3734,3656,4830,3307,1592,579,101,9,12548,828,933,1932,2020,1878,2357,1640,747,186,24,3,12447,804,914,1776,1714,1778,2473,1667,845,393,77,6
2017,06,읍면동,경기도 부천시 송내1동,24024,1960,2093,3680,3920,3666,4349,2680,1159,453,59,5,11906,1010,1099,1918,2002,1780,2081,1324,521,159,11,1,12118,950,994,1762,1918,1886,2268,1356,638,294,48,4
2017,06,읍면동,경기도 부천시 송내2동,28207,2487,2897,4206,4336,4726,4949,2790,1233,517,61,5,13993,1280,1546,2201,2177,2333,2349,1366,567,152,20,2,14214,1207,1351,2005,2159,2393,2600,1424,666,365,41,3
2017,06,읍면동,경기도 부천시 신흥동,19458,1216,1695,3048,2742,3321,4104,2038,911,329,45,9,10482,667,927,1660,1541,1874,2239,1073,386,107,7,1,8976,549,768,1388,1201,1447,1865,965,525,222,38,8
2017,06,읍면동,경기도 부천시 심곡1동,13582,796,1013,2123,2362,2157,2496,1579,729,287,38,2,7007,419,536,1099,1351,1125,1248,773,351,91,14,0,6575,377,477,1024,1011,1032,1248,806,378,196,24,2
2017,06,읍면동,경기도 부천시 심곡2동,18927,982,1076,3434,3833,3134,3114,1976,973,354,41,10,9830,492,527,1690,2141,1783,1621,975,465,123,11,2,9097,490,549,1744,1692,1351,1493,1001,508,231,30,8
2017,06,읍면동,경기도 부천시 심곡3동,13661,871,1261,2168,2024,2288,2712,1446,626,233,23,9,6998,450,676,1165,1114,1175,1360,720,255,74,6,3,6663,421,585,1003,910,1113,1352,726,371,159,17,6
2017,06,읍면동,경기도 부천시 심곡본1동,18627,1060,1464,2785,2857,2969,3563,2291,1162,420,46,10,9347,529,746,1468,1573,1526,1723,1097,525,150,7,3,9280,531,718,1317,1284,1443,1840,1194,637,270,39,7
2017,06,읍면동,경기도 부천시 심곡본동,18060,1134,1391,2530,2792,2871,3219,2339,1259,453,67,5,8973,606,732,1297,1478,1474,1508,1124,589,150,14,1,9087,528,659,1233,1314,1397,1711,1215,670,303,53,4
2017,06,읍면동,경기도 부천시 약대동,19304,1914,1799,2959,3327,3095,3594,1693,629,252,35,7,9733,997,923,1551,1685,1546,1758,896,286,78,10,3,9571,917,876,1408,1642,1549,1836,797,343,174,25,4
2017,06,읍면동,경기도 부천시 역곡1동,19608,1831,1778,2502,3288,3215,3217,2193,1075,441,62,6,9677,924,884,1263,1645,1695,1536,1086,491,137,16,0,9931,907,894,1239,1643,1520,1681,1107,584,304,46,6
2017,06,읍면동,경기도 부천시 역곡2동,20247,1767,1672,3006,3610,3253,3251,2157,1033,427,63,8,9967,884,847,1574,1808,1707,1524,1008,446,153,14,2,10280,883,825,1432,1802,1546,1727,1149,587,274,49,6
2017,06,읍면동,경기도 부천시 역곡3동,24461,1852,2010,3403,3987,3869,4188,2881,1543,645,73,10,12043,934,1021,1740,2091,1971,1990,1359,692,218,24,3,12418,918,989,1663,1896,1898,2198,1522,851,427,49,7
2017,06,읍면동,경기도 부천시 오정동,23378,2179,2244,3371,3745,3821,4232,2382,981,375,42,6,12098,1150,1216,1789,2024,1999,2132,1240,429,108,10,1,11280,1029,1028,1582,1721,1822,2100,1142,552,267,32,5
2017,06,읍면동,경기도 부천시 원미1동,18076,1290,1712,2706,2571,2982,3497,2053,884,324,51,6,9235,675,925,1426,1356,1554,1745,1022,401,112,16,3,8841,615,787,1280,1215,1428,1752,1031,483,212,35,3
2017,06,읍면동,경기도 부천시 원미2동,14028,892,1183,2015,1911,2218,2805,1819,847,301,34,3,7057,449,570,1066,1038,1136,1403,897,395,93,10,0,6971,443,613,949,873,1082,1402,922,452,208,24,3
2017,06,읍면동,경기도 부천시 원종1동,24194,1696,2432,3692,3270,4056,4690,2554,1252,487,60,5,12216,892,1256,1972,1737,2005,2348,1308,526,154,16,2,11978,804,1176,1720,1533,2051,2342,1246,726,333,44,3
2017,06,읍면동,경기도 부천시 원종2동,24447,1793,2811,3848,3217,4472,4623,1961,1147,510,63,2,12198,919,1428,1996,1686,2227,2364,991,435,143,9,0,12249,874,1383,1852,1531,2245,2259,970,712,367,54,2
2017,06,읍면동,경기도 부천시 중1동,35216,3025,3639,5734,6287,6249,6032,2652,1021,516,60,1,17061,1544,1834,2761,3046,2960,2894,1420,442,144,16,0,18155,1481,1805,2973,3241,3289,3138,1232,579,372,44,1
2017,06,읍면동,경기도 부천시 중2동,33204,2774,3593,5347,4947,5292,6229,3230,1153,555,83,1,16240,1469,1827,2715,2396,2487,2906,1735,531,155,19,0,16964,1305,1766,2632,2551,2805,3323,1495,622,400,64,1
2017,06,읍면동,경기도 부천시 중3동,25793,2356,2592,3856,4487,3991,4580,2238,1069,558,66,0,12392,1184,1317,1897,2206,1872,2204,1092,473,135,12,0,13401,1172,1275,1959,2281,2119,2376,1146,596,423,54,0
2017,06,읍면동,경기도 부천시 중4동,20428,1800,2054,2984,3818,3342,3427,1764,794,385,57,3,9738,895,1043,1462,1904,1538,1629,814,336,104,13,0,10690,905,1011,1522,1914,1804,1798,950,458,281,44,3
2017,06,읍면동,경기도 부천시 중동,25009,2222,2557,3859,3553,4263,4687,2371,1013,427,51,6,12297,1116,1347,1957,1760,2084,2252,1189,460,122,9,1,12712,1106,1210,1902,1793,2179,2435,1182,553,305,42,5
2017,06,읍면동,경기도 부천시 춘의동,15077,1115,1150,2176,2649,2232,2854,1705,829,325,40,2,7602,589,601,1118,1439,1167,1443,817,341,81,5,1,7475,526,549,1058,1210,1065,1411,888,488,244,35,1
2017,06,시군,경기도 성남시 ,973199,82126,101741,136843,153071,172866,157576,93680,51543,20202,3163,388,482392,42148,52436,69712,76891,85816,78969,45546,23144,6870,769,91,490807,39978,49305,67131,76180,87050,78607,48134,28399,13332,2394,297
2017,06,구,경기도 성남시 분당구 ,503437,47079,60341,69893,79188,94517,75173,41015,23486,10927,1748,70,244195,24166,31097,34684,37683,44439,37377,19908,10536,3848,447,10,259242,22913,29244,35209,41505,50078,37796,21107,12950,7079,1301,60
2017,06,읍면동,경기도 성남시 분당구 구미1동,18710,1509,2116,2940,2945,3426,2982,1438,858,425,71,0,9038,783,1099,1420,1410,1595,1485,708,359,163,16,0,9672,726,1017,1520,1535,1831,1497,730,499,262,55,0
2017,06,읍면동,경기도 성남시 분당구 구미동,33298,2637,3409,4735,5117,5892,5262,2992,1999,1055,190,10,16109,1352,1752,2394,2507,2738,2627,1401,884,406,48,0,17189,1285,1657,2341,2610,3154,2635,1591,1115,649,142,10
2017,06,읍면동,경기도 성남시 분당구 금곡동,30290,2338,2899,4374,5130,4969,4703,2990,1830,922,133,2,14353,1200,1477,2093,2474,2337,2226,1428,774,310,34,0,15937,1138,1422,2281,2656,2632,2477,1562,1056,612,99,2
2017,06,읍면동,경기도 성남시 분당구 백현동,29452,4040,3540,3841,5114,5162,4357,1994,922,425,53,4,14333,2115,1848,1859,2360,2461,2163,954,433,124,15,1,15119,1925,1692,1982,2754,2701,2194,1040,489,301,38,3
2017,06,읍면동,경기도 성남시 분당구 분당동,28115,2443,3444,4139,4089,5428,4244,2351,1282,595,95,5,13739,1273,1797,2072,1952,2570,2063,1157,601,223,29,2,14376,1170,1647,2067,2137,2858,2181,1194,681,372,66,3
2017,06,읍면동,경기도 성남시 분당구 삼평동,25756,3316,3282,3110,3990,5047,3816,1870,917,362,42,4,12548,1697,1683,1545,1815,2464,1881,923,422,109,8,1,13208,1619,1599,1565,2175,2583,1935,947,495,253,34,3
2017,06,읍면동,경기도 성남시 분당구 서현1동,32748,2847,4532,4654,4673,6643,4687,2308,1506,774,120,4,15766,1440,2322,2295,2135,3056,2409,1120,652,308,29,0,16982,1407,2210,2359,2538,3587,2278,1188,854,466,91,4
2017,06,읍면동,경기도 성남시 분당구 서현2동,19648,1650,2717,3027,2483,3841,3271,1459,744,395,58,3,9626,863,1389,1582,1185,1717,1646,748,348,136,11,1,10022,787,1328,1445,1298,2124,1625,711,396,259,47,2
2017,06,읍면동,경기도 성남시 분당구 수내1동,18160,1360,2470,2384,2648,3951,2464,1280,950,571,78,4,8714,689,1325,1204,1184,1784,1277,590,418,216,27,0,9446,671,1145,1180,1464,2167,1187,690,532,355,51,4
2017,06,읍면동,경기도 성남시 분당구 수내2동,10991,1154,2069,1116,991,2805,1413,718,459,224,41,1,5350,571,1050,591,408,1311,782,340,207,76,14,0,5641,583,1019,525,583,1494,631,378,252,148,27,1
2017,06,읍면동,경기도 성남시 분당구 수내3동,14993,1233,2630,2081,1815,3559,2079,916,452,186,41,1,7430,634,1370,1050,871,1693,1080,446,219,53,14,0,7563,599,1260,1031,944,1866,999,470,233,133,27,1
2017,06,읍면동,경기도 성남시 분당구 야탑1동,18501,1585,1591,2959,3274,2965,2855,1882,963,350,75,2,9065,771,819,1505,1586,1483,1349,950,451,129,22,0,9436,814,772,1454,1688,1482,1506,932,512,221,53,2
2017,06,읍면동,경기도 성남시 분당구 야탑2동,17698,1404,1971,2460,2514,2958,2766,1981,1121,456,64,3,8463,709,1008,1238,1157,1362,1310,983,530,152,14,0,9235,695,963,1222,1357,1596,1456,998,591,304,50,3
2017,06,읍면동,경기도 성남시 분당구 야탑3동,31530,2846,2757,4670,6221,4984,4969,2864,1502,602,109,6,15495,1464,1380,2406,3282,2445,2326,1378,626,171,16,1,16035,1382,1377,2264,2939,2539,2643,1486,876,431,93,5
2017,06,읍면동,경기도 성남시 분당구 운중동,20977,2414,2321,2593,3149,4006,3436,1914,725,349,70,0,10250,1212,1207,1279,1460,1937,1714,980,351,99,11,0,10727,1202,1114,1314,1689,2069,1722,934,374,250,59,0
2017,06,읍면동,경기도 성남시 분당구 이매1동,27369,2653,3668,3705,3909,5239,4121,2194,1250,534,92,4,13373,1368,1893,1891,1844,2453,2062,1101,559,178,24,0,13996,1285,1775,1814,2065,2786,2059,1093,691,356,68,4
2017,06,읍면동,경기도 성남시 분당구 이매2동,14507,1127,2044,2045,1499,2769,2352,1443,790,377,58,3,7104,605,1098,1059,656,1246,1197,726,370,132,15,0,7403,522,946,986,843,1523,1155,717,420,245,43,3
2017,06,읍면동,경기도 성남시 분당구 정자1동,31091,2316,3525,4632,5701,6003,4247,2309,1640,623,92,3,14714,1150,1780,2050,2585,2732,2212,1085,790,301,27,2,16377,1166,1745,2582,3116,3271,2035,1224,850,322,65,1
2017,06,읍면동,경기도 성남시 분당구 정자2동,17515,1278,1770,2297,3536,2930,2529,1433,1039,599,99,5,8260,677,948,1072,1814,1318,1238,629,378,154,31,1,9255,601,822,1225,1722,1612,1291,804,661,445,68,4
2017,06,읍면동,경기도 성남시 분당구 정자3동,16594,1562,2139,2271,2526,3173,2442,1173,800,442,66,0,7999,835,1066,1147,1213,1441,1203,560,347,167,20,0,8595,727,1073,1124,1313,1732,1239,613,453,275,46,0
2017,06,읍면동,경기도 성남시 분당구 정자동,21257,1862,2219,3339,4134,3618,2954,1829,915,332,53,2,10565,950,1126,1653,2157,1731,1474,890,442,128,14,0,10692,912,1093,1686,1977,1887,1480,939,473,204,39,2
2017,06,읍면동,경기도 성남시 분당구 판교동,24237,3505,3228,2521,3730,5149,3224,1677,822,329,48,4,11901,1808,1660,1279,1628,2565,1653,811,375,113,8,1,12336,1697,1568,1242,2102,2584,1571,866,447,216,40,3
2017,06,구,경기도 성남시 수정구 ,235898,17346,20239,33787,37428,39309,40666,26961,14565,4725,702,170,119732,8845,10443,17737,20033,20921,20502,12950,6515,1568,173,45,116166,8501,9796,16050,17395,18388,20164,14011,8050,3157,529,125
2017,06,읍면동,경기도 성남시 수정구 고등동,1761,97,69,208,274,229,356,315,154,45,14,0,927,48,33,124,149,137,187,150,77,17,5,0,834,49,36,84,125,92,169,165,77,28,9,0
2017,06,읍면동,경기도 성남시 수정구 단대동,16981,1464,1503,2364,2805,2756,2789,1856,1025,347,62,10,8440,770,805,1217,1463,1397,1346,852,453,120,14,3,8541,694,698,1147,1342,1359,1443,1004,572,227,48,7
2017,06,읍면동,경기도 성남시 수정구 복정동,12766,1274,906,2207,3762,2007,1191,879,371,137,28,4,6797,659,384,1149,2127,1224,605,411,185,43,9,1,5969,615,522,1058,1635,783,586,468,186,94,19,3
2017,06,읍면동,경기도 성남시 수정구 산성동,14462,1028,1283,1867,2216,2583,2379,1693,1038,309,42,24,7430,541,673,971,1199,1430,1220,788,476,111,12,9,7032,487,610,896,1017,1153,1159,905,562,198,30,15
2017,06,읍면동,경기도 성남시 수정구 수진1동,13779,608,1013,1828,1769,2338,2753,1922,1109,359,63,17,7062,320,534,975,1011,1247,1426,925,488,114,15,7,6717,288,479,853,758,1091,1327,997,621,245,48,10
2017,06,읍면동,경기도 성남시 수정구 수진2동,17954,1124,1477,2628,2646,2823,3303,2279,1257,350,52,15,9060,565,805,1365,1433,1461,1633,1070,583,128,14,3,8894,559,672,1263,1213,1362,1670,1209,674,222,38,12
2017,06,읍면동,경기도 성남시 수정구 시흥동,3308,239,198,408,550,446,568,522,264,95,16,2,1706,138,106,219,290,246,274,264,130,36,3,0,1602,101,92,189,260,200,294,258,134,59,13,2
2017,06,읍면동,경기도 성남시 수정구 신촌동,4690,641,451,695,932,748,522,426,193,71,11,0,2438,327,237,411,495,417,247,195,85,21,3,0,2252,314,214,284,437,331,275,231,108,50,8,0
2017,06,읍면동,경기도 성남시 수정구 신흥1동,14388,673,963,2100,2212,2406,2803,1835,1040,290,48,18,7417,341,502,1136,1239,1352,1431,870,439,91,13,3,6971,332,461,964,973,1054,1372,965,601,199,35,15
2017,06,읍면동,경기도 성남시 수정구 신흥2동,21062,1412,2133,2898,2938,3583,3923,2494,1209,396,62,14,10722,700,1113,1539,1561,1871,1989,1248,557,129,10,5,10340,712,1020,1359,1377,1712,1934,1246,652,267,52,9
2017,06,읍면동,경기도 성남시 수정구 신흥3동,11022,492,781,1655,1654,1879,2085,1399,815,218,37,7,5720,248,409,887,937,1056,1078,662,358,72,13,0,5302,244,372,768,717,823,1007,737,457,146,24,7
2017,06,읍면동,경기도 성남시 수정구 양지동,10537,785,1127,1392,1457,1838,1773,1194,711,230,26,4,5251,401,592,704,774,942,888,548,318,74,9,1,5286,384,535,688,683,896,885,646,393,156,17,3
2017,06,읍면동,경기도 성남시 수정구 위례동,29020,3655,2728,3946,4984,4792,4768,2635,1006,448,56,2,14239,1828,1355,2041,2320,2411,2302,1376,461,133,12,0,14781,1827,1373,1905,2664,2381,2466,1259,545,315,44,2
2017,06,읍면동,경기도 성남시 수정구 태평1동,17530,874,1186,2968,2903,2684,3023,2215,1229,394,44,10,8896,448,601,1488,1642,1475,1497,1053,544,136,11,1,8634,426,585,1480,1261,1209,1526,1162,685,258,33,9
2017,06,읍면동,경기도 성남시 수정구 태평2동,16594,954,1510,2476,2254,2874,3004,1950,1114,389,56,13,8381,522,779,1288,1226,1503,1512,923,480,132,11,5,8213,432,731,1188,1028,1371,1492,1027,634,257,45,8
2017,06,읍면동,경기도 성남시 수정구 태평3동,14980,932,1304,2117,2064,2578,2820,1742,1017,343,47,16,7607,435,694,1141,1105,1333,1486,844,437,116,13,3,7373,497,610,976,959,1245,1334,898,580,227,34,13
2017,06,읍면동,경기도 성남시 수정구 태평4동,15064,1094,1607,2030,2008,2745,2606,1605,1013,304,38,14,7639,554,821,1082,1062,1419,1381,771,444,95,6,4,7425,540,786,948,946,1326,1225,834,569,209,32,10
2017,06,구,경기도 성남시 중원구 ,233864,17701,21161,33163,36455,39040,41737,25704,13492,4550,713,148,118465,9137,10896,17291,19175,20456,21090,12688,6093,1454,149,36,115399,8564,10265,15872,17280,18584,20647,13016,7399,3096,564,112
2017,06,읍면동,경기도 성남시 중원구 금광1동,10625,683,838,1507,1666,1696,2114,1240,634,190,29,28,5570,371,417,795,918,923,1130,632,314,60,5,5,5055,312,421,712,748,773,984,608,320,130,24,23
2017,06,읍면동,경기도 성남시 중원구 금광2동,27801,1776,2550,4404,4207,4618,4892,3104,1626,537,76,11,13551,900,1229,2146,2110,2301,2428,1522,725,170,18,2,14250,876,1321,2258,2097,2317,2464,1582,901,367,58,9
2017,06,읍면동,경기도 성남시 중원구 도촌동,28027,3537,2882,3421,5037,4929,4107,2432,1150,445,86,1,13722,1800,1499,1775,2409,2513,1911,1144,525,133,13,0,14305,1737,1383,1646,2628,2416,2196,1288,625,312,73,1
2017,06,읍면동,경기도 성남시 중원구 상대원1동,28190,2187,2382,3932,4744,4802,5034,3068,1456,509,65,11,14591,1143,1208,2131,2577,2612,2571,1530,653,149,15,2,13599,1044,1174,1801,2167,2190,2463,1538,803,360,50,9
2017,06,읍면동,경기도 성남시 중원구 상대원2동,15820,860,1313,2206,2087,2690,3219,1972,1064,337,62,10,8160,456,664,1180,1151,1469,1686,983,465,94,11,1,7660,404,649,1026,936,1221,1533,989,599,243,51,9
2017,06,읍면동,경기도 성남시 중원구 상대원3동,13970,847,1224,2012,1984,2354,2774,1615,834,276,42,8,7269,452,652,1058,1112,1251,1443,839,378,74,7,3,6701,395,572,954,872,1103,1331,776,456,202,35,5
2017,06,읍면동,경기도 성남시 중원구 성남동,30977,1816,2375,4844,5271,4730,5492,3582,2044,702,100,21,15931,924,1238,2518,2895,2543,2768,1807,965,253,14,6,15046,892,1137,2326,2376,2187,2724,1775,1079,449,86,15
2017,06,읍면동,경기도 성남시 중원구 은행1동,12108,952,1502,1713,1652,2243,1932,1188,669,222,33,2,5975,488,730,871,856,1123,978,552,297,73,6,1,6133,464,772,842,796,1120,954,636,372,149,27,1
2017,06,읍면동,경기도 성남시 중원구 은행2동,27296,2021,2737,3732,3823,4824,4679,2951,1823,596,92,18,13540,1040,1418,1965,2044,2433,2319,1337,762,197,22,3,13756,981,1319,1767,1779,2391,2360,1614,1061,399,70,15
2017,06,읍면동,경기도 성남시 중원구 중앙동,16615,1229,1206,1913,2613,2740,3136,2147,1171,361,66,33,8715,642,655,1010,1361,1542,1725,1062,542,136,27,13,7900,587,551,903,1252,1198,1411,1085,629,225,39,20
2017,06,읍면동,경기도 성남시 중원구 하대원동,22435,1793,2152,3479,3371,3414,4358,2405,1021,375,62,5,11441,921,1186,1842,1742,1746,2131,1280,467,115,11,0,10994,872,966,1637,1629,1668,2227,1125,554,260,51,5
2017,06,시군,경기도 수원시 ,1198056,116216,134745,184755,197146,215077,186812,91248,48992,19940,2885,240,603297,59881,69883,97177,101128,107212,95023,44571,21346,6350,661,65,594759,56335,64862,87578,96018,107865,91789,46677,27646,13590,2224,175
2017,06,구,경기도 수원시 권선구 ,360052,36164,36959,54046,62758,61894,58280,28799,14472,5800,816,64,181622,18556,19303,27944,32527,31265,29362,14207,6406,1860,173,19,178430,17608,17656,26102,30231,30629,28918,14592,8066,3940,643,45
2017,06,읍면동,경기도 수원시 권선구 곡선동,29834,2471,2823,6031,6606,5350,4145,1407,650,304,43,4,15626,1227,1459,3089,3713,2837,2205,725,273,85,11,2,14208,1244,1364,2942,2893,2513,1940,682,377,219,32,2
2017,06,읍면동,경기도 수원시 권선구 구운동,27232,2038,2717,4421,4007,4590,5058,2548,1276,512,60,5,13795,1028,1383,2328,2169,2306,2524,1308,558,176,14,1,13437,1010,1334,2093,1838,2284,2534,1240,718,336,46,4
2017,06,읍면동,경기도 수원시 권선구 권선1동,25327,1786,2260,4588,4704,4150,4425,2015,916,423,54,6,12848,898,1236,2307,2485,2083,2267,1024,409,126,11,2,12479,888,1024,2281,2219,2067,2158,991,507,297,43,4
2017,06,읍면동,경기도 수원시 권선구 권선2동,51123,6883,6002,7319,9553,8951,7609,3047,1168,496,92,3,25311,3582,3193,3714,4570,4295,3707,1566,520,146,16,2,25812,3301,2809,3605,4983,4656,3902,1481,648,350,76,1
2017,06,읍면동,경기도 수원시 권선구 금곡동,38387,4666,4716,4990,6043,7113,6048,2623,1451,667,69,1,19069,2454,2515,2562,2927,3447,3040,1262,617,233,12,0,19318,2212,2201,2428,3116,3666,3008,1361,834,434,57,1
2017,06,읍면동,경기도 수원시 권선구 서둔동,41427,3425,4105,6348,6801,6936,6938,3943,2090,730,103,8,20995,1764,2140,3267,3674,3584,3501,1919,902,223,19,2,20432,1661,1965,3081,3127,3352,3437,2024,1188,507,84,6
2017,06,읍면동,경기도 수원시 권선구 세류1동,11073,1082,752,1682,2147,1571,1909,1111,558,216,36,9,5574,581,398,855,1154,799,936,513,250,78,9,1,5499,501,354,827,993,772,973,598,308,138,27,8
2017,06,읍면동,경기도 수원시 권선구 세류2동,26014,1618,2092,4143,4309,4240,4690,2809,1492,539,76,6,13297,817,1109,2177,2405,2200,2333,1375,680,177,21,3,12717,801,983,1966,1904,2040,2357,1434,812,362,55,3
2017,06,읍면동,경기도 수원시 권선구 세류3동,23500,1604,2151,3362,3636,4002,4150,2642,1361,504,80,8,11758,746,1133,1784,1947,2071,2010,1255,620,173,19,0,11742,858,1018,1578,1689,1931,2140,1387,741,331,61,8
2017,06,읍면동,경기도 수원시 권선구 입북동,18433,2505,2222,2074,3085,3685,2638,1265,663,262,34,0,9268,1257,1119,1133,1452,1928,1358,622,308,82,9,0,9165,1248,1103,941,1633,1757,1280,643,355,180,25,0
2017,06,읍면동,경기도 수원시 권선구 평동,37492,3381,4014,5516,5654,6385,6558,3402,1743,719,108,12,19090,1790,2045,2959,2940,3185,3411,1704,806,229,17,4,18402,1591,1969,2557,2714,3200,3147,1698,937,490,91,8
2017,06,읍면동,경기도 수원시 권선구 호매실동,30210,4705,3105,3572,6213,4921,4112,1987,1104,428,61,2,14991,2412,1573,1769,3091,2530,2070,934,463,132,15,2,15219,2293,1532,1803,3122,2391,2042,1053,641,296,46,0
2017,06,구,경기도 수원시 영통구 ,345457,40015,44338,54934,62648,66209,46155,17857,8887,3842,550,22,173961,20604,22884,28701,31656,32526,23812,8795,3728,1135,115,5,171496,19411,21454,26233,30992,33683,22343,9062,5159,2707,435,17
2017,06,읍면동,경기도 수원시 영통구 광교1동,48517,6577,6838,6545,9167,10363,5725,1953,890,393,64,2,23962,3400,3410,3133,4306,5134,3084,999,365,113,18,0,24555,3177,3428,3412,4861,5229,2641,954,525,280,46,2
2017,06,읍면동,경기도 수원시 영통구 광교2동,25910,4065,2575,2681,5788,4441,3225,1825,941,321,48,0,12516,2053,1317,1282,2806,2188,1525,833,413,88,11,0,13394,2012,1258,1399,2982,2253,1700,992,528,233,37,0
2017,06,읍면동,경기도 수원시 영통구 매탄1동,20691,1874,2552,3352,3187,3773,3200,1614,782,309,45,3,10410,943,1331,1880,1607,1827,1602,757,350,105,8,0,10281,931,1221,1472,1580,1946,1598,857,432,204,37,3
2017,06,읍면동,경기도 수원시 영통구 매탄2동,16547,1338,2046,2556,2367,3013,2805,1384,718,278,40,2,8258,708,1064,1286,1236,1471,1397,676,324,89,7,0,8289,630,982,1270,1131,1542,1408,708,394,189,33,2
2017,06,읍면동,경기도 수원시 영통구 매탄3동,38737,3944,5226,7060,6440,7477,5148,2001,928,455,56,2,20043,2014,2693,3900,3511,3665,2724,1008,393,122,13,0,18694,1930,2533,3160,2929,3812,2424,993,535,333,43,2
2017,06,읍면동,경기도 수원시 영통구 매탄4동,24346,2152,3021,3974,4001,4486,3750,1710,808,381,59,4,12111,1129,1533,2129,2034,2157,1840,845,331,94,17,2,12235,1023,1488,1845,1967,2329,1910,865,477,287,42,2
2017,06,읍면동,경기도 수원시 영통구 영통1동,42125,4924,5700,6567,7322,8536,5692,1863,1008,443,68,2,21136,2550,2970,3403,3611,4166,2964,919,391,148,12,2,20989,2374,2730,3164,3711,4370,2728,944,617,295,56,0
2017,06,읍면동,경기도 수원시 영통구 영통2동,47041,6044,6619,6634,8864,9483,6123,1720,975,517,59,3,23446,3093,3459,3295,4393,4577,3243,845,376,154,11,0,23595,2951,3160,3339,4471,4906,2880,875,599,363,48,3
2017,06,읍면동,경기도 수원시 영통구 원천동,25049,2636,2413,5165,5652,4031,2805,1404,653,249,40,1,13115,1353,1336,2761,3073,2156,1409,666,284,69,7,1,11934,1283,1077,2404,2579,1875,1396,738,369,180,33,0
2017,06,읍면동,경기도 수원시 영통구 태장동,56494,6461,7348,10400,9860,10606,7682,2383,1184,496,71,3,28964,3361,3771,5632,5079,5185,4024,1247,501,153,11,0,27530,3100,3577,4768,4781,5421,3658,1136,683,343,60,3
2017,06,구,경기도 수원시 장안구 ,295563,25716,35106,45694,41109,53650,48643,24260,14243,6153,914,75,148587,13265,18298,24852,20827,26382,24742,11803,6166,2008,223,21,146976,12451,16808,20842,20282,27268,23901,12457,8077,4145,691,54
2017,06,읍면동,경기도 수원시 장안구 송죽동,20453,1541,2106,3038,3299,3475,3581,1915,1017,414,64,3,10157,797,1086,1553,1697,1714,1758,957,445,133,16,1,10296,744,1020,1485,1602,1761,1823,958,572,281,48,2
2017,06,읍면동,경기도 수원시 장안구 연무동,19748,1085,1648,2996,2561,2984,3634,2425,1616,678,105,16,10048,583,823,1675,1478,1593,1813,1131,714,212,24,2,9700,502,825,1321,1083,1391,1821,1294,902,466,81,14
2017,06,읍면동,경기도 수원시 장안구 영화동,21815,1272,1572,3038,3263,3463,4241,2803,1533,521,90,19,10921,631,778,1581,1790,1797,2097,1336,694,194,17,6,10894,641,794,1457,1473,1666,2144,1467,839,327,73,13
2017,06,읍면동,경기도 수원시 장안구 율천동,44271,4055,5221,9506,6666,7345,6240,2841,1546,742,100,9,23309,2063,2799,5825,3452,3660,3184,1392,639,263,27,5,20962,1992,2422,3681,3214,3685,3056,1449,907,479,73,4
2017,06,읍면동,경기도 수원시 장안구 정자1동,34730,3685,4287,4898,4942,6642,5519,2640,1372,650,86,9,17284,1888,2314,2590,2386,3247,2801,1267,588,180,20,3,17446,1797,1973,2308,2556,3395,2718,1373,784,470,66,6
2017,06,읍면동,경기도 수원시 장안구 정자2동,32290,2749,4007,4569,4548,5951,5281,2739,1726,628,90,2,16029,1427,2087,2434,2261,2887,2653,1286,741,230,22,1,16261,1322,1920,2135,2287,3064,2628,1453,985,398,68,1
2017,06,읍면동,경기도 수원시 장안구 정자3동,45140,5015,7822,6015,5646,10398,6409,1943,1252,555,83,2,22398,2600,3930,3120,2547,4997,3528,973,525,160,18,0,22742,2415,3892,2895,3099,5401,2881,970,727,395,65,2
2017,06,읍면동,경기도 수원시 장안구 조원1동,31637,2405,3635,4683,4131,5553,5495,2937,1828,849,117,4,15912,1281,1902,2436,2199,2739,2787,1468,803,268,29,0,15725,1124,1733,2247,1932,2814,2708,1469,1025,581,88,4
2017,06,읍면동,경기도 수원시 장안구 조원2동,20270,1867,2513,3235,2333,3571,3703,1463,946,539,96,4,9810,967,1328,1647,1060,1579,1869,732,397,194,36,1,10460,900,1185,1588,1273,1992,1834,731,549,345,60,3
2017,06,읍면동,경기도 수원시 장안구 파장동,25209,2042,2295,3716,3720,4268,4540,2554,1407,577,83,7,12719,1028,1251,1991,1957,2169,2252,1261,620,174,14,2,12490,1014,1044,1725,1763,2099,2288,1293,787,403,69,5
2017,06,구,경기도 수원시 팔달구 ,196984,14321,18342,30081,30631,33324,33734,20332,11390,4145,605,79,99127,7456,9398,15680,16118,17039,17107,9766,5046,1347,150,20,97857,6865,8944,14401,14513,16285,16627,10566,6344,2798,455,59
2017,06,읍면동,경기도 수원시 팔달구 고등동,10341,514,795,1401,1440,1696,1891,1403,887,261,44,9,5281,285,394,713,832,893,966,666,419,94,13,6,5060,229,401,688,608,803,925,737,468,167,31,3
2017,06,읍면동,경기도 수원시 팔달구 매교동,10552,517,682,1435,1563,1605,2117,1407,883,293,45,5,5517,272,359,802,879,910,1095,693,390,104,10,3,5035,245,323,633,684,695,1022,714,493,189,35,2
2017,06,읍면동,경기도 수원시 팔달구 매산동,11245,581,675,2061,1933,1616,2012,1346,719,250,47,5,5793,283,347,1044,1047,871,1047,698,344,96,14,2,5452,298,328,1017,886,745,965,648,375,154,33,3
2017,06,읍면동,경기도 수원시 팔달구 우만1동,22529,1505,2009,3488,3626,3696,3807,2439,1355,527,68,9,11213,807,1060,1853,1987,1852,1820,1133,532,149,17,3,11316,698,949,1635,1639,1844,1987,1306,823,378,51,6
2017,06,읍면동,경기도 수원시 팔달구 우만2동,18445,1674,2228,3489,2790,3168,2749,1338,693,271,43,2,9295,874,1195,1981,1356,1528,1351,621,301,76,11,1,9150,800,1033,1508,1434,1640,1398,717,392,195,32,1
2017,06,읍면동,경기도 수원시 팔달구 인계동,44151,3561,3758,7264,8392,7612,6938,3865,1967,681,100,13,22388,1798,1985,3678,4416,4024,3486,1893,889,197,20,2,21763,1763,1773,3586,3976,3588,3452,1972,1078,484,80,11
2017,06,읍면동,경기도 수원시 팔달구 지동,14068,725,1134,1727,1871,2287,2658,1954,1230,430,44,8,7150,399,595,932,1016,1250,1350,921,547,132,7,1,6918,326,539,795,855,1037,1308,1033,683,298,37,7
2017,06,읍면동,경기도 수원시 팔달구 행궁동,11248,402,682,1317,1356,1705,2349,1880,1085,398,64,10,5940,204,355,705,794,999,1286,916,523,136,22,0,5308,198,327,612,562,706,1063,964,562,262,42,10
2017,06,읍면동,경기도 수원시 팔달구 화서1동,25431,2108,2690,3447,3572,4488,4329,2699,1450,557,79,12,12347,1071,1303,1738,1806,2191,2125,1270,623,199,20,1,13084,1037,1387,1709,1766,2297,2204,1429,827,358,59,11
2017,06,읍면동,경기도 수원시 팔달구 화서2동,28974,2734,3689,4452,4088,5451,4884,2001,1121,477,71,6,14203,1463,1805,2234,1985,2521,2581,955,478,164,16,1,14771,1271,1884,2218,2103,2930,2303,1046,643,313,55,5
2017,06,시군,경기도 시흥시 ,406470,39062,49274,56980,60256,80796,69548,28248,15267,6145,831,63,213187,20091,25464,30977,32358,42611,38300,14767,6475,1944,180,20,193283,18971,23810,26003,27898,38185,31248,13481,8792,4201,651,43
2017,06,읍면동,경기도 시흥시 과림동,2165,65,64,200,226,244,578,477,211,88,10,2,1308,34,31,125,143,180,346,289,118,37,3,2,857,31,33,75,83,64,232,188,93,51,7,0
2017,06,읍면동,경기도 시흥시 군자동,25467,2496,2884,3361,3997,4590,4261,2202,1155,459,53,9,13269,1276,1518,1812,2197,2476,2250,1090,503,134,11,2,12198,1220,1366,1549,1800,2114,2011,1112,652,325,42,7
2017,06,읍면동,경기도 시흥시 능곡동,16025,1705,2531,1829,1793,3494,2569,1092,688,273,50,1,7947,882,1243,972,818,1719,1395,541,283,87,7,0,8078,823,1288,857,975,1775,1174,551,405,186,43,1
2017,06,읍면동,경기도 시흥시 대야동,32532,2133,3628,5115,3783,5582,6854,3037,1551,726,117,6,16571,1119,1880,2681,2013,2766,3618,1630,618,222,23,1,15961,1014,1748,2434,1770,2816,3236,1407,933,504,94,5
2017,06,읍면동,경기도 시흥시 매화동,13573,1053,1674,1793,1501,2619,2457,1245,825,355,49,2,7032,536,890,959,778,1376,1366,640,367,103,17,0,6541,517,784,834,723,1243,1091,605,458,252,32,2
2017,06,읍면동,경기도 시흥시 목감동,21089,2707,1802,2395,3932,3362,3367,1974,1034,446,63,7,10683,1343,936,1245,2011,1802,1732,1019,454,129,9,3,10406,1364,866,1150,1921,1560,1635,955,580,317,54,4
2017,06,읍면동,경기도 시흥시 신천동,41770,2732,4996,6670,4817,7634,8623,3638,1846,707,96,11,21447,1417,2577,3527,2582,3803,4632,1926,750,212,20,1,20323,1315,2419,3143,2235,3831,3991,1712,1096,495,76,10
2017,06,읍면동,경기도 시흥시 신현동,11478,809,1105,1629,1298,1911,2423,1253,688,308,48,6,5986,405,568,912,698,988,1302,682,301,108,18,4,5492,404,537,717,600,923,1121,571,387,200,30,2
2017,06,읍면동,경기도 시흥시 연성동,24822,2351,3847,3348,2880,5505,4000,1468,1000,368,49,6,12644,1185,2037,1742,1409,2725,2267,716,428,123,10,2,12178,1166,1810,1606,1471,2780,1733,752,572,245,39,4
2017,06,읍면동,경기도 시흥시 월곶동,16424,2024,1567,1674,3106,3312,2429,1317,717,247,30,1,8522,1039,822,868,1612,1807,1270,668,346,85,5,0,7902,985,745,806,1494,1505,1159,649,371,162,25,1
2017,06,읍면동,경기도 시흥시 은행동,30105,2652,4358,4595,3426,5962,5585,1974,1046,455,45,7,15087,1371,2231,2449,1656,2849,2949,1038,403,132,7,2,15018,1281,2127,2146,1770,3113,2636,936,643,323,38,5
2017,06,읍면동,경기도 시흥시 장곡동,18916,2310,3505,2292,2323,4492,2617,662,490,193,31,1,9495,1207,1798,1169,1032,2202,1509,320,182,61,14,1,9421,1103,1707,1123,1291,2290,1108,342,308,132,17,0
2017,06,읍면동,경기도 시흥시 정왕1동,27130,2322,2623,3930,5212,5914,4462,1671,728,236,31,1,15672,1161,1332,2335,3245,3598,2679,920,320,75,6,1,11458,1161,1291,1595,1967,2316,1783,751,408,161,25,0
2017,06,읍면동,경기도 시흥시 정왕2동,34644,3819,4804,5207,5071,7254,5444,1626,986,399,33,1,17932,1999,2480,2780,2587,3712,2990,843,392,142,6,1,16712,1820,2324,2427,2484,3542,2454,783,594,257,27,0
2017,06,읍면동,경기도 시흥시 정왕3동,26403,2653,2835,3577,4651,5463,4452,1645,769,304,54,0,14740,1349,1484,2032,2755,3173,2603,902,337,94,11,0,11663,1304,1351,1545,1896,2290,1849,743,432,210,43,0
2017,06,읍면동,경기도 시흥시 정왕4동,39287,5333,5610,5176,6457,8283,5501,1610,898,375,44,0,19766,2813,2884,2693,3023,4081,2979,786,366,134,7,0,19521,2520,2726,2483,3434,4202,2522,824,532,241,37,0
2017,06,읍면동,경기도 시흥시 정왕본동,24640,1898,1441,4189,5783,5175,3926,1357,635,206,28,2,15086,955,753,2676,3799,3354,2413,757,307,66,6,0,9554,943,688,1513,1984,1821,1513,600,328,140,22,2
2017,06,시군,경기도 안산시 ,685707,57154,81226,108086,97451,129013,122023,50909,26523,11629,1600,93,351424,29077,42042,57378,51964,64915,64586,26236,11231,3635,341,19,334283,28077,39184,50708,45487,64098,57437,24673,15292,7994,1259,74
2017,06,구,경기도 안산시 단원구 ,311342,26131,37374,47844,44320,59022,56564,23449,11052,4920,620,46,160612,13242,19406,25533,23696,29942,30108,12265,4789,1495,125,11,150730,12889,17968,22311,20624,29080,26456,11184,6263,3425,495,35
2017,06,읍면동,경기도 안산시 단원구 고잔1동,20959,1519,2548,3470,2808,3812,3801,1699,874,381,45,2,10540,752,1325,1842,1510,1865,1927,839,354,121,5,0,10419,767,1223,1628,1298,1947,1874,860,520,260,40,2
2017,06,읍면동,경기도 안산시 단원구 고잔2동,21717,1748,2509,3798,3464,3901,3771,1596,596,285,45,4,10776,872,1280,1931,1733,1902,1869,850,249,80,8,2,10941,876,1229,1867,1731,1999,1902,746,347,205,37,2
2017,06,읍면동,경기도 안산시 단원구 대부동,8290,330,470,817,713,966,1930,1585,959,441,72,7,4325,175,255,453,423,555,981,823,498,144,15,3,3965,155,215,364,290,411,949,762,461,297,57,4
2017,06,읍면동,경기도 안산시 단원구 선부1동,11796,993,1101,1734,1929,2007,2198,1055,496,258,24,1,6074,499,569,988,1108,1042,1092,540,169,58,8,1,5722,494,532,746,821,965,1106,515,327,200,16,0
2017,06,읍면동,경기도 안산시 단원구 선부2동,22404,1580,2629,3409,2977,4534,4334,1693,848,345,52,3,12123,832,1397,1837,1694,2481,2525,861,377,104,14,1,10281,748,1232,1572,1283,2053,1809,832,471,241,38,2
2017,06,읍면동,경기도 안산시 단원구 선부3동,35427,3018,4469,5721,5251,6791,6326,2260,1044,497,45,5,18098,1508,2345,3020,2774,3373,3301,1213,414,141,8,1,17329,1510,2124,2701,2477,3418,3025,1047,630,356,37,4
2017,06,읍면동,경기도 안산시 단원구 와동,44421,3706,5331,6822,6951,8797,7532,2984,1558,656,82,2,23303,1944,2774,3684,3855,4635,4079,1502,614,202,14,0,21118,1762,2557,3138,3096,4162,3453,1482,944,454,68,2
2017,06,읍면동,경기도 안산시 단원구 원곡1동,5531,235,407,672,669,840,1278,848,433,128,19,2,2927,125,214,375,404,478,666,417,198,46,4,0,2604,110,193,297,265,362,612,431,235,82,15,2
2017,06,읍면동,경기도 안산시 단원구 원곡2동,16407,1441,2017,2570,2145,2883,3245,1424,476,177,25,4,8241,710,1047,1360,1069,1367,1629,765,241,47,6,0,8166,731,970,1210,1076,1516,1616,659,235,130,19,4
2017,06,읍면동,경기도 안산시 단원구 원곡본동,32780,3019,3275,4249,4926,6346,6083,2829,1404,583,60,6,17846,1551,1677,2408,2786,3555,3469,1510,685,188,16,1,14934,1468,1598,1841,2140,2791,2614,1319,719,395,44,5
2017,06,읍면동,경기도 안산시 단원구 초지동,42941,4389,5835,6040,6622,8737,6656,2626,1327,615,89,5,21912,2192,3011,3278,3468,4333,3547,1329,543,195,15,1,21029,2197,2824,2762,3154,4404,3109,1297,784,420,74,4
2017,06,읍면동,경기도 안산시 단원구 호수동,48669,4153,6783,8542,5865,9408,9410,2850,1037,554,62,5,24447,2082,3512,4357,2872,4356,5023,1616,447,169,12,1,24222,2071,3271,4185,2993,5052,4387,1234,590,385,50,4
2017,06,구,경기도 안산시 상록구 ,374365,31023,43852,60242,53131,69991,65459,27460,15471,6709,980,47,190812,15835,22636,31845,28268,34973,34478,13971,6442,2140,216,8,183553,15188,21216,28397,24863,35018,30981,13489,9029,4569,764,39
2017,06,읍면동,경기도 안산시 상록구 반월동,20005,1686,1695,2576,2887,3208,3709,2409,1291,487,53,4,10143,850,846,1383,1554,1676,1864,1194,608,158,8,2,9862,836,849,1193,1333,1532,1845,1215,683,329,45,2
2017,06,읍면동,경기도 안산시 상록구 본오1동,43462,4000,5491,6417,6387,8696,7102,2815,1794,674,84,2,22298,2028,2803,3430,3412,4455,3836,1362,743,211,17,1,21164,1972,2688,2987,2975,4241,3266,1453,1051,463,67,1
2017,06,읍면동,경기도 안산시 상록구 본오2동,30491,2350,4002,4822,3808,6072,5291,2110,1372,595,68,1,15058,1206,2009,2418,1918,2952,2696,1090,565,187,17,0,15433,1144,1993,2404,1890,3120,2595,1020,807,408,51,1
2017,06,읍면동,경기도 안산시 상록구 본오3동,23263,1673,2518,3923,3409,4217,4245,1680,1066,459,73,0,11554,835,1270,1990,1817,2081,2088,871,425,160,17,0,11709,838,1248,1933,1592,2136,2157,809,641,299,56,0
2017,06,읍면동,경기도 안산시 상록구 부곡동,24361,2080,2848,3838,3159,4691,4392,1782,1096,425,48,2,12455,1061,1443,2038,1628,2382,2424,911,423,137,7,1,11906,1019,1405,1800,1531,2309,1968,871,673,288,41,1
2017,06,읍면동,경기도 안산시 상록구 사1동,38610,3045,4244,6585,6286,7392,6125,2215,1575,959,173,11,20077,1582,2249,3513,3557,3795,3345,1130,570,288,46,2,18533,1463,1995,3072,2729,3597,2780,1085,1005,671,127,9
2017,06,읍면동,경기도 안산시 상록구 사2동,35591,3490,4693,5518,4934,6763,6047,2381,1187,497,79,2,18001,1749,2446,2885,2562,3294,3177,1223,495,150,20,0,17590,1741,2247,2633,2372,3469,2870,1158,692,347,59,2
2017,06,읍면동,경기도 안산시 상록구 사3동,19590,1687,2619,3496,2457,3654,3597,1357,475,210,37,1,10151,896,1344,1958,1257,1747,1907,744,234,59,5,0,9439,791,1275,1538,1200,1907,1690,613,241,151,32,1
2017,06,읍면동,경기도 안산시 상록구 성포동,26622,2064,3384,4657,3087,4470,5385,2089,895,501,85,5,13102,1051,1769,2457,1479,1973,2705,1105,383,154,25,1,13520,1013,1615,2200,1608,2497,2680,984,512,347,60,4
2017,06,읍면동,경기도 안산시 상록구 안산동,10068,808,921,1371,1292,1643,1955,1246,571,223,34,4,5233,409,484,735,697,885,1045,637,251,83,6,1,4835,399,437,636,595,758,910,609,320,140,28,3
2017,06,읍면동,경기도 안산시 상록구 월피동,45138,3512,5869,7701,5783,8530,8331,2981,1567,755,103,6,23126,1853,3112,4138,3077,4069,4461,1547,630,219,20,0,22012,1659,2757,3563,2706,4461,3870,1434,937,536,83,6
2017,06,읍면동,경기도 안산시 상록구 이동,28834,1986,2328,5356,5258,5127,4779,2227,1241,448,77,7,15258,1018,1253,2821,2999,2743,2575,1120,549,168,12,0,13576,968,1075,2535,2259,2384,2204,1107,692,280,65,7
2017,06,읍면동,경기도 안산시 상록구 일동,28330,2642,3240,3982,4384,5528,4501,2168,1341,476,66,2,14356,1297,1608,2079,2311,2921,2355,1037,566,166,16,0,13974,1345,1632,1903,2073,2607,2146,1131,775,310,50,2
2017,06,시군,경기도 안성시 ,183316,17274,19723,21003,26267,30694,29494,19376,12606,6070,767,42,93809,8827,10317,11459,13916,16373,15491,9694,5544,2000,180,8,89507,8447,9406,9544,12351,14321,14003,9682,7062,4070,587,34
2017,06,읍면동,경기도 안성시 고삼면,2064,70,116,226,162,248,427,367,280,154,14,0,1083,32,61,140,96,154,216,194,133,55,2,0,981,38,55,86,66,94,211,173,147,99,12,0
2017,06,읍면동,경기도 안성시 공도읍,57200,7803,7653,5685,10153,11405,7056,4032,2301,1012,100,0,28647,3943,3973,2944,5031,5925,3626,1913,955,316,21,0,28553,3860,3680,2741,5122,5480,3430,2119,1346,696,79,0
2017,06,읍면동,경기도 안성시 금광면,8369,794,867,807,1082,1302,1358,1040,709,363,43,4,4127,408,464,419,533,706,678,509,287,114,8,1,4242,386,403,388,549,596,680,531,422,249,35,3
2017,06,읍면동,경기도 안성시 대덕면,16687,1781,1217,2310,3530,2708,2434,1465,805,372,62,3,9268,949,628,1303,2102,1612,1383,754,378,142,17,0,7419,832,589,1007,1428,1096,1051,711,427,230,45,3
2017,06,읍면동,경기도 안성시 미양면,6819,495,460,671,956,933,1180,1005,708,361,46,4,3594,240,236,386,560,569,630,543,312,109,8,1,3225,255,224,285,396,364,550,462,396,252,38,3
2017,06,읍면동,경기도 안성시 보개면,5932,250,422,644,552,725,1214,942,742,390,47,4,3139,131,264,360,335,435,652,489,337,128,8,0,2793,119,158,284,217,290,562,453,405,262,39,4
2017,06,읍면동,경기도 안성시 삼죽면,3584,130,253,383,317,409,744,613,484,232,17,2,1877,71,118,224,191,240,402,319,215,95,2,0,1707,59,135,159,126,169,342,294,269,137,15,2
2017,06,읍면동,경기도 안성시 서운면,3831,151,225,446,343,481,778,650,485,245,25,2,2038,84,133,263,199,293,432,318,221,88,6,1,1793,67,92,183,144,188,346,332,264,157,19,1
2017,06,읍면동,경기도 안성시 안성1동,12246,751,1229,1663,1347,1774,2344,1524,1069,474,65,6,6128,388,606,888,738,898,1194,748,476,172,18,2,6118,363,623,775,609,876,1150,776,593,302,47,4
2017,06,읍면동,경기도 안성시 안성2동,19127,1865,2329,2401,2716,3483,3108,1722,988,459,54,2,9559,949,1204,1285,1363,1787,1577,833,420,124,16,1,9568,916,1125,1116,1353,1696,1531,889,568,335,38,1
2017,06,읍면동,경기도 안성시 안성3동,21184,1813,2866,3042,2456,3816,3617,1843,1167,488,71,5,10576,935,1519,1668,1216,1804,1876,898,493,151,16,0,10608,878,1347,1374,1240,2012,1741,945,674,337,55,5
2017,06,읍면동,경기도 안성시 양성면,5505,228,314,571,484,690,1150,928,648,419,71,2,2871,110,158,358,286,393,637,491,300,125,13,0,2634,118,156,213,198,297,513,437,348,294,58,2
2017,06,읍면동,경기도 안성시 원곡면,5042,352,380,524,648,738,1025,671,452,210,40,2,2688,182,207,300,360,439,555,355,205,72,12,1,2354,170,173,224,288,299,470,316,247,138,28,1
2017,06,읍면동,경기도 안성시 일죽면,8312,439,779,812,794,996,1577,1422,938,480,74,1,4313,234,427,449,465,569,825,735,423,163,22,1,3999,205,352,363,329,427,752,687,515,317,52,0
2017,06,읍면동,경기도 안성시 죽산면,7414,352,613,818,727,986,1482,1152,830,411,38,5,3901,171,319,472,441,549,808,595,389,146,11,0,3513,181,294,346,286,437,674,557,441,265,27,5
2017,06,시군,경기도 안양시 ,596372,49615,64315,87295,88581,102970,104602,57222,28509,11549,1567,147,296184,25428,33345,45314,45157,50250,51370,28745,12509,3645,382,39,300188,24187,30970,41981,43424,52720,53232,28477,16000,7904,1185,108
2017,06,구,경기도 안양시 동안구 ,340774,30001,40710,49221,50125,62184,57976,29368,14028,6236,853,72,167807,15376,21096,25506,24914,29569,28372,14823,6018,1913,202,18,172967,14625,19614,23715,25211,32615,29604,14545,8010,4323,651,54
2017,06,읍면동,경기도 안양시 동안구 갈산동,11729,864,1573,1747,1299,2112,2085,1155,558,287,41,8,5725,417,817,927,614,967,1030,589,254,95,11,4,6004,447,756,820,685,1145,1055,566,304,192,30,4
2017,06,읍면동,경기도 안양시 동안구 관양1동,39529,3154,3847,6363,5749,6222,7260,3904,2045,873,104,8,19459,1660,1971,3360,3006,2980,3424,1896,860,276,25,1,20070,1494,1876,3003,2743,3242,3836,2008,1185,597,79,7
2017,06,읍면동,경기도 안양시 동안구 관양2동,20255,1686,1815,3053,3511,3409,3459,1855,1028,393,42,4,10244,819,903,1656,1878,1742,1723,917,453,141,12,0,10011,867,912,1397,1633,1667,1736,938,575,252,30,4
2017,06,읍면동,경기도 안양시 동안구 귀인동,17481,1593,3472,2211,1461,4205,2652,1027,569,259,31,1,8632,852,1829,1098,608,1944,1417,532,243,103,6,0,8849,741,1643,1113,853,2261,1235,495,326,156,25,1
2017,06,읍면동,경기도 안양시 동안구 달안동,12130,1178,941,1638,2857,2136,1631,914,529,280,25,1,5614,622,484,756,1412,976,694,412,188,65,5,0,6516,556,457,882,1445,1160,937,502,341,215,20,1
2017,06,읍면동,경기도 안양시 동안구 범계동,16222,1374,2497,2253,2011,3380,2586,1065,661,337,55,3,7834,696,1335,1107,916,1537,1320,512,281,116,14,0,8388,678,1162,1146,1095,1843,1266,553,380,221,41,3
2017,06,읍면동,경기도 안양시 동안구 부림동,25782,2793,2786,3147,5428,5177,3557,1628,861,361,43,1,12465,1423,1434,1499,2689,2489,1667,797,336,121,9,1,13317,1370,1352,1648,2739,2688,1890,831,525,240,34,0
2017,06,읍면동,경기도 안양시 동안구 부흥동,18449,1786,2477,2332,2646,3679,2775,1598,720,378,56,2,8925,916,1317,1194,1259,1746,1301,793,293,91,15,0,9524,870,1160,1138,1387,1933,1474,805,427,287,41,2
2017,06,읍면동,경기도 안양시 동안구 비산1동,23938,2336,2870,3240,3341,4312,4074,2325,968,391,65,16,11734,1212,1462,1653,1642,2065,1950,1169,445,122,13,1,12204,1124,1408,1587,1699,2247,2124,1156,523,269,52,15
2017,06,읍면동,경기도 안양시 동안구 비산2동,13708,1085,1477,2154,1855,2276,2580,1409,586,225,53,8,6696,545,762,1123,901,1053,1251,715,259,72,13,2,7012,540,715,1031,954,1223,1329,694,327,153,40,6
2017,06,읍면동,경기도 안양시 동안구 비산3동,24834,1713,2549,3974,3387,3925,4763,2536,1260,634,90,3,12397,900,1313,2157,1804,1878,2324,1278,545,173,23,2,12437,813,1236,1817,1583,2047,2439,1258,715,461,67,1
2017,06,읍면동,경기도 안양시 동안구 신촌동,13940,1073,1977,2170,1700,2553,2628,1177,444,193,25,0,6873,523,1030,1117,842,1138,1310,646,207,55,5,0,7067,550,947,1053,858,1415,1318,531,237,138,20,0
2017,06,읍면동,경기도 안양시 동안구 평안동,25267,2910,4121,2881,3638,5843,3288,1414,740,387,41,4,12421,1472,2189,1477,1638,2818,1666,742,283,121,11,4,12846,1438,1932,1404,2000,3025,1622,672,457,266,30,0
2017,06,읍면동,경기도 안양시 동안구 평촌동,16343,1735,2113,2343,2135,3235,2808,1105,588,254,24,3,8088,901,1085,1238,987,1495,1460,567,251,94,9,1,8255,834,1028,1105,1148,1740,1348,538,337,160,15,2
2017,06,읍면동,경기도 안양시 동안구 호계1동,10698,760,955,1584,1659,1773,2023,1171,543,196,31,3,5513,413,498,844,914,931,1054,566,245,44,3,1,5185,347,457,740,745,842,969,605,298,152,28,2
2017,06,읍면동,경기도 안양시 동안구 호계2동,25516,1949,2602,4208,3807,3934,4940,2595,1002,417,57,5,12592,977,1329,2194,1930,1857,2373,1356,442,124,10,0,12924,972,1273,2014,1877,2077,2567,1239,560,293,47,5
2017,06,읍면동,경기도 안양시 동안구 호계3동,24953,2012,2638,3923,3641,4013,4867,2490,926,371,70,2,12595,1028,1338,2106,1874,1953,2408,1336,433,100,18,1,12358,984,1300,1817,1767,2060,2459,1154,493,271,52,1
2017,06,구,경기도 안양시 만안구 ,255598,19614,23605,38074,38456,40786,46626,27854,14481,5313,714,75,128377,10052,12249,19808,20243,20681,22998,13922,6491,1732,180,21,127221,9562,11356,18266,18213,20105,23628,13932,7990,3581,534,54
2017,06,읍면동,경기도 안양시 만안구 박달1동,16934,1106,1528,2440,2146,2900,3323,1932,1115,388,48,8,8497,546,750,1273,1142,1532,1682,958,480,116,15,3,8437,560,778,1167,1004,1368,1641,974,635,272,33,5
2017,06,읍면동,경기도 안양시 만안구 박달2동,23267,2300,2587,3641,3675,3702,4051,2036,839,395,40,1,11702,1205,1346,1921,1860,1801,1987,1070,378,122,12,0,11565,1095,1241,1720,1815,1901,2064,966,461,273,28,1
2017,06,읍면동,경기도 안양시 만안구 석수1동,20806,1846,1873,2887,3156,3352,3713,2231,1176,487,76,9,10260,949,982,1506,1545,1676,1771,1117,542,153,16,3,10546,897,891,1381,1611,1676,1942,1114,634,334,60,6
2017,06,읍면동,경기도 안양시 만안구 석수2동,33963,2807,3280,4833,4995,5624,6111,3540,1970,701,94,8,17048,1443,1755,2462,2568,2851,3099,1736,881,233,19,1,16915,1364,1525,2371,2427,2773,3012,1804,1089,468,75,7
2017,06,읍면동,경기도 안양시 만안구 석수3동,15210,1353,1771,2177,2021,2644,2781,1391,750,282,38,2,7644,682,932,1201,1011,1334,1402,686,311,79,6,0,7566,671,839,976,1010,1310,1379,705,439,203,32,2
2017,06,읍면동,경기도 안양시 만안구 안양1동,18257,1576,1853,2764,2918,3021,3164,1831,783,296,49,2,9075,797,911,1458,1465,1480,1539,935,364,109,17,0,9182,779,942,1306,1453,1541,1625,896,419,187,32,2
2017,06,읍면동,경기도 안양시 만안구 안양2동,22379,1362,1883,3579,3186,3394,4310,2672,1464,464,58,7,11266,704,985,1777,1725,1716,2158,1358,668,156,16,3,11113,658,898,1802,1461,1678,2152,1314,796,308,42,4
2017,06,읍면동,경기도 안양시 만안구 안양3동,17770,1136,1607,2710,2543,2770,3371,2176,1057,350,43,7,8886,582,855,1418,1392,1400,1591,1054,475,109,9,1,8884,554,752,1292,1151,1370,1780,1122,582,241,34,6
2017,06,읍면동,경기도 안양시 만안구 안양4동,7335,371,570,1154,1018,1109,1327,920,608,232,26,0,3692,184,299,555,584,598,665,458,249,92,8,0,3643,187,271,599,434,511,662,462,359,140,18,0
2017,06,읍면동,경기도 안양시 만안구 안양5동,13966,759,1143,2008,1905,2135,2664,1771,1098,428,51,4,7002,425,601,1019,1053,1092,1322,869,477,134,9,1,6964,334,542,989,852,1043,1342,902,621,294,42,3
2017,06,읍면동,경기도 안양시 만안구 안양6동,19110,1210,1340,2857,3397,2923,3399,2337,1169,423,45,10,9888,600,667,1524,1919,1564,1713,1182,534,163,18,4,9222,610,673,1333,1478,1359,1686,1155,635,260,27,6
2017,06,읍면동,경기도 안양시 만안구 안양7동,15956,1742,1521,2277,3011,2639,2629,1366,549,171,43,8,8018,899,792,1138,1546,1305,1311,689,270,55,10,3,7938,843,729,1139,1465,1334,1318,677,279,116,33,5
2017,06,읍면동,경기도 안양시 만안구 안양8동,12130,675,975,1941,1887,1844,2295,1469,732,264,46,2,6266,353,511,1076,1096,975,1086,742,347,69,11,0,5864,322,464,865,791,869,1209,727,385,195,35,2
2017,06,읍면동,경기도 안양시 만안구 안양9동,18515,1371,1674,2806,2598,2729,3488,2182,1171,432,57,7,9133,683,863,1480,1337,1357,1672,1068,515,142,14,2,9382,688,811,1326,1261,1372,1816,1114,656,290,43,5
2017,06,시군,경기도 양주시 ,208287,20529,24274,23608,27409,38081,33937,21319,13406,5016,669,39,105680,10435,12490,12598,13859,19726,17899,10574,6111,1820,158,10,102607,10094,11784,11010,13550,18355,16038,10745,7295,3196,511,29
2017,06,읍면동,경기도 양주시 광적면,11902,755,1025,1431,1222,1932,2520,1559,997,414,43,4,6420,383,550,836,699,1063,1431,844,454,149,11,0,5482,372,475,595,523,869,1089,715,543,265,32,4
2017,06,읍면동,경기도 양주시 남면,7547,486,547,926,890,1021,1525,1104,644,340,61,3,4176,255,280,574,533,635,860,624,293,107,13,2,3371,231,267,352,357,386,665,480,351,233,48,1
2017,06,읍면동,경기도 양주시 백석읍,28399,2197,3199,3515,3080,4873,5367,3258,2028,776,100,6,14371,1123,1660,1844,1607,2457,2834,1635,901,286,23,1,14028,1074,1539,1671,1473,2416,2533,1623,1127,490,77,5
2017,06,읍면동,경기도 양주시 양주1동,6138,298,429,717,574,861,1289,1005,651,277,36,1,3182,167,218,368,330,471,682,549,284,106,6,1,2956,131,211,349,244,390,607,456,367,171,30,0
2017,06,읍면동,경기도 양주시 양주2동,54066,7530,7594,4708,8208,11442,6387,4386,2856,835,115,5,26543,3831,3792,2425,3790,5885,3216,1962,1319,303,20,0,27523,3699,3802,2283,4418,5557,3171,2424,1537,532,95,5
2017,06,읍면동,경기도 양주시 은현면,6689,256,464,785,648,909,1558,1085,652,292,38,2,3757,142,237,471,403,561,891,613,318,110,11,0,2932,114,227,314,245,348,667,472,334,182,27,2
2017,06,읍면동,경기도 양주시 장흥면,10147,598,636,1139,1243,1239,1995,1835,989,399,69,5,5174,291,344,625,706,683,974,890,495,144,19,3,4973,307,292,514,537,556,1021,945,494,255,50,2
2017,06,읍면동,경기도 양주시 회천1동,10317,778,969,1571,1318,1668,1927,1108,675,261,34,8,5329,393,485,902,693,844,1045,563,308,86,8,2,4988,385,484,669,625,824,882,545,367,175,26,6
2017,06,읍면동,경기도 양주시 회천2동,28608,2402,3265,3812,3499,5184,5383,2749,1681,564,65,4,14553,1244,1729,1993,1805,2654,2828,1346,740,203,11,0,14055,1158,1536,1819,1694,2530,2555,1403,941,361,54,4
2017,06,읍면동,경기도 양주시 회천3동,29616,3129,4653,3426,3760,6307,4116,1947,1566,642,69,1,14642,1543,2412,1753,1793,3118,2179,910,664,246,23,1,14974,1586,2241,1673,1967,3189,1937,1037,902,396,46,0
2017,06,읍면동,경기도 양주시 회천4동,14858,2100,1493,1578,2967,2645,1870,1283,667,216,39,0,7533,1063,783,807,1500,1355,959,638,335,80,13,0,7325,1037,710,771,1467,1290,911,645,332,136,26,0
2017,06,시군,경기도 양평군 ,113277,8324,10103,10808,11914,16580,20735,17443,11580,5017,725,48,57154,4276,5405,5965,6017,8764,10588,8666,5493,1771,199,10,56123,4048,4698,4843,5897,7816,10147,8777,6087,3246,526,38
2017,06,읍면동,경기도 양평군 강상면,9275,933,818,821,1211,1491,1595,1249,783,315,54,5,4626,469,431,440,598,755,789,622,387,120,14,1,4649,464,387,381,613,736,806,627,396,195,40,4
2017,06,읍면동,경기도 양평군 강하면,4502,214,307,365,390,565,915,958,548,201,39,0,2268,113,170,202,211,295,444,453,287,82,11,0,2234,101,137,163,179,270,471,505,261,119,28,0
2017,06,읍면동,경기도 양평군 개군면,4976,272,354,435,431,650,978,873,663,286,33,1,2518,132,186,262,228,360,506,414,332,91,6,1,2458,140,168,173,203,290,472,459,331,195,27,0
2017,06,읍면동,경기도 양평군 단월면,3688,155,220,301,320,449,728,710,559,222,23,1,1889,71,141,163,178,268,350,380,256,78,4,0,1799,84,79,138,142,181,378,330,303,144,19,1
2017,06,읍면동,경기도 양평군 서종면,8807,636,728,653,864,1364,1707,1657,813,318,64,3,4430,322,398,355,421,697,843,840,419,114,20,1,4377,314,330,298,443,667,864,817,394,204,44,2
2017,06,읍면동,경기도 양평군 양동면,4614,179,225,364,335,473,920,988,695,377,51,7,2293,92,124,190,180,273,491,495,310,127,11,0,2321,87,101,174,155,200,429,493,385,250,40,7
2017,06,읍면동,경기도 양평군 양서면,12272,791,1061,1162,1308,1787,2284,1989,1271,536,79,4,6198,374,592,638,665,947,1149,973,638,198,22,2,6074,417,469,524,643,840,1135,1016,633,338,57,2
2017,06,읍면동,경기도 양평군 양평읍,30537,2737,3489,3502,3817,5113,5230,3417,2205,890,126,11,15323,1427,1814,1910,1872,2578,2697,1694,992,295,41,3,15214,1310,1675,1592,1945,2535,2533,1723,1213,595,85,8
2017,06,읍면동,경기도 양평군 옥천면,7396,545,510,742,788,1032,1402,1256,766,312,38,5,3767,282,274,425,394,586,701,608,377,111,9,0,3629,263,236,317,394,446,701,648,389,201,29,5
2017,06,읍면동,경기도 양평군 용문면,16844,1437,1734,1704,1758,2450,2840,2309,1730,775,102,5,8563,763,917,944,889,1302,1488,1147,803,280,28,2,8281,674,817,760,869,1148,1352,1162,927,495,74,3
2017,06,읍면동,경기도 양평군 지평면,6657,293,461,503,447,798,1373,1242,980,491,68,1,3384,169,248,287,242,460,712,646,428,166,26,0,3273,124,213,216,205,338,661,596,552,325,42,1
2017,06,읍면동,경기도 양평군 청운면,3709,132,196,256,245,408,763,795,567,294,48,5,1895,62,110,149,139,243,418,394,264,109,7,0,1814,70,86,107,106,165,345,401,303,185,41,5
2017,06,시군,경기도 여주시 ,112002,8897,11091,12242,13403,17288,19966,14436,9693,4346,602,38,56619,4647,5631,6646,6895,9086,10383,7257,4425,1524,112,13,55383,4250,5460,5596,6508,8202,9583,7179,5268,2822,490,25
2017,06,읍면동,경기도 여주시 가남읍,16057,1374,1532,1687,2255,2471,2740,2033,1295,580,83,7,8263,702,776,914,1211,1338,1446,1044,599,211,19,3,7794,672,756,773,1044,1133,1294,989,696,369,64,4
2017,06,읍면동,경기도 여주시 강천면,3978,162,300,367,321,524,783,717,495,270,37,2,2044,92,162,200,180,296,416,364,238,93,2,1,1934,70,138,167,141,228,367,353,257,177,35,1
2017,06,읍면동,경기도 여주시 금사면,3074,141,191,248,240,353,643,640,400,185,31,2,1561,69,107,139,139,185,337,317,192,71,5,0,1513,72,84,109,101,168,306,323,208,114,26,2
2017,06,읍면동,경기도 여주시 능서면,6657,351,565,623,618,790,1358,1066,804,421,61,0,3438,164,300,363,336,470,722,565,366,133,19,0,3219,187,265,260,282,320,636,501,438,288,42,0
2017,06,읍면동,경기도 여주시 대신면,7680,275,551,683,558,923,1638,1392,1094,500,63,3,3832,145,288,390,314,494,803,704,488,189,15,2,3848,130,263,293,244,429,835,688,606,311,48,1
2017,06,읍면동,경기도 여주시 북내면,5192,211,485,503,357,736,1046,771,684,349,47,3,2645,109,245,280,199,401,569,403,303,126,9,1,2547,102,240,223,158,335,477,368,381,223,38,2
2017,06,읍면동,경기도 여주시 산북면,2577,125,202,219,211,324,478,469,372,152,24,1,1259,52,96,120,102,176,232,239,178,60,4,0,1318,73,106,99,109,148,246,230,194,92,20,1
2017,06,읍면동,경기도 여주시 여흥동,21956,2067,2219,2704,3017,3725,3757,2419,1433,527,79,9,11083,1075,1119,1485,1513,1918,1945,1192,660,166,7,3,10873,992,1100,1219,1504,1807,1812,1227,773,361,72,6
2017,06,읍면동,경기도 여주시 오학동,15158,1910,1580,1719,2581,2665,2343,1275,746,288,45,6,7558,1029,788,900,1248,1357,1185,620,327,94,8,2,7600,881,792,819,1333,1308,1158,655,419,194,37,4
2017,06,읍면동,경기도 여주시 점동면,4858,189,442,503,330,548,963,889,623,324,47,0,2512,107,239,288,183,308,521,450,290,114,12,0,2346,82,203,215,147,240,442,439,333,210,35,0
2017,06,읍면동,경기도 여주시 중앙동,19636,1848,2661,2520,2508,3637,3137,1811,1049,418,45,2,9739,962,1334,1295,1246,1808,1630,857,457,143,6,1,9897,886,1327,1225,1262,1829,1507,954,592,275,39,1
2017,06,읍면동,경기도 여주시 흥천면,5179,244,363,466,407,592,1080,954,698,332,40,3,2685,141,177,272,224,335,577,502,327,124,6,0,2494,103,186,194,183,257,503,452,371,208,34,3
2017,06,시군,경기도 연천군 ,45649,3501,3753,5934,4846,5713,7955,6317,5074,2207,317,32,23984,1807,2005,3816,2636,3162,4265,3172,2231,803,76,11,21665,1694,1748,2118,2210,2551,3690,3145,2843,1404,241,21
2017,06,읍면동,경기도 연천군 군남면,3567,155,236,376,265,396,693,619,549,243,33,2,1873,72,126,246,152,241,374,321,243,88,9,1,1694,83,110,130,113,155,319,298,306,155,24,1
2017,06,읍면동,경기도 연천군 미산면,1765,66,81,180,96,164,385,372,280,120,18,3,929,36,44,112,56,95,206,202,132,41,4,1,836,30,37,68,40,69,179,170,148,79,14,2
2017,06,읍면동,경기도 연천군 백학면,2839,152,203,285,207,313,570,464,450,178,16,1,1506,77,115,189,123,184,306,229,207,70,6,0,1333,75,88,96,84,129,264,235,243,108,10,1
2017,06,읍면동,경기도 연천군 신서면,3066,98,154,415,201,297,560,601,509,201,28,2,1663,48,80,316,125,187,302,287,227,81,9,1,1403,50,74,99,76,110,258,314,282,120,19,1
2017,06,읍면동,경기도 연천군 연천읍,8330,826,577,1416,1069,905,1226,955,908,395,51,2,4510,432,308,971,599,526,679,465,370,148,12,0,3820,394,269,445,470,379,547,490,538,247,39,2
2017,06,읍면동,경기도 연천군 왕징면,1105,42,59,94,61,111,187,252,214,70,13,2,580,29,31,58,37,71,101,127,96,26,3,1,525,13,28,36,24,40,86,125,118,44,10,1
2017,06,읍면동,경기도 연천군 장남면,754,35,36,64,45,92,147,141,134,47,13,0,377,15,22,39,23,52,75,69,66,16,0,0,377,20,14,25,22,40,72,72,68,31,13,0
2017,06,읍면동,경기도 연천군 전곡읍,19830,1931,2147,2559,2510,2945,3288,2166,1452,710,107,15,10208,1010,1127,1498,1299,1525,1729,1104,639,245,26,6,9622,921,1020,1061,1211,1420,1559,1062,813,465,81,9
2017,06,읍면동,경기도 연천군 중면,227,13,13,68,23,13,36,31,17,11,2,0,134,7,5,57,12,6,19,18,7,3,0,0,93,6,8,11,11,7,17,13,10,8,2,0
2017,06,읍면동,경기도 연천군 청산면,4166,183,247,477,369,477,863,716,561,232,36,5,2204,81,147,330,210,275,474,350,244,85,7,1,1962,102,100,147,159,202,389,366,317,147,29,4
2017,06,시군,경기도 오산시 ,210483,26894,24441,26924,40229,39312,27571,13940,7940,2817,382,33,108060,13843,12527,14358,21051,20704,14332,6781,3401,971,85,7,102423,13051,11914,12566,19178,18608,13239,7159,4539,1846,297,26
2017,06,읍면동,경기도 오산시 남촌동,22164,1498,1582,4379,5859,3852,2627,1376,720,230,36,5,12758,774,818,2485,3680,2328,1537,710,345,72,8,1,9406,724,764,1894,2179,1524,1090,666,375,158,28,4
2017,06,읍면동,경기도 오산시 대원동,66740,8835,8198,8673,12533,12735,8530,4062,2291,765,112,6,34146,4531,4336,4626,6386,6602,4452,1956,959,269,29,0,32594,4304,3862,4047,6147,6133,4078,2106,1332,496,83,6
2017,06,읍면동,경기도 오산시 세마동,19624,2983,2279,2176,3565,3756,2565,1341,684,227,42,6,9991,1588,1148,1157,1698,1999,1323,667,319,81,10,1,9633,1395,1131,1019,1867,1757,1242,674,365,146,32,5
2017,06,읍면동,경기도 오산시 신장동,57286,8344,6337,6416,11022,10093,7667,4155,2306,833,106,7,28646,4260,3162,3368,5609,5222,3758,1997,974,276,20,0,28640,4084,3175,3048,5413,4871,3909,2158,1332,557,86,7
2017,06,읍면동,경기도 오산시 중앙동,27664,3029,3755,3466,4170,5531,3923,1962,1263,506,55,4,13897,1535,1906,1799,2121,2785,2085,950,524,180,11,1,13767,1494,1849,1667,2049,2746,1838,1012,739,326,44,3
2017,06,읍면동,경기도 오산시 초평동,17005,2205,2290,1814,3080,3345,2259,1044,676,256,31,5,8622,1155,1157,923,1557,1768,1177,501,280,93,7,4,8383,1050,1133,891,1523,1577,1082,543,396,163,24,1
2017,06,시군,경기도 용인시 ,996894,110096,125430,119025,149666,196291,136455,82849,54177,19840,2915,150,495643,56515,64946,61433,72408,98092,70262,38433,25193,7600,741,20,501251,53581,60484,57592,77258,98199,66193,44416,28984,12240,2174,130
2017,06,구,경기도 용인시 기흥구 ,418336,50927,52509,47992,66132,84423,53626,32570,21441,7529,1138,49,207047,26184,27023,24745,31627,42203,27184,14844,10002,2934,295,6,211289,24743,25486,23247,34505,42220,26442,17726,11439,4595,843,43
2017,06,읍면동,경기도 용인시 기흥구 구갈동,26939,2263,3002,4380,4520,4923,4155,2062,1161,407,63,3,13535,1141,1505,2205,2382,2478,2138,998,540,135,13,0,13404,1122,1497,2175,2138,2445,2017,1064,621,272,50,3
2017,06,읍면동,경기도 용인시 기흥구 구성동,40791,4843,5091,3796,5859,8521,4915,3872,2837,923,128,6,19782,2482,2600,1960,2676,4245,2391,1673,1322,409,23,1,21009,2361,2491,1836,3183,4276,2524,2199,1515,514,105,5
2017,06,읍면동,경기도 용인시 기흥구 기흥동,22730,2736,2390,2521,3758,4221,3223,2131,1239,441,66,4,11252,1367,1267,1317,1846,2137,1551,1004,595,148,20,0,11478,1369,1123,1204,1912,2084,1672,1127,644,293,46,4
2017,06,읍면동,경기도 용인시 기흥구 동백동,80834,11570,13079,7390,11910,19179,8793,4660,3076,1020,147,10,39681,5939,6744,3763,5165,9579,4617,2045,1391,394,42,2,41153,5631,6335,3627,6745,9600,4176,2615,1685,626,105,8
2017,06,읍면동,경기도 용인시 기흥구 마북동,32533,3302,3555,3830,4735,5777,4485,3387,2476,865,116,5,15946,1710,1798,2007,2286,2807,2226,1503,1212,363,34,0,16587,1592,1757,1823,2449,2970,2259,1884,1264,502,82,5
2017,06,읍면동,경기도 용인시 기흥구 보정동,36557,4173,4464,3888,5385,7381,4469,3375,2549,755,117,1,17970,2189,2266,1961,2477,3612,2282,1529,1287,340,27,0,18587,1984,2198,1927,2908,3769,2187,1846,1262,415,90,1
2017,06,읍면동,경기도 용인시 기흥구 상갈동,46606,5190,6084,5153,6964,9576,6062,3841,2706,899,124,7,23514,2721,3188,2642,3478,4882,3154,1760,1286,365,36,2,23092,2469,2896,2511,3486,4694,2908,2081,1420,534,88,5
2017,06,읍면동,경기도 용인시 기흥구 상하동,25379,2805,3262,3000,3629,5130,3645,2082,1307,451,64,4,12415,1429,1670,1575,1723,2487,1831,950,583,155,12,0,12964,1376,1592,1425,1906,2643,1814,1132,724,296,52,4
2017,06,읍면동,경기도 용인시 기흥구 서농동,24119,3806,2141,4385,5338,3699,2697,1225,595,194,38,1,12367,1964,1125,2353,2776,1911,1318,584,266,61,9,0,11752,1842,1016,2032,2562,1788,1379,641,329,133,29,1
2017,06,읍면동,경기도 용인시 기흥구 신갈동,36536,3857,4227,4488,5603,7147,5357,2988,2020,740,104,5,18090,1948,2158,2263,2767,3601,2774,1393,875,284,26,1,18446,1909,2069,2225,2836,3546,2583,1595,1145,456,78,4
2017,06,읍면동,경기도 용인시 기흥구 영덕동,45312,6382,5214,5161,8431,8869,5825,2947,1475,834,171,3,22495,3294,2702,2699,4051,4464,2902,1405,645,280,53,0,22817,3088,2512,2462,4380,4405,2923,1542,830,554,118,3
2017,06,구,경기도 용인시 수지구 ,348970,38518,46045,41185,51283,71406,45431,28098,19480,6512,972,40,170708,19784,23531,20723,23838,34767,23360,12585,9262,2605,248,5,178262,18734,22514,20462,27445,36639,22071,15513,10218,3907,724,35
2017,06,읍면동,경기도 용인시 수지구 동천동,36483,4069,4608,4407,5387,7567,4970,3035,1790,550,95,5,18021,2096,2354,2234,2523,3730,2527,1460,872,210,15,0,18462,1973,2254,2173,2864,3837,2443,1575,918,340,80,5
2017,06,읍면동,경기도 용인시 수지구 상현1동,48032,5469,6532,5679,7197,9842,6087,3801,2461,825,135,4,23356,2804,3341,2796,3292,4768,3160,1649,1196,323,27,0,24676,2665,3191,2883,3905,5074,2927,2152,1265,502,108,4
2017,06,읍면동,경기도 용인시 수지구 상현2동,33324,3564,4593,3624,4410,6831,4355,3003,2191,651,99,3,16210,1873,2321,1819,2003,3293,2235,1318,1061,258,29,0,17114,1691,2272,1805,2407,3538,2120,1685,1130,393,70,3
2017,06,읍면동,경기도 용인시 수지구 성복동,37937,3880,4583,3866,4620,7213,5047,4577,3117,872,155,7,18232,1956,2310,1997,1940,3466,2484,2000,1636,396,45,2,19705,1924,2273,1869,2680,3747,2563,2577,1481,476,110,5
2017,06,읍면동,경기도 용인시 수지구 신봉동,37539,4268,5338,3742,4810,8320,4697,3135,2363,765,97,4,18249,2138,2726,1916,2100,4025,2468,1353,1159,344,20,0,19290,2130,2612,1826,2710,4295,2229,1782,1204,421,77,4
2017,06,읍면동,경기도 용인시 수지구 죽전1동,59334,6833,7936,7331,8951,12116,7633,4238,3057,1072,159,8,28970,3500,4053,3687,4178,5916,3861,1920,1386,421,47,1,30364,3333,3883,3644,4773,6200,3772,2318,1671,651,112,7
2017,06,읍면동,경기도 용인시 수지구 죽전2동,19493,1963,1928,2881,3723,3388,2756,1487,923,397,46,1,9614,1022,1005,1406,1859,1668,1363,701,428,154,8,0,9879,941,923,1475,1864,1720,1393,786,495,243,38,1
2017,06,읍면동,경기도 용인시 수지구 풍덕천1동,37256,3732,4393,5152,6368,7114,5076,2709,1933,674,103,2,18607,1897,2315,2654,3269,3518,2605,1250,830,238,31,0,18649,1835,2078,2498,3099,3596,2471,1459,1103,436,72,2
2017,06,읍면동,경기도 용인시 수지구 풍덕천2동,39572,4740,6134,4503,5817,9015,4810,2113,1645,706,83,6,19449,2498,3106,2214,2674,4383,2657,934,694,261,26,2,20123,2242,3028,2289,3143,4632,2153,1179,951,445,57,4
2017,06,구,경기도 용인시 처인구 ,229588,20651,26876,29848,32251,40462,37398,22181,13256,5799,805,61,117888,10547,14392,15965,16943,21122,19718,11004,5929,2061,198,9,111700,10104,12484,13883,15308,19340,17680,11177,7327,3738,607,52
2017,06,읍면동,경기도 용인시 처인구 남사면,6966,296,536,722,644,1040,1420,1078,764,405,56,5,3712,157,269,403,366,621,823,555,341,160,17,0,3254,139,267,319,278,419,597,523,423,245,39,5
2017,06,읍면동,경기도 용인시 처인구 동부동,14238,1049,1531,1999,1856,2527,2580,1530,805,312,43,6,7266,529,836,1055,996,1273,1318,772,367,111,9,0,6972,520,695,944,860,1254,1262,758,438,201,34,6
2017,06,읍면동,경기도 용인시 처인구 모현면,26430,2522,2602,3289,3811,4595,4416,2859,1611,634,84,7,13905,1329,1370,1808,2011,2474,2417,1472,760,244,18,2,12525,1193,1232,1481,1800,2121,1999,1387,851,390,66,5
2017,06,읍면동,경기도 용인시 처인구 백암면,9110,343,925,1018,800,1191,1815,1404,986,541,81,6,4723,180,431,570,481,689,990,730,431,199,21,1,4387,163,494,448,319,502,825,674,555,342,60,5
2017,06,읍면동,경기도 용인시 처인구 양지면,19046,1507,2861,2320,2545,3064,3153,1923,1061,516,91,5,10251,808,1756,1294,1387,1629,1681,996,505,170,24,1,8795,699,1105,1026,1158,1435,1472,927,556,346,67,4
2017,06,읍면동,경기도 용인시 처인구 역삼동,31045,3385,3584,4671,5274,5484,4437,2321,1325,491,66,7,15595,1692,1871,2440,2724,2705,2221,1132,611,178,20,1,15450,1693,1713,2231,2550,2779,2216,1189,714,313,46,6
2017,06,읍면동,경기도 용인시 처인구 원삼면,7913,438,576,775,768,1143,1557,1322,864,418,48,4,4112,228,285,437,441,654,815,689,405,144,14,0,3801,210,291,338,327,489,742,633,459,274,34,4
2017,06,읍면동,경기도 용인시 처인구 유림동,33110,3658,4639,3981,4886,6816,4768,2297,1457,546,60,2,16710,1818,2450,2063,2452,3417,2564,1106,617,204,19,0,16400,1840,2189,1918,2434,3399,2204,1191,840,342,41,2
2017,06,읍면동,경기도 용인시 처인구 이동면,21469,2138,2156,2230,2990,3717,3760,2319,1373,673,105,8,10921,1081,1144,1252,1547,2013,1963,1094,581,219,26,1,10548,1057,1012,978,1443,1704,1797,1225,792,454,79,7
2017,06,읍면동,경기도 용인시 처인구 중앙동,24992,2011,2649,4035,3583,4348,4138,2353,1262,532,72,9,12588,1026,1381,2082,1885,2230,2079,1140,563,183,16,3,12404,985,1268,1953,1698,2118,2059,1213,699,349,56,6
2017,06,읍면동,경기도 용인시 처인구 포곡읍,35269,3304,4817,4808,5094,6537,5354,2775,1748,731,99,2,18105,1699,2599,2561,2653,3417,2847,1318,748,249,14,0,17164,1605,2218,2247,2441,3120,2507,1457,1000,482,85,2
2017,06,시군,경기도 의왕시 ,155521,13874,16218,21981,22061,26400,27859,15394,7741,3427,526,40,77706,7168,8307,11573,11395,13024,13743,7797,3489,1075,125,10,77815,6706,7911,10408,10666,13376,14116,7597,4252,2352,401,30
2017,06,읍면동,경기도 의왕시 고천동,12416,986,1135,1619,1799,1846,2280,1622,749,331,47,2,6256,508,577,867,952,944,1089,847,364,94,13,1,6160,478,558,752,847,902,1191,775,385,237,34,1
2017,06,읍면동,경기도 의왕시 내손1동,22517,1919,2617,3543,2862,3929,4354,1923,877,423,61,9,11050,977,1355,1822,1392,1835,2160,978,383,135,12,1,11467,942,1262,1721,1470,2094,2194,945,494,288,49,8
2017,06,읍면동,경기도 의왕시 내손2동,33110,3198,3139,5085,4943,5528,5939,3025,1432,696,119,6,16441,1628,1680,2669,2485,2679,2947,1545,587,200,20,1,16669,1570,1459,2416,2458,2849,2992,1480,845,496,99,5
2017,06,읍면동,경기도 의왕시 부곡동,26408,2085,2628,3734,3729,4346,4606,2646,1728,806,91,9,13477,1090,1310,2015,2102,2236,2327,1325,764,277,28,3,12931,995,1318,1719,1627,2110,2279,1321,964,529,63,6
2017,06,읍면동,경기도 의왕시 오전동,39656,3555,4589,5304,5426,7009,7130,4061,1781,669,126,6,19805,1849,2344,2792,2740,3430,3499,2077,845,200,27,2,19851,1706,2245,2512,2686,3579,3631,1984,936,469,99,4
2017,06,읍면동,경기도 의왕시 청계동,21414,2131,2110,2696,3302,3742,3550,2117,1174,502,82,8,10677,1116,1041,1408,1724,1900,1721,1025,546,169,25,2,10737,1015,1069,1288,1578,1842,1829,1092,628,333,57,6
2017,06,시군,경기도 의정부시 ,438061,36606,47262,59277,59859,77359,74887,43685,27455,10195,1290,186,216210,18804,24366,30300,30369,38270,37437,20735,12003,3558,330,38,221851,17802,22896,28977,29490,39089,37450,22950,15452,6637,960,148
2017,06,읍면동,경기도 의정부시 가능1동,24911,1497,2307,3529,3122,4110,4904,2863,1817,679,72,11,12519,779,1172,1854,1693,2107,2476,1373,797,251,16,1,12392,718,1135,1675,1429,2003,2428,1490,1020,428,56,10
2017,06,읍면동,경기도 의정부시 녹양동,23412,2172,2662,3146,3220,4177,3999,2174,1287,507,65,3,11696,1176,1408,1631,1640,2069,1981,1028,571,174,18,0,11716,996,1254,1515,1580,2108,2018,1146,716,333,47,3
2017,06,읍면동,경기도 의정부시 송산1동,33653,2770,3889,4522,4300,6114,5942,3225,1930,826,124,11,16692,1373,2034,2391,2209,2988,3022,1573,809,264,29,0,16961,1397,1855,2131,2091,3126,2920,1652,1121,562,95,11
2017,06,읍면동,경기도 의정부시 송산2동,58214,6954,7761,6822,8688,11715,8299,4152,2638,1052,128,5,28435,3549,3903,3469,4150,5714,4233,1917,1110,363,25,2,29779,3405,3858,3353,4538,6001,4066,2235,1528,689,103,3
2017,06,읍면동,경기도 의정부시 신곡1동,44243,3500,5052,6176,5681,7901,7984,4324,2562,957,96,10,21825,1812,2566,3213,2916,3735,3990,2122,1120,319,30,2,22418,1688,2486,2963,2765,4166,3994,2202,1442,638,66,8
2017,06,읍면동,경기도 의정부시 신곡2동,47359,4028,6224,6769,5700,8734,8273,4067,2412,1001,143,8,22963,2071,3241,3418,2749,4065,4088,1950,1022,317,41,1,24396,1957,2983,3351,2951,4669,4185,2117,1390,684,102,7
2017,06,읍면동,경기도 의정부시 의정부1동,20506,990,1393,3195,2936,3247,4061,2552,1468,552,84,28,10617,529,688,1605,1662,1802,2129,1305,665,204,23,5,9889,461,705,1590,1274,1445,1932,1247,803,348,61,23
2017,06,읍면동,경기도 의정부시 의정부2동,28266,1783,2370,4616,4298,4718,4971,2884,1901,642,75,8,14033,927,1258,2282,2287,2375,2471,1341,822,237,30,3,14233,856,1112,2334,2011,2343,2500,1543,1079,405,45,5
2017,06,읍면동,경기도 의정부시 의정부3동,11668,541,783,1891,1667,1819,2220,1433,907,349,38,20,5909,283,421,947,881,1013,1186,671,363,129,11,4,5759,258,362,944,786,806,1034,762,544,220,27,16
2017,06,읍면동,경기도 의정부시 자금동,30390,2733,3393,4009,4051,5471,5247,2837,1824,710,97,18,14902,1371,1784,2027,2024,2647,2611,1375,785,248,21,9,15488,1362,1609,1982,2027,2824,2636,1462,1039,462,76,9
2017,06,읍면동,경기도 의정부시 장암동,20710,1846,2222,2390,2818,3613,3382,2281,1488,587,73,10,9956,936,1138,1254,1371,1778,1636,1031,623,177,11,1,10754,910,1084,1136,1447,1835,1746,1250,865,410,62,9
2017,06,읍면동,경기도 의정부시 호원1동,35753,2941,2958,4578,5552,5696,5579,4555,2898,868,108,20,17555,1558,1513,2222,2834,2924,2630,2128,1379,336,26,5,18198,1383,1445,2356,2718,2772,2949,2427,1519,532,82,15
2017,06,읍면동,경기도 의정부시 호원2동,37396,3364,4090,4684,5085,6441,6044,3923,2748,904,106,7,18254,1699,2094,2399,2485,3163,2960,1807,1262,355,28,2,19142,1665,1996,2285,2600,3278,3084,2116,1486,549,78,5
2017,06,읍면동,경기도 의정부시 흥선동,21580,1487,2158,2950,2741,3603,3982,2415,1575,561,81,27,10854,741,1146,1588,1468,1890,2024,1114,675,184,21,3,10726,746,1012,1362,1273,1713,1958,1301,900,377,60,24
2017,06,시군,경기도 이천시 ,212305,21909,24961,27001,31824,35357,33286,19568,12142,5468,740,49,108306,11324,13109,14324,16540,18188,17444,9894,5428,1858,186,11,103999,10585,11852,12677,15284,17169,15842,9674,6714,3610,554,38
2017,06,읍면동,경기도 이천시 관고동,10571,782,1033,1569,1515,1670,1996,1129,604,241,30,2,5310,433,493,799,813,826,1026,581,255,75,8,1,5261,349,540,770,702,844,970,548,349,166,22,1
2017,06,읍면동,경기도 이천시 대월면,14066,1573,1387,2088,2513,2109,1926,1259,828,318,60,5,7008,813,696,1001,1248,1117,1025,633,353,107,13,2,7058,760,691,1087,1265,992,901,626,475,211,47,3
2017,06,읍면동,경기도 이천시 마장면,11209,1044,1640,1464,1578,1495,1601,1185,771,367,59,5,6096,549,928,865,893,871,876,621,351,126,16,0,5113,495,712,599,685,624,725,564,420,241,43,5
2017,06,읍면동,경기도 이천시 모가면,4661,206,321,476,432,565,1002,759,579,272,48,1,2475,117,184,283,256,316,545,398,266,98,12,0,2186,89,137,193,176,249,457,361,313,174,36,1
2017,06,읍면동,경기도 이천시 백사면,10539,809,971,1319,1201,1617,1997,1274,858,433,55,5,5375,424,513,684,655,829,1057,650,395,150,18,0,5164,385,458,635,546,788,940,624,463,283,37,5
2017,06,읍면동,경기도 이천시 부발읍,37846,4945,4970,4587,6746,6936,4892,2592,1462,630,82,4,19311,2519,2587,2343,3392,3597,2673,1312,649,222,17,0,18535,2426,2383,2244,3354,3339,2219,1280,813,408,65,4
2017,06,읍면동,경기도 이천시 설성면,5148,258,314,503,473,602,1038,895,683,343,37,2,2705,122,153,295,277,378,565,470,310,125,9,1,2443,136,161,208,196,224,473,425,373,218,28,1
2017,06,읍면동,경기도 이천시 신둔면,11947,921,1169,1449,1501,1880,2324,1423,840,366,70,4,6294,495,643,775,818,1015,1250,756,402,123,16,1,5653,426,526,674,683,865,1074,667,438,243,54,3
2017,06,읍면동,경기도 이천시 율면,2871,92,168,229,200,299,553,547,450,294,37,2,1440,49,76,129,122,180,297,263,215,98,10,1,1431,43,92,100,78,119,256,284,235,196,27,1
2017,06,읍면동,경기도 이천시 장호원읍,15689,1313,1680,1682,1876,2318,2720,1978,1339,698,76,9,7922,681,865,947,968,1218,1379,983,609,242,26,4,7767,632,815,735,908,1100,1341,995,730,456,50,5
2017,06,읍면동,경기도 이천시 중리동,14418,1218,1127,2326,2450,2111,2486,1483,845,322,48,2,7804,653,615,1387,1484,1117,1274,736,409,116,13,0,6614,565,512,939,966,994,1212,747,436,206,35,2
2017,06,읍면동,경기도 이천시 증포동,48846,6952,7822,5670,7998,9919,6305,2286,1278,550,63,3,24289,3552,4115,2899,3799,4786,3322,1132,504,166,13,1,24557,3400,3707,2771,4199,5133,2983,1154,774,384,50,2
2017,06,읍면동,경기도 이천시 창전동,18549,1343,1922,2957,2606,2981,3347,1940,1046,369,34,4,9147,677,995,1548,1392,1431,1563,953,452,130,6,0,9402,666,927,1409,1214,1550,1784,987,594,239,28,4
2017,06,읍면동,경기도 이천시 호법면,5945,453,437,682,735,855,1099,818,559,265,41,1,3130,240,246,369,423,507,592,406,258,80,9,0,2815,213,191,313,312,348,507,412,301,185,32,1
2017,06,시군,경기도 파주시 ,432594,47377,48567,52961,67363,77338,63467,37546,25858,10520,1439,158,219603,24228,25118,27746,35507,40130,33254,18186,11220,3798,372,44,212991,23149,23449,25215,31856,37208,30213,19360,14638,6722,1067,114
2017,06,읍면동,경기도 파주시 광탄면,12253,582,864,1529,1215,1627,2658,1813,1234,620,96,15,6592,314,456,900,717,933,1502,983,563,199,20,5,5661,268,408,629,498,694,1156,830,671,421,76,10
2017,06,읍면동,경기도 파주시 교하동,42609,5153,5906,4306,6476,9033,5726,3167,1885,834,110,13,21541,2658,3119,2280,3121,4620,3080,1546,822,272,21,2,21068,2495,2787,2026,3355,4413,2646,1621,1063,562,89,11
2017,06,읍면동,경기도 파주시 금촌1동,23444,1581,1958,3517,3469,3712,4265,2539,1635,664,95,9,12288,801,1042,1928,1978,2034,2281,1261,694,237,28,4,11156,780,916,1589,1491,1678,1984,1278,941,427,67,5
2017,06,읍면동,경기도 파주시 금촌2동,35813,4744,4887,4230,6141,6874,4518,2209,1549,573,80,8,17634,2457,2526,2026,3139,3373,2289,993,613,200,17,1,18179,2287,2361,2204,3002,3501,2229,1216,936,373,63,7
2017,06,읍면동,경기도 파주시 금촌3동,28902,3194,3296,3941,4618,4843,4305,2401,1601,626,75,2,14775,1618,1751,2056,2486,2477,2243,1174,710,237,23,0,14127,1576,1545,1885,2132,2366,2062,1227,891,389,52,2
2017,06,읍면동,경기도 파주시 문산읍,50805,6284,4843,6377,9292,7737,6842,4318,3448,1455,188,21,25912,3185,2523,3294,5154,4147,3489,2026,1469,559,57,9,24893,3099,2320,3083,4138,3590,3353,2292,1979,896,131,12
2017,06,읍면동,경기도 파주시 법원읍,11831,589,1014,1383,1154,1711,2409,1686,1264,536,77,8,6230,306,570,793,677,958,1304,862,553,182,23,2,5601,283,444,590,477,753,1105,824,711,354,54,6
2017,06,읍면동,경기도 파주시 운정1동,44895,6352,5859,4729,7569,9090,5815,2993,1780,625,77,6,22010,3239,2913,2341,3584,4559,2910,1447,784,213,19,1,22885,3113,2946,2388,3985,4531,2905,1546,996,412,58,5
2017,06,읍면동,경기도 파주시 운정2동,38649,5541,5447,3664,6380,8131,4594,2497,1711,610,72,2,18807,2812,2774,1808,3013,4040,2276,1110,714,240,19,1,19842,2729,2673,1856,3367,4091,2318,1387,997,370,53,1
2017,06,읍면동,경기도 파주시 운정3동,59505,8251,7608,6105,10098,12225,7634,3980,2565,923,112,4,29058,4219,3850,3044,4757,6158,3787,1788,1095,337,23,0,30447,4032,3758,3061,5341,6067,3847,2192,1470,586,89,4
2017,06,읍면동,경기도 파주시 월롱면,12232,289,387,4631,2654,1101,1395,930,554,254,35,2,7517,151,206,2531,2245,708,830,511,247,84,4,0,4715,138,181,2100,409,393,565,419,307,170,31,2
2017,06,읍면동,경기도 파주시 장단출장소,605,37,41,73,56,83,114,84,89,26,2,0,302,14,20,32,35,53,61,34,41,11,1,0,303,23,21,41,21,30,53,50,48,15,1,0
2017,06,읍면동,경기도 파주시 적성면,7904,697,647,918,988,987,1400,1046,854,322,43,2,4136,357,357,523,540,558,756,524,390,122,9,0,3768,340,290,395,448,429,644,522,464,200,34,2
2017,06,읍면동,경기도 파주시 조리읍,31178,2251,3455,3848,3498,5251,5876,3591,2315,935,148,10,15756,1130,1736,2080,1847,2636,3113,1779,1049,338,44,4,15422,1121,1719,1768,1651,2615,2763,1812,1266,597,104,6
2017,06,읍면동,경기도 파주시 진동면,173,8,8,3,12,23,32,39,33,13,2,0,95,2,4,2,7,12,21,20,20,6,1,0,78,6,4,1,5,11,11,19,13,7,1,0
2017,06,읍면동,경기도 파주시 탄현면,14092,991,1201,1664,1884,2522,2390,1627,1186,537,86,4,7586,525,654,916,1115,1428,1349,822,549,203,25,0,6506,466,547,748,769,1094,1041,805,637,334,61,4
2017,06,읍면동,경기도 파주시 파주읍,13624,693,888,1603,1589,1934,2613,1956,1524,696,86,42,7252,369,480,934,942,1161,1474,968,625,261,26,12,6372,324,408,669,647,773,1139,988,899,435,60,30
2017,06,읍면동,경기도 파주시 파평면,4080,140,258,440,270,454,881,670,631,271,55,10,2112,71,137,258,150,275,489,338,282,97,12,3,1968,69,121,182,120,179,392,332,349,174,43,7
2017,06,시군,경기도 평택시 ,476353,47829,53584,62018,73528,86087,74778,40521,25632,10773,1398,205,243730,24515,27812,33508,39017,45010,39206,19540,11003,3672,385,62,232623,23314,25772,28510,34511,41077,35572,20981,14629,7101,1013,143
2017,06,읍면동,경기도 평택시 고덕면,11291,1129,1043,1444,1585,1830,1882,1190,789,347,47,5,5899,567,564,832,840,995,1028,604,351,107,10,1,5392,562,479,612,745,835,854,586,438,240,37,4
2017,06,읍면동,경기도 평택시 비전1동,49085,6006,6154,6460,9157,9382,6661,2947,1583,645,81,9,24856,3109,3168,3305,4776,4736,3435,1413,684,209,19,2,24229,2897,2986,3155,4381,4646,3226,1534,899,436,62,7
2017,06,읍면동,경기도 평택시 비전2동,60064,6888,8129,8146,9363,11613,8852,3876,2207,869,107,14,30177,3573,4246,4242,4674,5684,4578,1862,964,329,23,2,29887,3315,3883,3904,4689,5929,4274,2014,1243,540,84,12
2017,06,읍면동,경기도 평택시 서정동,30192,2259,3273,4453,4229,5420,5233,2747,1811,671,80,16,15157,1183,1695,2380,2264,2723,2622,1248,774,232,29,7,15035,1076,1578,2073,1965,2697,2611,1499,1037,439,51,9
2017,06,읍면동,경기도 평택시 서탄면,4106,218,276,431,486,552,810,633,463,214,22,1,2224,106,160,234,299,340,470,327,207,78,3,0,1882,112,116,197,187,212,340,306,256,136,19,1
2017,06,읍면동,경기도 평택시 세교동,22010,1855,2875,3276,2704,4121,3871,1723,1082,438,61,4,11172,960,1505,1787,1414,2019,2023,831,453,159,20,1,10838,895,1370,1489,1290,2102,1848,892,629,279,41,3
2017,06,읍면동,경기도 평택시 송북동,23259,2133,2587,3194,3270,4072,4082,2042,1249,538,84,8,11524,1062,1358,1660,1622,2070,2070,974,499,178,27,4,11735,1071,1229,1534,1648,2002,2012,1068,750,360,57,4
2017,06,읍면동,경기도 평택시 송탄동,15637,1992,1768,1798,2530,3006,2469,1105,629,293,41,6,8143,1032,901,968,1285,1633,1346,572,302,93,9,2,7494,960,867,830,1245,1373,1123,533,327,200,32,4
2017,06,읍면동,경기도 평택시 신장1동,6604,639,481,813,1122,1073,1042,718,485,191,31,9,3159,323,254,403,592,583,476,282,168,66,7,5,3445,316,227,410,530,490,566,436,317,125,24,4
2017,06,읍면동,경기도 평택시 신장2동,6447,279,458,777,722,970,1244,929,717,292,42,17,3159,142,227,429,384,550,619,413,283,95,10,7,3288,137,231,348,338,420,625,516,434,197,32,10
2017,06,읍면동,경기도 평택시 신평동,24621,1611,2480,3956,3443,4192,4408,2406,1500,558,57,10,12338,810,1312,2064,1885,2029,2209,1160,646,207,13,3,12283,801,1168,1892,1558,2163,2199,1246,854,351,44,7
2017,06,읍면동,경기도 평택시 안중읍,42071,4930,6399,4789,6307,8808,5467,2734,1759,756,113,9,21348,2443,3269,2595,3201,4516,2994,1330,727,242,30,1,20723,2487,3130,2194,3106,4292,2473,1404,1032,514,83,8
2017,06,읍면동,경기도 평택시 오성면,7234,465,626,822,736,1032,1444,966,725,369,45,4,3762,230,325,461,421,589,786,482,321,119,27,1,3472,235,301,361,315,443,658,484,404,250,18,3
2017,06,읍면동,경기도 평택시 원평동,12446,989,1002,1871,1948,1956,2135,1301,858,325,47,14,6361,502,538,1005,1083,1007,1114,594,394,109,10,5,6085,487,464,866,865,949,1021,707,464,216,37,9
2017,06,읍면동,경기도 평택시 중앙동,46183,4458,6324,6490,6247,8992,7357,3327,2029,839,105,15,23204,2280,3224,3532,3192,4439,3787,1615,825,274,30,6,22979,2178,3100,2958,3055,4553,3570,1712,1204,565,75,9
2017,06,읍면동,경기도 평택시 지산동,11488,946,1064,1894,2098,2024,1622,968,624,220,24,4,5889,479,542,1025,1161,1059,822,464,259,74,3,1,5599,467,522,869,937,965,800,504,365,146,21,3
2017,06,읍면동,경기도 평택시 진위면,12484,864,1033,1720,1775,1985,2215,1493,961,394,38,6,6622,442,531,962,1034,1100,1202,763,453,128,6,1,5862,422,502,758,741,885,1013,730,508,266,32,5
2017,06,읍면동,경기도 평택시 청북읍,25595,4829,2416,2129,6147,4098,2665,1733,991,498,85,4,13455,2540,1235,1175,3145,2409,1421,869,481,154,26,0,12140,2289,1181,954,3002,1689,1244,864,510,344,59,4
2017,06,읍면동,경기도 평택시 통복동,4429,188,362,549,443,730,904,677,415,140,19,2,2251,93,193,310,256,378,453,327,190,47,4,0,2178,95,169,239,187,352,451,350,225,93,15,2
2017,06,읍면동,경기도 평택시 팽성읍,29027,1962,2138,3198,3543,4635,5506,3852,2784,1221,149,39,14767,994,1118,1814,1987,2585,2858,1767,1136,452,43,13,14260,968,1020,1384,1556,2050,2648,2085,1648,769,106,26
2017,06,읍면동,경기도 평택시 포승읍,26100,2944,2289,3216,5131,4825,3762,2086,1201,569,70,7,15114,1528,1240,1974,3176,3083,2244,1098,553,196,22,0,10986,1416,1049,1242,1955,1742,1518,988,648,373,48,7
2017,06,읍면동,경기도 평택시 현덕면,5980,245,407,592,542,771,1147,1068,770,386,50,2,3149,117,207,351,326,483,649,545,333,124,14,0,2831,128,200,241,216,288,498,523,437,262,36,2
2017,06,시군,경기도 포천시 ,153676,11346,15507,18653,17033,24611,30363,18444,11916,5037,709,57,80760,5879,8142,10437,9265,13277,16796,9784,5206,1757,199,18,72916,5467,7365,8216,7768,11334,13567,8660,6710,3280,510,39
2017,06,읍면동,경기도 포천시 가산면,8168,301,590,889,728,1288,2056,1217,689,356,53,1,4707,149,313,516,463,787,1289,730,328,121,11,0,3461,152,277,373,265,501,767,487,361,235,42,1
2017,06,읍면동,경기도 포천시 관인면,3105,104,192,302,186,328,668,577,530,189,26,3,1595,45,90,174,109,189,365,295,246,71,8,3,1510,59,102,128,77,139,303,282,284,118,18,0
2017,06,읍면동,경기도 포천시 군내면,6478,311,474,702,583,875,1492,1021,663,314,42,1,3550,163,261,404,357,501,867,579,297,110,11,0,2928,148,213,298,226,374,625,442,366,204,31,1
2017,06,읍면동,경기도 포천시 내촌면,5093,187,311,573,421,744,1267,791,537,237,24,1,2902,90,173,353,268,468,754,458,237,92,9,0,2191,97,138,220,153,276,513,333,300,145,15,1
2017,06,읍면동,경기도 포천시 선단동,14599,931,1447,1929,1684,2666,3116,1606,813,365,39,3,7778,531,734,1052,930,1454,1741,863,355,113,4,1,6821,400,713,877,754,1212,1375,743,458,252,35,2
2017,06,읍면동,경기도 포천시 소흘읍,46741,4038,6087,6057,5448,8771,8755,4118,2332,984,143,8,23807,2045,3188,3191,2735,4398,4754,2122,1006,328,39,1,22934,1993,2899,2866,2713,4373,4001,1996,1326,656,104,7
2017,06,읍면동,경기도 포천시 신북면,13339,1015,1274,1596,1536,2010,2685,1737,992,422,67,5,7158,543,654,901,836,1150,1528,930,456,140,19,1,6181,472,620,695,700,860,1157,807,536,282,48,4
2017,06,읍면동,경기도 포천시 영북면,9293,815,607,1100,1175,1099,1628,1252,1075,449,79,14,4860,405,327,672,660,661,847,638,456,165,25,4,4433,410,280,428,515,438,781,614,619,284,54,10
2017,06,읍면동,경기도 포천시 영중면,5403,276,413,514,428,715,1185,910,700,227,32,3,2918,145,216,295,249,441,677,498,302,82,12,1,2485,131,197,219,179,274,508,412,398,145,20,2
2017,06,읍면동,경기도 포천시 이동면,6570,663,502,813,917,769,1050,883,660,273,38,2,3514,340,271,536,524,445,571,436,285,92,14,0,3056,323,231,277,393,324,479,447,375,181,24,2
2017,06,읍면동,경기도 포천시 일동면,10526,845,949,1122,1207,1455,1838,1514,1050,473,68,5,5467,447,508,648,679,804,969,777,440,170,22,3,5059,398,441,474,528,651,869,737,610,303,46,2
2017,06,읍면동,경기도 포천시 창수면,2343,64,152,218,161,279,515,440,376,125,11,2,1307,37,93,141,104,171,289,239,171,57,5,0,1036,27,59,77,57,108,226,201,205,68,6,2
2017,06,읍면동,경기도 포천시 포천동,19288,1595,2333,2566,2223,3302,3577,1952,1191,466,74,9,9742,839,1231,1389,1159,1633,1857,965,493,156,16,4,9546,756,1102,1177,1064,1669,1720,987,698,310,58,5
2017,06,읍면동,경기도 포천시 화현면,2730,201,176,272,336,310,531,426,308,157,13,0,1455,100,83,165,192,175,288,254,134,60,4,0,1275,101,93,107,144,135,243,172,174,97,9,0
2017,06,시군,경기도 하남시 ,221688,24798,20296,26384,38297,37508,35157,23739,10891,3843,693,82,111623,12731,10447,13694,19269,19631,17428,11821,5241,1187,155,19,110065,12067,9849,12690,19028,17877,17729,11918,5650,2656,538,63
2017,06,읍면동,경기도 하남시 감북동,3979,183,256,479,511,590,891,597,330,120,17,5,2222,104,143,280,303,349,504,325,162,46,5,1,1757,79,113,199,208,241,387,272,168,74,12,4
2017,06,읍면동,경기도 하남시 덕풍1동,17659,1279,1590,2462,2675,2761,3269,2181,1048,332,55,7,8910,655,844,1298,1450,1391,1562,1075,518,103,13,1,8749,624,746,1164,1225,1370,1707,1106,530,229,42,6
2017,06,읍면동,경기도 하남시 덕풍2동,20541,1324,1735,2973,2992,3101,3948,2684,1237,458,84,5,10316,694,899,1561,1636,1549,1973,1308,561,118,17,0,10225,630,836,1412,1356,1552,1975,1376,676,340,67,5
2017,06,읍면동,경기도 하남시 덕풍3동,27226,2604,3079,3306,3867,4960,4510,2910,1378,518,85,9,13533,1345,1604,1723,1928,2489,2195,1427,645,158,18,1,13693,1259,1475,1583,1939,2471,2315,1483,733,360,67,8
2017,06,읍면동,경기도 하남시 미사1동,21513,3633,2062,2019,4518,3993,2470,1806,717,251,42,2,10760,1891,1038,1029,2158,2157,1171,881,352,72,10,1,10753,1742,1024,990,2360,1836,1299,925,365,179,32,1
2017,06,읍면동,경기도 하남시 미사2동,38717,6853,3522,3340,8529,7348,4324,2998,1274,445,83,1,19238,3537,1809,1680,3977,3954,2099,1461,608,99,14,0,19479,3316,1713,1660,4552,3394,2225,1537,666,346,69,1
2017,06,읍면동,경기도 하남시 신장1동,6725,384,527,1032,1086,1015,1300,820,397,138,21,5,3502,185,290,558,655,537,654,409,164,44,5,1,3223,199,237,474,431,478,646,411,233,94,16,4
2017,06,읍면동,경기도 하남시 신장2동,43436,3982,4352,5306,6784,7012,7208,5225,2578,840,139,10,21576,2008,2249,2757,3425,3509,3474,2537,1269,309,38,1,21860,1974,2103,2549,3359,3503,3734,2688,1309,531,101,9
2017,06,읍면동,경기도 하남시 위례동,16852,2273,1414,2501,3316,2856,2676,1275,392,117,31,1,8275,1153,668,1240,1539,1456,1314,656,208,32,8,1,8577,1120,746,1261,1777,1400,1362,619,184,85,23,0
2017,06,읍면동,경기도 하남시 천현동,8043,515,523,997,1170,1160,1567,1273,573,220,36,9,4337,250,270,536,700,699,839,680,281,74,6,2,3706,265,253,461,470,461,728,593,292,146,30,7
2017,06,읍면동,경기도 하남시 초이동,3818,194,248,453,474,602,849,557,308,115,18,0,2192,115,121,252,295,374,521,314,153,45,2,0,1626,79,127,201,179,228,328,243,155,70,16,0
2017,06,읍면동,경기도 하남시 춘궁동,3943,182,234,454,491,586,832,642,357,135,23,7,2229,99,138,254,303,369,483,353,171,51,7,1,1714,83,96,200,188,217,349,289,186,84,16,6
2017,06,읍면동,경기도 하남시 풍산동,9236,1392,754,1062,1884,1524,1313,771,302,154,59,21,4533,695,374,526,900,798,639,395,149,36,12,9,4703,697,380,536,984,726,674,376,153,118,47,12
2017,06,시군,경기도 화성시 ,664937,92935,78879,74710,126444,125806,83571,45424,25132,10563,1387,86,343674,47464,40484,39425,65135,67883,45348,22715,11325,3548,318,29,321263,45471,38395,35285,61309,57923,38223,22709,13807,7015,1069,57
2017,06,읍면동,경기도 화성시 기배동,14616,1934,2148,1485,2279,3007,1919,1081,544,188,30,1,7444,996,1158,745,1105,1568,1004,549,250,64,5,0,7172,938,990,740,1174,1439,915,532,294,124,25,1
2017,06,읍면동,경기도 화성시 남양읍,30551,3340,2956,3654,5346,5081,4886,2859,1597,722,108,2,16435,1738,1535,2066,3004,2890,2702,1495,718,265,22,0,14116,1602,1421,1588,2342,2191,2184,1364,879,457,86,2
2017,06,읍면동,경기도 화성시 동탄1동,53919,8467,7795,6711,11322,11491,5066,1830,885,306,43,3,27288,4340,4032,3292,5528,5875,2831,873,403,103,10,1,26631,4127,3763,3419,5794,5616,2235,957,482,203,33,2
2017,06,읍면동,경기도 화성시 동탄2동,37758,6035,6408,3501,6181,8889,3984,1557,856,304,42,1,18645,3058,3262,1808,2730,4478,2132,724,348,95,10,0,19113,2977,3146,1693,3451,4411,1852,833,508,209,32,1
2017,06,읍면동,경기도 화성시 동탄3동,44018,8248,5739,4433,10494,8724,3281,1791,957,306,43,2,21987,4194,2965,2121,5209,4545,1689,740,412,103,9,0,22031,4054,2774,2312,5285,4179,1592,1051,545,203,34,2
2017,06,읍면동,경기도 화성시 동탄4동,80224,16113,9609,7522,19425,15948,6816,3029,1241,457,62,2,39964,8231,4804,3596,9237,8404,3586,1411,536,145,14,0,40260,7882,4805,3926,10188,7544,3230,1618,705,312,48,2
2017,06,읍면동,경기도 화성시 동탄면,11474,2084,789,1285,3382,1607,1162,676,312,150,26,1,6020,1073,417,639,1843,888,602,355,151,48,4,0,5454,1011,372,646,1539,719,560,321,161,102,22,1
2017,06,읍면동,경기도 화성시 마도면,6712,358,469,734,769,993,1417,976,667,290,35,4,3829,199,254,453,489,630,839,520,332,107,5,1,2883,159,215,281,280,363,578,456,335,183,30,3
2017,06,읍면동,경기도 화성시 매송면,8191,582,652,1025,949,1265,1576,1084,726,297,33,2,4302,301,346,574,519,719,858,554,319,101,10,1,3889,281,306,451,430,546,718,530,407,196,23,1
2017,06,읍면동,경기도 화성시 반월동,31120,5436,3663,3811,6702,5480,3704,1494,548,244,37,1,15775,2774,1872,1962,3341,2818,1902,756,264,76,9,1,15345,2662,1791,1849,3361,2662,1802,738,284,168,28,0
2017,06,읍면동,경기도 화성시 병점1동,29239,3802,3732,3940,5498,5516,3559,1865,974,316,37,0,14701,1957,1896,2025,2772,2800,1848,890,409,94,10,0,14538,1845,1836,1915,2726,2716,1711,975,565,222,27,0
2017,06,읍면동,경기도 화성시 병점2동,26522,3759,4504,2613,4474,5911,2737,1375,793,321,35,0,12965,1909,2261,1282,2135,2935,1435,593,303,106,6,0,13557,1850,2243,1331,2339,2976,1302,782,490,215,29,0
2017,06,읍면동,경기도 화성시 봉담읍,73941,9815,9674,8140,12170,14775,10117,5301,2764,1011,165,9,37361,4858,4920,4297,5965,7765,5300,2639,1272,306,34,5,36580,4957,4754,3843,6205,7010,4817,2662,1492,705,131,4
2017,06,읍면동,경기도 화성시 비봉면,5877,280,395,596,597,777,1300,932,616,344,39,1,3260,139,212,363,378,468,764,531,279,118,7,1,2617,141,183,233,219,309,536,401,337,226,32,0
2017,06,읍면동,경기도 화성시 서신면,7063,243,364,601,605,921,1673,1310,838,438,62,8,3888,129,196,362,373,597,947,693,394,174,20,3,3175,114,168,239,232,324,726,617,444,264,42,5
2017,06,읍면동,경기도 화성시 송산면,11200,633,888,1127,1034,1630,2256,1695,1217,621,90,9,5951,331,460,666,590,980,1245,860,572,225,22,0,5249,302,428,461,444,650,1011,835,645,396,68,9
2017,06,읍면동,경기도 화성시 양감면,4204,156,225,440,441,571,1024,672,433,222,19,1,2480,83,125,266,302,393,649,377,199,84,2,0,1724,73,100,174,139,178,375,295,234,138,17,1
2017,06,읍면동,경기도 화성시 우정읍,18096,1395,1652,1982,2210,2941,3340,2285,1464,737,85,5,9694,721,803,1197,1256,1773,1829,1176,660,257,19,3,8402,674,849,785,954,1168,1511,1109,804,480,66,2
2017,06,읍면동,경기도 화성시 장안면,10741,594,752,1083,1123,1591,2262,1657,1099,517,58,5,6069,320,398,653,703,1027,1357,887,508,195,17,4,4672,274,354,430,420,564,905,770,591,322,41,1
2017,06,읍면동,경기도 화성시 정남면,12086,664,975,1416,1442,1952,2511,1557,989,507,66,7,6850,361,516,854,923,1215,1497,847,456,164,16,1,5236,303,459,562,519,737,1014,710,533,343,50,6
2017,06,읍면동,경기도 화성시 진안동,36659,4285,3518,6062,8525,6297,4179,2181,1145,390,76,1,19597,2238,1829,3179,4920,3535,2174,1063,509,129,20,1,17062,2047,1689,2883,3605,2762,2005,1118,636,261,56,0
2017,06,읍면동,경기도 화성시 팔탄면,10482,487,584,1243,1252,1712,2429,1445,846,428,46,10,6237,269,303,802,830,1160,1489,830,392,149,11,2,4245,218,281,441,422,552,940,615,454,279,35,8
2017,06,읍면동,경기도 화성시 향남읍,77021,11813,8882,8461,16620,14453,8590,4538,2528,1020,110,6,40727,6013,4604,4610,9017,8107,4667,2228,1141,311,25,4,36294,5800,4278,3851,7603,6346,3923,2310,1387,709,85,2
2017,06,읍면동,경기도 화성시 화산동,23223,2412,2506,2845,3604,4274,3783,2234,1093,427,40,5,12205,1232,1316,1613,1966,2313,2002,1124,498,129,11,1,11018,1180,1190,1232,1638,1961,1781,1110,595,298,29,4
2017,05,도,경기도  ,12775175,1241807,1424877,1698627,1945825,2305017,2055054,1141005,656592,266005,37056,3310,6425769,637029,736813,888743,989755,1167636,1053194,561848,290244,90584,9069,854,6349406,604778,688064,809884,956070,1137381,1001860,579157,366348,175421,27987,2456
2017,05,시군,경기도 가평군 ,62586,4143,5511,6244,6421,8826,11813,9518,6641,3026,405,38,32000,2130,2871,3549,3377,4782,6189,4871,2995,1114,106,16,30586,2013,2640,2695,3044,4044,5624,4647,3646,1912,299,22
2017,05,읍면동,경기도 가평군 가평읍,19676,1382,1967,2226,1967,3019,3593,2557,1955,884,115,11,10028,712,1057,1236,1030,1616,1873,1278,873,315,35,3,9648,670,910,990,937,1403,1720,1279,1082,569,80,8
2017,05,읍면동,경기도 가평군 북면,3963,201,216,283,338,453,829,769,555,282,33,4,2029,99,121,162,192,277,422,396,245,105,8,2,1934,102,95,121,146,176,407,373,310,177,25,2
2017,05,읍면동,경기도 가평군 상면,5498,209,475,543,392,654,1160,1006,698,314,43,4,2760,110,188,312,213,350,633,503,331,111,6,3,2738,99,287,231,179,304,527,503,367,203,37,1
2017,05,읍면동,경기도 가평군 설악면,9078,607,874,760,871,1157,1764,1516,963,503,58,5,4610,306,441,430,447,612,916,803,447,193,12,3,4468,301,433,330,424,545,848,713,516,310,46,2
2017,05,읍면동,경기도 가평군 조종면,9967,876,747,1077,1269,1323,1781,1432,984,405,66,7,5266,455,379,668,670,727,958,787,445,155,19,3,4701,421,368,409,599,596,823,645,539,250,47,4
2017,05,읍면동,경기도 가평군 청평면,14404,868,1232,1355,1584,2220,2686,2238,1486,638,90,7,7307,448,685,741,825,1200,1387,1104,654,235,26,2,7097,420,547,614,759,1020,1299,1134,832,403,64,5
2017,05,시군,경기도 고양시 ,1040892,91047,119141,146022,142171,195354,177244,86241,55496,24704,3221,251,511347,46833,61472,74374,69185,94512,89668,42463,23202,8708,869,61,529545,44214,57669,71648,72986,100842,87576,43778,32294,15996,2352,190
2017,05,구,경기도 고양시 덕양구 ,446787,40514,45409,60066,64294,79971,75923,41335,26812,10841,1463,159,221688,20832,23487,30883,32130,40071,38591,20135,11386,3767,373,33,225099,19682,21922,29183,32164,39900,37332,21200,15426,7074,1090,126
2017,05,읍면동,경기도 고양시 덕양구 고양동,33018,3199,3734,3675,4564,6249,4963,3550,2149,814,108,13,16557,1668,1916,1964,2269,3212,2588,1674,929,307,27,3,16461,1531,1818,1711,2295,3037,2375,1876,1220,507,81,10
2017,05,읍면동,경기도 고양시 덕양구 관산동,35354,2694,3190,4288,4847,5889,6446,4247,2654,907,162,30,17928,1393,1716,2248,2552,3128,3284,2106,1183,274,38,6,17426,1301,1474,2040,2295,2761,3162,2141,1471,633,124,24
2017,05,읍면동,경기도 고양시 덕양구 능곡동,19520,1449,1771,2685,2454,3288,3860,2130,1302,494,75,12,9962,791,945,1430,1250,1703,2019,1062,577,169,15,1,9558,658,826,1255,1204,1585,1841,1068,725,325,60,11
2017,05,읍면동,경기도 고양시 덕양구 대덕동,3153,232,241,361,430,495,637,378,258,99,19,3,1723,120,121,203,239,295,375,214,113,36,6,1,1430,112,120,158,191,200,262,164,145,63,13,2
2017,05,읍면동,경기도 고양시 덕양구 성사1동,24820,2065,2332,3368,3326,4498,4465,2439,1577,648,92,10,12244,1063,1218,1748,1622,2324,2247,1169,599,225,28,1,12576,1002,1114,1620,1704,2174,2218,1270,978,423,64,9
2017,05,읍면동,경기도 고양시 덕양구 성사2동,12302,972,1284,1592,1672,2084,2110,1208,937,393,50,0,6019,493,681,828,863,995,1009,606,392,140,12,0,6283,479,603,764,809,1089,1101,602,545,253,38,0
2017,05,읍면동,경기도 고양시 덕양구 신도동,19603,2244,1233,2505,3709,2925,3057,2041,1329,490,61,9,9604,1154,647,1241,1844,1505,1445,984,605,164,11,4,9999,1090,586,1264,1865,1420,1612,1057,724,326,50,5
2017,05,읍면동,경기도 고양시 덕양구 원신동,19302,2664,1412,2320,3573,3051,3004,1862,975,376,58,7,9379,1345,709,1158,1767,1524,1389,897,448,129,12,1,9923,1319,703,1162,1806,1527,1615,965,527,247,46,6
2017,05,읍면동,경기도 고양시 덕양구 주교동,17411,916,1810,2455,1879,3078,3548,1914,1234,506,66,5,8940,497,981,1328,1017,1595,1885,945,501,168,21,2,8471,419,829,1127,862,1483,1663,969,733,338,45,3
2017,05,읍면동,경기도 고양시 덕양구 창릉동,13297,1702,1180,1451,2265,2245,1986,1431,721,263,43,10,6707,865,603,729,1074,1219,1040,729,340,104,3,1,6590,837,577,722,1191,1026,946,702,381,159,40,9
2017,05,읍면동,경기도 고양시 덕양구 행신1동,24095,2101,2636,3439,3317,4392,4274,2010,1333,521,69,3,11780,1056,1337,1742,1660,2138,2135,972,541,180,18,1,12315,1045,1299,1697,1657,2254,2139,1038,792,341,51,2
2017,05,읍면동,경기도 고양시 덕양구 행신2동,35217,3043,3906,5398,5405,6404,5904,2502,1771,775,101,8,17417,1603,2004,2782,2720,3054,3040,1224,710,249,30,1,17800,1440,1902,2616,2685,3350,2864,1278,1061,526,71,7
2017,05,읍면동,경기도 고양시 덕양구 행신3동,49903,4133,6232,7204,5935,9846,8798,3798,2639,1160,150,8,24311,2110,3137,3681,2934,4664,4459,1829,1076,375,46,0,25592,2023,3095,3523,3001,5182,4339,1969,1563,785,104,8
2017,05,읍면동,경기도 고양시 덕양구 행주동,21655,1185,1787,3257,2981,3630,4395,2294,1433,625,62,6,11132,615,931,1749,1644,1908,2329,1155,595,197,8,1,10523,570,856,1508,1337,1722,2066,1139,838,428,54,5
2017,05,읍면동,경기도 고양시 덕양구 화전동,5869,524,435,726,866,786,939,815,527,205,31,15,3154,278,221,417,483,447,551,424,238,79,11,5,2715,246,214,309,383,339,388,391,289,126,20,10
2017,05,읍면동,경기도 고양시 덕양구 화정1동,40937,2930,4800,6447,5006,7658,7152,3205,2482,1112,139,6,19856,1505,2467,3182,2445,3571,3658,1523,1024,435,45,1,21081,1425,2333,3265,2561,4087,3494,1682,1458,677,94,5
2017,05,읍면동,경기도 고양시 덕양구 화정2동,35311,3603,4566,4602,4978,7487,5340,2246,1668,745,76,0,17237,1852,2392,2331,2290,3606,2722,1073,674,282,15,0,18074,1751,2174,2271,2688,3881,2618,1173,994,463,61,0
2017,05,읍면동,경기도 고양시 덕양구 효자동,2464,222,140,280,360,333,426,331,229,104,28,11,1292,117,82,147,190,186,230,171,105,44,16,4,1172,105,58,133,170,147,196,160,124,60,12,7
2017,05,읍면동,경기도 고양시 덕양구 흥도동,33556,4636,2720,4013,6727,5633,4619,2934,1594,604,73,3,16446,2307,1379,1975,3267,2997,2186,1378,736,210,11,0,17110,2329,1341,2038,3460,2636,2433,1556,858,394,62,3
2017,05,구,경기도 고양시 일산동구 ,293456,23647,34340,43762,40075,56355,50784,22923,13890,6712,924,44,143304,12221,17689,21980,19189,26777,25509,11511,5794,2362,256,16,150152,11426,16651,21782,20886,29578,25275,11412,8096,4350,668,28
2017,05,읍면동,경기도 고양시 일산동구 고봉동,20058,1481,1651,2553,2603,3399,3983,2385,1355,560,86,2,10542,768,875,1413,1421,1867,2116,1286,611,172,12,1,9516,713,776,1140,1182,1532,1867,1099,744,388,74,1
2017,05,읍면동,경기도 고양시 일산동구 마두1동,26409,1807,3961,4263,2561,5120,4896,1917,1161,645,71,7,12826,906,2056,2135,1171,2349,2491,972,505,225,13,3,13583,901,1905,2128,1390,2771,2405,945,656,420,58,4
2017,05,읍면동,경기도 고양시 일산동구 마두2동,17415,1492,2594,2431,1777,3444,3003,1153,878,563,79,1,8267,760,1308,1230,737,1546,1520,596,331,211,28,0,9148,732,1286,1201,1040,1898,1483,557,547,352,51,1
2017,05,읍면동,경기도 고양시 일산동구 백석1동,33249,2669,3799,5187,5426,6246,5545,2371,1326,596,79,5,16037,1369,1975,2539,2697,2855,2660,1176,530,217,17,2,17212,1300,1824,2648,2729,3391,2885,1195,796,379,62,3
2017,05,읍면동,경기도 고양시 일산동구 백석2동,22085,1239,1764,3513,4133,4388,3611,1745,1100,517,72,3,10679,662,921,1627,2057,2124,1797,870,427,170,23,1,11406,577,843,1886,2076,2264,1814,875,673,347,49,2
2017,05,읍면동,경기도 고양시 일산동구 식사동,32906,3948,4680,4228,4006,7166,5135,2078,1108,497,58,2,16069,2035,2343,2150,1658,3444,2722,1071,457,162,26,1,16837,1913,2337,2078,2348,3722,2413,1007,651,335,32,1
2017,05,읍면동,경기도 고양시 일산동구 장항1동,3093,159,163,348,344,442,760,524,254,76,19,4,1739,85,83,195,184,287,442,286,141,30,5,1,1354,74,80,153,160,155,318,238,113,46,14,3
2017,05,읍면동,경기도 고양시 일산동구 장항2동,27211,1688,2060,4543,5404,5528,4288,1804,1177,629,88,2,13219,860,1062,2168,2570,2696,2174,905,494,250,40,0,13992,828,998,2375,2834,2832,2114,899,683,379,48,2
2017,05,읍면동,경기도 고양시 일산동구 정발산동,26984,1959,3053,4527,3542,4802,4760,2294,1357,602,84,4,13079,998,1576,2313,1758,2213,2301,1109,574,212,22,3,13905,961,1477,2214,1784,2589,2459,1185,783,390,62,1
2017,05,읍면동,경기도 고양시 일산동구 중산동,44525,3270,5442,6858,5025,8101,8394,3690,2357,1192,187,9,21686,1722,2855,3544,2441,3741,4120,1815,977,418,50,3,22839,1548,2587,3314,2584,4360,4274,1875,1380,774,137,6
2017,05,읍면동,경기도 고양시 일산동구 풍산동,39521,3935,5173,5311,5254,7719,6409,2962,1817,835,101,5,19161,2056,2635,2666,2495,3655,3166,1425,747,295,20,1,20360,1879,2538,2645,2759,4064,3243,1537,1070,540,81,4
2017,05,구,경기도 고양시 일산서구 ,300649,26886,39392,42194,37802,59028,50537,21983,14794,7151,834,48,146355,13780,20296,21511,17866,27664,25568,10817,6022,2579,240,12,154294,13106,19096,20683,19936,31364,24969,11166,8772,4572,594,36
2017,05,읍면동,경기도 고양시 일산서구 대화동,32870,2165,3518,5978,4565,5732,5807,2644,1602,754,100,5,15907,1109,1868,2908,2294,2651,2838,1272,670,266,30,1,16963,1056,1650,3070,2271,3081,2969,1372,932,488,70,4
2017,05,읍면동,경기도 고양시 일산서구 송산동,48955,5338,6655,5865,6403,10178,7685,3663,2196,843,121,8,24216,2715,3336,3113,2967,4999,3978,1850,921,306,28,3,24739,2623,3319,2752,3436,5179,3707,1813,1275,537,93,5
2017,05,읍면동,경기도 고양시 일산서구 송포동,17903,1578,2501,2345,1935,3566,3095,1460,966,422,33,2,8921,822,1291,1262,899,1656,1641,734,440,168,8,0,8982,756,1210,1083,1036,1910,1454,726,526,254,25,2
2017,05,읍면동,경기도 고양시 일산서구 일산1동,30082,2851,3574,4212,4053,5514,5088,2407,1644,641,88,10,14695,1442,1833,2170,1971,2583,2551,1171,697,255,20,2,15387,1409,1741,2042,2082,2931,2537,1236,947,386,68,8
2017,05,읍면동,경기도 고양시 일산서구 일산2동,20832,1401,2129,3175,2430,3608,4305,1965,1207,553,56,3,10266,684,1130,1604,1219,1753,2173,981,505,194,23,0,10566,717,999,1571,1211,1855,2132,984,702,359,33,3
2017,05,읍면동,경기도 고양시 일산서구 일산3동,38340,3310,6665,5324,3815,8611,6329,2172,1264,762,84,4,18572,1695,3402,2735,1690,3854,3266,1128,512,264,26,0,19768,1615,3263,2589,2125,4757,3063,1044,752,498,58,4
2017,05,읍면동,경기도 고양시 일산서구 주엽1동,30041,2538,3980,3963,3714,5850,4865,2247,1751,1025,102,6,14264,1268,2085,1991,1694,2689,2371,1088,664,380,33,1,15777,1270,1895,1972,2020,3161,2494,1159,1087,645,69,5
2017,05,읍면동,경기도 고양시 일산서구 주엽2동,31436,2573,3891,4272,3739,5864,5283,2479,2032,1149,147,7,14834,1312,1971,2150,1769,2639,2599,1190,757,399,44,4,16602,1261,1920,2122,1970,3225,2684,1289,1275,750,103,3
2017,05,읍면동,경기도 고양시 일산서구 탄현동,50190,5132,6479,7060,7148,10105,8080,2946,2132,1002,103,3,24680,2733,3380,3578,3363,4840,4151,1403,856,347,28,1,25510,2399,3099,3482,3785,5265,3929,1543,1276,655,75,2
2017,05,시군,경기도 과천시 ,59214,4666,7270,8250,7213,10479,10379,5655,3338,1647,275,42,28856,2389,3784,4334,3555,4914,5107,2748,1406,548,66,5,30358,2277,3486,3916,3658,5565,5272,2907,1932,1099,209,37
2017,05,읍면동,경기도 과천시 갈현동,12342,1328,1676,1546,1491,2528,1976,934,589,230,38,6,6018,653,863,828,645,1233,997,467,245,80,7,0,6324,675,813,718,846,1295,979,467,344,150,31,6
2017,05,읍면동,경기도 과천시 과천동,9446,705,738,1244,1660,1505,1559,1156,620,221,36,2,4860,365,370,676,939,797,755,572,302,76,8,0,4586,340,368,568,721,708,804,584,318,145,28,2
2017,05,읍면동,경기도 과천시 문원동,8030,719,1027,915,1016,1505,1270,814,521,196,39,8,3862,373,539,464,502,716,623,364,221,51,8,1,4168,346,488,451,514,789,647,450,300,145,31,7
2017,05,읍면동,경기도 과천시 별양동,11593,725,1571,1836,1104,1959,2212,1094,621,402,58,11,5516,365,843,946,518,838,1090,521,243,137,14,1,6077,360,728,890,586,1121,1122,573,378,265,44,10
2017,05,읍면동,경기도 과천시 부림동,10806,749,1438,1605,1204,1921,2030,929,553,329,45,3,5242,388,743,845,619,867,999,450,216,101,14,0,5564,361,695,760,585,1054,1031,479,337,228,31,3
2017,05,읍면동,경기도 과천시 중앙동,6997,440,820,1104,738,1061,1332,728,434,269,59,12,3358,245,426,575,332,463,643,374,179,103,15,3,3639,195,394,529,406,598,689,354,255,166,44,9
2017,05,시군,경기도 광명시 ,335112,31578,37288,42795,52174,60364,53528,32939,16894,6572,868,112,165928,16217,19249,22451,26005,30137,26421,15863,7310,2059,191,25,169184,15361,18039,20344,26169,30227,27107,17076,9584,4513,677,87
2017,05,읍면동,경기도 광명시 광명1동,14355,948,1380,2063,2086,2341,2479,1669,983,363,40,3,7183,506,746,1137,1119,1158,1190,788,385,145,8,1,7172,442,634,926,967,1183,1289,881,598,218,32,2
2017,05,읍면동,경기도 광명시 광명2동,11237,641,972,1569,1608,1768,2071,1457,836,280,32,3,5508,314,479,810,869,894,1012,644,377,97,12,0,5729,327,493,759,739,874,1059,813,459,183,20,3
2017,05,읍면동,경기도 광명시 광명3동,10309,537,756,1504,1494,1616,1914,1413,784,255,31,5,5005,271,392,781,770,794,925,625,349,87,9,2,5304,266,364,723,724,822,989,788,435,168,22,3
2017,05,읍면동,경기도 광명시 광명4동,15226,1027,1183,2120,2532,2349,2621,1984,1040,299,55,16,7430,528,590,1098,1301,1144,1247,945,458,106,9,4,7796,499,593,1022,1231,1205,1374,1039,582,193,46,12
2017,05,읍면동,경기도 광명시 광명5동,15714,1285,1589,1929,2480,2742,2557,1766,954,371,36,5,7806,647,835,1041,1282,1401,1231,841,414,108,5,1,7908,638,754,888,1198,1341,1326,925,540,263,31,4
2017,05,읍면동,경기도 광명시 광명6동,15526,1470,1588,2017,2341,2648,2613,1668,824,306,44,7,7670,717,803,1038,1164,1349,1284,837,372,92,13,1,7856,753,785,979,1177,1299,1329,831,452,214,31,6
2017,05,읍면동,경기도 광명시 광명7동,21140,1510,2241,2974,3077,3345,3766,2507,1228,431,57,4,10650,747,1175,1600,1635,1708,1830,1230,574,139,12,0,10490,763,1066,1374,1442,1637,1936,1277,654,292,45,4
2017,05,읍면동,경기도 광명시 소하1동,32617,3962,4344,3665,4643,6453,4818,2863,1286,501,67,15,16071,2036,2263,1928,2129,3188,2385,1393,593,138,15,3,16546,1926,2081,1737,2514,3265,2433,1470,693,363,52,12
2017,05,읍면동,경기도 광명시 소하2동,33563,3372,3711,4345,5074,5859,5383,3350,1757,618,82,12,16933,1761,1896,2386,2557,3051,2678,1615,765,202,17,5,16630,1611,1815,1959,2517,2808,2705,1735,992,416,65,7
2017,05,읍면동,경기도 광명시 철산1동,13927,1470,1782,1811,2160,2708,2125,1090,530,218,32,1,6869,748,904,943,1040,1319,1068,529,237,75,6,0,7058,722,878,868,1120,1389,1057,561,293,143,26,1
2017,05,읍면동,경기도 광명시 철산2동,16321,1011,1593,2568,2569,2749,3057,1620,798,322,32,2,8316,530,855,1343,1357,1368,1613,788,356,94,11,1,8005,481,738,1225,1212,1381,1444,832,442,228,21,1
2017,05,읍면동,경기도 광명시 철산3동,37554,3902,4959,4931,5339,7129,6016,3182,1382,616,88,10,18542,2023,2554,2564,2491,3448,2969,1630,626,211,24,2,19012,1879,2405,2367,2848,3681,3047,1552,756,405,64,8
2017,05,읍면동,경기도 광명시 철산4동,14695,1494,1428,1895,2805,2602,2142,1421,674,209,24,1,7349,754,767,990,1425,1326,1048,686,279,70,4,0,7346,740,661,905,1380,1276,1094,735,395,139,20,1
2017,05,읍면동,경기도 광명시 하안1동,27882,3334,3454,3286,4072,5502,4343,2313,1064,433,75,6,13994,1736,1766,1782,1921,2799,2197,1181,476,123,12,1,13888,1598,1688,1504,2151,2703,2146,1132,588,310,63,5
2017,05,읍면동,경기도 광명시 하안2동,15783,1672,1617,1731,3354,3023,1987,1223,716,404,48,8,7573,848,815,824,1704,1517,931,547,272,104,9,2,8210,824,802,907,1650,1506,1056,676,444,300,39,6
2017,05,읍면동,경기도 광명시 하안3동,22879,2295,2541,2555,3864,4211,3264,2166,1294,604,80,5,10921,1191,1309,1249,1920,2056,1597,953,467,164,15,0,11958,1104,1232,1306,1944,2155,1667,1213,827,440,65,5
2017,05,읍면동,경기도 광명시 하안4동,13968,1548,2016,1590,2396,3041,1843,819,480,209,25,1,6788,809,1028,793,1167,1452,918,387,182,45,7,0,7180,739,988,797,1229,1589,925,432,298,164,18,1
2017,05,읍면동,경기도 광명시 학온동,2416,100,134,242,280,278,529,428,264,133,20,8,1320,51,72,144,154,165,298,244,128,59,3,2,1096,49,62,98,126,113,231,184,136,74,17,6
2017,05,시군,경기도 광주시 ,333913,34553,33527,39170,56757,58710,53983,33642,16634,5964,904,69,171605,17747,17424,20595,29749,31167,27753,16986,7894,2081,189,20,162308,16806,16103,18575,27008,27543,26230,16656,8740,3883,715,49
2017,05,읍면동,경기도 광주시 경안동,41015,4006,4504,5321,6400,7411,6934,3775,1894,662,96,12,20907,2069,2355,2767,3312,3818,3608,1868,864,226,15,5,20108,1937,2149,2554,3088,3593,3326,1907,1030,436,81,7
2017,05,읍면동,경기도 광주시 곤지암읍,23330,1796,2298,2813,3124,4102,4443,2607,1406,624,99,18,12384,946,1203,1547,1669,2260,2443,1387,675,224,26,4,10946,850,1095,1266,1455,1842,2000,1220,731,400,73,14
2017,05,읍면동,경기도 광주시 광남동,45429,5041,5067,5031,7479,8607,7057,4432,1977,643,92,3,23320,2572,2652,2616,3838,4557,3612,2237,989,226,19,2,22109,2469,2415,2415,3641,4050,3445,2195,988,417,73,1
2017,05,읍면동,경기도 광주시 남종면,1613,56,98,122,135,194,332,317,244,101,14,0,831,25,53,61,74,112,178,167,117,38,6,0,782,31,45,61,61,82,154,150,127,63,8,0
2017,05,읍면동,경기도 광주시 남한산성면,2897,240,228,265,268,475,528,444,277,139,31,2,1517,115,121,143,146,276,292,238,129,50,7,0,1380,125,107,122,122,199,236,206,148,89,24,2
2017,05,읍면동,경기도 광주시 도척면,9029,680,689,966,1093,1446,1732,1324,711,324,61,3,4941,369,375,560,625,850,974,715,332,129,11,1,4088,311,314,406,468,596,758,609,379,195,50,2
2017,05,읍면동,경기도 광주시 송정동,58506,5900,5931,7523,9526,10531,9995,5534,2555,867,133,11,29607,2981,2985,3975,4953,5439,4985,2810,1145,303,29,2,28899,2919,2946,3548,4573,5092,5010,2724,1410,564,104,9
2017,05,읍면동,경기도 광주시 오포읍,95703,11169,8224,11490,20440,15925,13754,8817,4248,1411,213,12,48755,5725,4251,5879,10840,8414,6763,4303,2056,472,47,5,46948,5444,3973,5611,9600,7511,6991,4514,2192,939,166,7
2017,05,읍면동,경기도 광주시 초월읍,42645,4496,5353,4508,6571,7807,6776,4103,2171,763,94,3,22314,2335,2836,2405,3402,4209,3703,2126,1022,259,17,0,20331,2161,2517,2103,3169,3598,3073,1977,1149,504,77,3
2017,05,읍면동,경기도 광주시 퇴촌면,13746,1169,1135,1131,1721,2212,2432,2289,1151,430,71,5,7029,610,593,642,890,1232,1195,1135,565,154,12,1,6717,559,542,489,831,980,1237,1154,586,276,59,4
2017,05,시군,경기도 구리시 ,195000,16833,21433,27157,27905,35235,33947,18209,10113,3601,507,60,96981,8661,11058,13992,13982,17224,17206,9017,4475,1227,121,18,98019,8172,10375,13165,13923,18011,16741,9192,5638,2374,386,42
2017,05,읍면동,경기도 구리시 갈매동,14942,1921,1041,1800,3174,2133,2306,1572,703,252,39,1,7384,958,517,916,1637,1056,1074,805,340,74,7,0,7558,963,524,884,1537,1077,1232,767,363,178,32,1
2017,05,읍면동,경기도 구리시 교문1동,17532,1051,1471,2359,2489,2932,3434,2089,1218,404,63,22,9002,555,750,1270,1334,1552,1793,1018,560,143,19,8,8530,496,721,1089,1155,1380,1641,1071,658,261,44,14
2017,05,읍면동,경기도 구리시 교문2동,24068,2269,3357,3154,3038,4675,3942,2074,1095,406,54,4,11699,1132,1706,1624,1401,2185,1972,1024,498,144,12,1,12369,1137,1651,1530,1637,2490,1970,1050,597,262,42,3
2017,05,읍면동,경기도 구리시 동구동,41157,3989,5171,5753,5593,7895,6919,3135,1901,705,90,6,20320,2064,2682,2957,2733,3727,3506,1583,799,249,19,1,20837,1925,2489,2796,2860,4168,3413,1552,1102,456,71,5
2017,05,읍면동,경기도 구리시 수택1동,22360,1346,1999,3487,3036,3674,4484,2520,1289,459,60,6,11125,740,1007,1759,1595,1805,2266,1252,544,142,14,1,11235,606,992,1728,1441,1869,2218,1268,745,317,46,5
2017,05,읍면동,경기도 구리시 수택2동,26320,1599,2735,4101,3478,4367,5022,2836,1542,556,74,10,13139,837,1430,2103,1840,2160,2536,1353,681,182,15,2,13181,762,1305,1998,1638,2207,2486,1483,861,374,59,8
2017,05,읍면동,경기도 구리시 수택3동,23575,2273,2864,3013,3568,4846,3669,1862,1026,390,59,5,11911,1151,1527,1591,1730,2433,1931,944,446,144,12,2,11664,1122,1337,1422,1838,2413,1738,918,580,246,47,3
2017,05,읍면동,경기도 구리시 인창동,25046,2385,2795,3490,3529,4713,4171,2121,1339,429,68,6,12401,1224,1439,1772,1712,2306,2128,1038,607,149,23,3,12645,1161,1356,1718,1817,2407,2043,1083,732,280,45,3
2017,05,시군,경기도 군포시 ,283579,27234,31279,39110,44279,49842,47456,24260,13145,6086,841,47,140966,13961,16172,20271,22549,24393,23527,12146,5602,2113,220,12,142613,13273,15107,18839,21730,25449,23929,12114,7543,3973,621,35
2017,05,읍면동,경기도 군포시 광정동,26848,2456,3327,3646,3812,5061,4222,2069,1270,842,137,6,13017,1271,1712,1856,1847,2418,2098,1012,491,282,29,1,13831,1185,1615,1790,1965,2643,2124,1057,779,560,108,5
2017,05,읍면동,경기도 군포시 군포1동,34551,2643,3363,5183,5196,5918,6443,3431,1657,631,78,8,18126,1359,1810,2819,2956,3063,3346,1800,736,220,14,3,16425,1284,1553,2364,2240,2855,3097,1631,921,411,64,5
2017,05,읍면동,경기도 군포시 군포2동,56613,6557,6844,7766,8814,10078,9354,4249,1992,813,137,9,28242,3412,3449,4051,4367,4892,4679,2169,911,276,34,2,28371,3145,3395,3715,4447,5186,4675,2080,1081,537,103,7
2017,05,읍면동,경기도 군포시 궁내동,22327,2366,3580,2670,2603,4880,3310,1438,916,499,64,1,10891,1220,1820,1384,1188,2283,1700,719,371,185,21,0,11436,1146,1760,1286,1415,2597,1610,719,545,314,43,1
2017,05,읍면동,경기도 군포시 금정동,19323,1255,1608,3046,2940,3148,3750,2190,992,342,45,7,9985,652,834,1599,1633,1678,1874,1140,467,95,10,3,9338,603,774,1447,1307,1470,1876,1050,525,247,35,4
2017,05,읍면동,경기도 군포시 대야동,10081,1037,1065,1268,1349,1856,1766,965,525,223,24,3,5172,538,565,705,675,935,907,504,250,81,11,1,4909,499,500,563,674,921,859,461,275,142,13,2
2017,05,읍면동,경기도 군포시 산본1동,18773,1190,1316,2951,3045,2702,3632,2163,1194,499,75,6,9358,572,693,1570,1702,1369,1729,1041,511,151,20,0,9415,618,623,1381,1343,1333,1903,1122,683,348,55,6
2017,05,읍면동,경기도 군포시 산본2동,29852,3222,3350,4228,4510,5105,5093,2488,1200,566,89,1,14548,1664,1720,2150,2141,2412,2468,1258,505,211,19,0,15304,1558,1630,2078,2369,2693,2625,1230,695,355,70,1
2017,05,읍면동,경기도 군포시 수리동,18944,1728,2066,2406,2988,3235,3078,1597,1149,624,69,4,9108,850,1094,1157,1500,1533,1517,734,444,254,24,1,9836,878,972,1249,1488,1702,1561,863,705,370,45,3
2017,05,읍면동,경기도 군포시 오금동,24580,2857,2764,2900,4781,4466,3399,1731,1106,517,59,0,12128,1462,1467,1474,2353,2202,1631,855,468,200,16,0,12452,1395,1297,1426,2428,2264,1768,876,638,317,43,0
2017,05,읍면동,경기도 군포시 재궁동,21687,1923,1996,3046,4241,3393,3409,1939,1144,530,64,2,10391,961,1008,1506,2187,1608,1578,914,448,158,22,1,11296,962,988,1540,2054,1785,1831,1025,696,372,42,1
2017,05,시군,경기도 김포시 ,375651,46276,40431,40500,62452,68523,55088,34233,19593,7460,1048,47,188678,23652,20845,21010,30519,35724,28491,16640,8907,2618,258,14,186973,22624,19586,19490,31933,32799,26597,17593,10686,4842,790,33
2017,05,읍면동,경기도 김포시 고촌읍,26223,2799,2507,2865,3903,4545,4266,3126,1539,578,85,10,13250,1479,1303,1524,1891,2380,2121,1592,738,207,14,1,12973,1320,1204,1341,2012,2165,2145,1534,801,371,71,9
2017,05,읍면동,경기도 김포시 구래동,35437,6641,2805,2945,8863,5877,3545,2740,1516,446,58,1,17334,3339,1404,1385,4270,3202,1639,1200,717,163,15,0,18103,3302,1401,1560,4593,2675,1906,1540,799,283,43,1
2017,05,읍면동,경기도 김포시 김포본동,52289,4600,6880,7036,6448,9852,8925,4540,2791,1052,155,10,25834,2296,3631,3583,3124,4717,4615,2252,1185,381,48,2,26455,2304,3249,3453,3324,5135,4310,2288,1606,671,107,8
2017,05,읍면동,경기도 김포시 대곶면,10151,416,685,1073,990,1545,2393,1602,943,428,75,1,5801,223,374,629,610,997,1449,878,457,165,19,0,4350,193,311,444,380,548,944,724,486,263,56,1
2017,05,읍면동,경기도 김포시 사우동,21676,1582,2403,3191,2813,3993,3847,2040,1283,465,58,1,10884,829,1287,1633,1499,1939,2014,971,541,159,12,0,10792,753,1116,1558,1314,2054,1833,1069,742,306,46,1
2017,05,읍면동,경기도 김포시 양촌읍,26662,2595,2337,2781,4176,4442,4645,3103,1773,694,108,8,14041,1301,1219,1541,2277,2547,2515,1590,799,214,34,4,12621,1294,1118,1240,1899,1895,2130,1513,974,480,74,4
2017,05,읍면동,경기도 김포시 운양동,25855,5051,2422,2084,6119,4830,2690,1668,696,252,43,0,12777,2604,1246,1047,2768,2619,1305,759,343,75,11,0,13078,2447,1176,1037,3351,2211,1385,909,353,177,32,0
2017,05,읍면동,경기도 김포시 월곶면,5753,211,328,593,531,740,1308,1072,625,294,48,3,3179,107,167,378,325,459,737,589,304,103,9,1,2574,104,161,215,206,281,571,483,321,191,39,2
2017,05,읍면동,경기도 김포시 장기동,46805,7455,5303,4555,9248,9271,5319,3174,1794,608,78,0,22921,3777,2656,2253,4376,4785,2637,1432,787,205,13,0,23884,3678,2647,2302,4872,4486,2682,1742,1007,403,65,0
2017,05,읍면동,경기도 김포시 장기본동,36349,5840,4812,3160,6859,7576,3820,2407,1357,453,64,1,17755,2953,2427,1558,3134,3870,1896,1093,647,164,13,0,18594,2887,2385,1602,3725,3706,1924,1314,710,289,51,1
2017,05,읍면동,경기도 김포시 통진읍,27591,2274,2659,3538,3557,4597,5227,3009,1789,847,91,3,14532,1162,1387,2039,1966,2512,2829,1545,774,299,16,3,13059,1112,1272,1499,1591,2085,2398,1464,1015,548,75,0
2017,05,읍면동,경기도 김포시 풍무동,52110,6440,6696,5693,8154,10125,7170,4308,2495,896,127,6,25653,3358,3425,2877,3822,5025,3629,2017,1150,316,33,1,26457,3082,3271,2816,4332,5100,3541,2291,1345,580,94,5
2017,05,읍면동,경기도 김포시 하성면,8750,372,594,986,791,1130,1933,1444,992,447,58,3,4717,224,319,563,457,672,1105,722,465,167,21,2,4033,148,275,423,334,458,828,722,527,280,37,1
2017,05,시군,경기도 남양주시 ,663508,69785,77401,77347,95395,124304,103337,63224,37297,13436,1820,162,331320,35887,39863,40206,46485,63185,53051,30551,16858,4737,453,44,332188,33898,37538,37141,48910,61119,50286,32673,20439,8699,1367,118
2017,05,읍면동,경기도 남양주시 금곡동,21700,1284,1805,3169,2794,3128,4512,2689,1569,671,68,11,11058,660,978,1729,1540,1608,2261,1342,690,222,23,5,10642,624,827,1440,1254,1520,2251,1347,879,449,45,6
2017,05,읍면동,경기도 남양주시 도농동,38691,3657,4450,5278,5393,6662,6215,4048,2113,760,103,12,18831,1859,2194,2731,2553,3189,3021,1974,999,284,25,2,19860,1798,2256,2547,2840,3473,3194,2074,1114,476,78,10
2017,05,읍면동,경기도 남양주시 별내동,67386,9318,6029,8413,13142,11126,9807,5856,2615,935,139,6,33041,4719,3001,4261,6342,5565,4691,2921,1220,291,29,1,34345,4599,3028,4152,6800,5561,5116,2935,1395,644,110,5
2017,05,읍면동,경기도 남양주시 별내면,20977,1689,2380,2526,2456,3855,3426,2391,1589,582,72,11,10472,896,1231,1287,1244,1935,1767,1151,705,232,21,3,10505,793,1149,1239,1212,1920,1659,1240,884,350,51,8
2017,05,읍면동,경기도 남양주시 수동면,9149,476,729,911,827,1324,1831,1536,950,456,102,7,4807,274,405,514,455,725,984,799,469,151,26,5,4342,202,324,397,372,599,847,737,481,305,76,2
2017,05,읍면동,경기도 남양주시 양정동,5093,244,286,619,626,663,1123,889,452,160,24,7,2828,119,144,354,372,406,642,488,227,72,4,0,2265,125,142,265,254,257,481,401,225,88,20,7
2017,05,읍면동,경기도 남양주시 오남읍,54974,5751,7418,6007,7141,11460,8124,4697,3163,1070,137,6,27508,2997,3821,3104,3422,5893,4307,2194,1389,346,33,2,27466,2754,3597,2903,3719,5567,3817,2503,1774,724,104,4
2017,05,읍면동,경기도 남양주시 와부읍,68859,6483,8650,8059,8646,13450,10775,6706,4363,1472,233,22,34030,3297,4443,4171,4139,6579,5562,3140,2048,572,73,6,34829,3186,4207,3888,4507,6871,5213,3566,2315,900,160,16
2017,05,읍면동,경기도 남양주시 조안면,4414,268,303,467,485,613,905,729,429,188,25,2,2306,146,154,248,251,345,489,386,210,73,3,1,2108,122,149,219,234,268,416,343,219,115,22,1
2017,05,읍면동,경기도 남양주시 지금동,19195,1981,2284,2201,2784,3749,3007,1854,940,327,55,13,9466,1002,1199,1119,1334,1895,1483,900,411,111,6,6,9729,979,1085,1082,1450,1854,1524,954,529,216,49,7
2017,05,읍면동,경기도 남양주시 진건읍,27129,1632,2718,3893,3024,4279,5690,3130,1888,753,108,14,14005,855,1427,2099,1607,2210,3108,1589,816,264,30,0,13124,777,1291,1794,1417,2069,2582,1541,1072,489,78,14
2017,05,읍면동,경기도 남양주시 진접읍,95880,11558,11830,9957,13968,18647,14142,8659,5103,1804,201,11,48443,5991,6144,5265,6706,9775,7372,4145,2323,665,53,4,47437,5567,5686,4692,7262,8872,6770,4514,2780,1139,148,7
2017,05,읍면동,경기도 남양주시 퇴계원면,32078,2591,3194,4691,4291,5003,6130,3506,1917,663,89,3,16021,1296,1653,2442,2222,2504,3006,1808,836,236,18,0,16057,1295,1541,2249,2069,2499,3124,1698,1081,427,71,3
2017,05,읍면동,경기도 남양주시 평내동,41454,4718,5960,4404,6030,8936,5597,3082,1926,708,87,6,20374,2391,3032,2243,2820,4450,2923,1453,815,227,20,0,21080,2327,2928,2161,3210,4486,2674,1629,1111,481,67,6
2017,05,읍면동,경기도 남양주시 호평동,50721,7018,6840,4870,8309,10967,5866,3631,2326,782,105,7,24857,3633,3502,2479,3824,5510,2996,1564,1052,274,20,3,25864,3385,3338,2391,4485,5457,2870,2067,1274,508,85,4
2017,05,읍면동,경기도 남양주시 화도읍,93533,9739,11439,10517,13376,18453,14222,8439,5267,1831,226,24,46981,5033,5960,5443,6585,9548,7464,3962,2311,613,56,6,46552,4706,5479,5074,6791,8905,6758,4477,2956,1218,170,18
2017,05,읍면동,경기도 남양주시 화도읍동부출장소,12275,1378,1086,1365,2103,1989,1965,1382,687,274,46,0,6292,719,575,717,1069,1048,975,735,337,104,13,0,5983,659,511,648,1034,941,990,647,350,170,33,0
2017,05,시군,경기도 동두천시 ,97667,8455,10073,11237,12467,16494,16274,10713,8216,3252,415,71,48613,4280,5184,5971,6354,8605,8442,5065,3377,1194,123,18,49054,4175,4889,5266,6113,7889,7832,5648,4839,2058,292,53
2017,05,읍면동,경기도 동두천시 보산동,3355,177,274,367,346,509,656,494,389,124,17,2,1619,91,148,206,170,268,335,217,147,33,4,0,1736,86,126,161,176,241,321,277,242,91,13,2
2017,05,읍면동,경기도 동두천시 불현동,27891,2449,3156,3453,3517,4737,4719,2805,2129,826,88,12,13742,1227,1553,1857,1777,2371,2415,1350,872,297,20,3,14149,1222,1603,1596,1740,2366,2304,1455,1257,529,68,9
2017,05,읍면동,경기도 동두천시 상패동,5485,299,339,585,565,851,1087,851,613,253,35,7,2873,156,178,325,320,486,608,424,273,88,13,2,2612,143,161,260,245,365,479,427,340,165,22,5
2017,05,읍면동,경기도 동두천시 생연1동,7407,589,680,873,954,1125,1353,857,692,253,28,3,3688,306,341,473,490,573,690,416,286,101,11,1,3719,283,339,400,464,552,663,441,406,152,17,2
2017,05,읍면동,경기도 동두천시 생연2동,12118,1072,1332,1249,1489,2083,1961,1314,1106,459,43,10,5986,565,734,633,726,1113,987,585,434,194,12,3,6132,507,598,616,763,970,974,729,672,265,31,7
2017,05,읍면동,경기도 동두천시 소요동,9224,560,603,1029,1004,1341,1784,1376,1026,427,62,12,4771,275,328,583,542,757,971,671,468,158,15,3,4453,285,275,446,462,584,813,705,558,269,47,9
2017,05,읍면동,경기도 동두천시 송내동,26522,3112,3354,3043,4072,5065,3473,2106,1593,615,83,6,13030,1556,1721,1556,2011,2586,1764,949,637,221,26,3,13492,1556,1633,1487,2061,2479,1709,1157,956,394,57,3
2017,05,읍면동,경기도 동두천시 중앙동,5665,197,335,638,520,783,1241,910,668,295,59,19,2904,104,181,338,318,451,672,453,260,102,22,3,2761,93,154,300,202,332,569,457,408,193,37,16
2017,05,시군,경기도 부천시 ,849506,69849,85096,125906,130990,142689,153677,83880,39051,16032,2142,194,423889,35812,43975,65090,67113,71324,75929,42061,17144,4897,498,46,425617,34037,41121,60816,63877,71365,77748,41819,21907,11135,1644,148
2017,05,읍면동,경기도 부천시 고강1동,16403,1082,1625,2572,2112,2928,3169,1612,886,374,40,3,8189,523,847,1355,1105,1488,1602,781,359,117,11,1,8214,559,778,1217,1007,1440,1567,831,527,257,29,2
2017,05,읍면동,경기도 부천시 고강본동,30589,2002,3334,4194,4148,5543,5528,3185,1899,673,76,7,15458,1037,1739,2208,2247,2860,2790,1543,799,217,16,2,15131,965,1595,1986,1901,2683,2738,1642,1100,456,60,5
2017,05,읍면동,경기도 부천시 괴안동,22097,1706,2231,3264,3181,3681,3953,2272,1126,589,88,6,10888,874,1138,1715,1632,1808,1936,1116,458,183,26,2,11209,832,1093,1549,1549,1873,2017,1156,668,406,62,4
2017,05,읍면동,경기도 부천시 도당동,24404,1718,2703,3785,3222,4394,4883,2233,1048,379,37,2,12570,880,1440,2012,1707,2258,2566,1164,422,114,7,0,11834,838,1263,1773,1515,2136,2317,1069,626,265,30,2
2017,05,읍면동,경기도 부천시 범박동,35183,4691,3913,4017,6257,6009,5063,3162,1418,546,97,10,17418,2377,1994,2044,3003,3032,2498,1629,657,160,23,1,17765,2314,1919,1973,3254,2977,2565,1533,761,386,74,9
2017,05,읍면동,경기도 부천시 상1동,25925,2796,2631,3439,4959,4458,4079,2283,898,335,47,0,12779,1459,1350,1704,2469,2191,1881,1202,399,111,13,0,13146,1337,1281,1735,2490,2267,2198,1081,499,224,34,0
2017,05,읍면동,경기도 부천시 상2동,32042,3954,4379,4343,5270,6089,4981,1832,791,350,51,2,15738,1986,2304,2187,2464,2869,2573,933,315,97,8,2,16304,1968,2075,2156,2806,3220,2408,899,476,253,43,0
2017,05,읍면동,경기도 부천시 상3동,33351,3279,4883,5104,4101,6740,6103,1969,759,353,59,1,16596,1683,2503,2693,1842,3120,3246,1086,318,95,10,0,16755,1596,2380,2411,2259,3620,2857,883,441,258,49,1
2017,05,읍면동,경기도 부천시 상동,20362,1329,2090,3353,2661,3190,4012,2204,1008,440,68,7,10144,695,1129,1709,1333,1556,1957,1178,436,136,12,3,10218,634,961,1644,1328,1634,2055,1026,572,304,56,4
2017,05,읍면동,경기도 부천시 성곡동,44428,3230,5073,6654,5535,7834,8626,4204,2186,956,121,9,22392,1666,2594,3573,2857,3934,4391,2143,920,285,27,2,22036,1564,2479,3081,2678,3900,4235,2061,1266,671,94,7
2017,05,읍면동,경기도 부천시 소사동,9257,525,526,1221,1429,1343,1756,1393,747,253,58,6,4535,290,257,651,778,690,806,646,333,72,12,0,4722,235,269,570,651,653,950,747,414,181,46,6
2017,05,읍면동,경기도 부천시 소사본3동,33185,2835,3541,4783,4712,5214,6255,3641,1490,615,92,7,16314,1412,1786,2533,2351,2537,3032,1775,700,167,21,0,16871,1423,1755,2250,2361,2677,3223,1866,790,448,71,7
2017,05,읍면동,경기도 부천시 소사본동,24952,1633,1864,3674,3755,3662,4797,3298,1588,576,96,9,12556,833,947,1914,2029,1888,2355,1635,744,186,22,3,12396,800,917,1760,1726,1774,2442,1663,844,390,74,6
2017,05,읍면동,경기도 부천시 송내1동,24058,1973,2097,3676,3943,3669,4371,2654,1158,453,58,6,11920,1021,1101,1901,2019,1781,2091,1315,520,159,11,1,12138,952,996,1775,1924,1888,2280,1339,638,294,47,5
2017,05,읍면동,경기도 부천시 송내2동,28254,2489,2909,4218,4352,4730,4951,2786,1236,518,60,5,14009,1279,1552,2203,2190,2332,2353,1360,566,153,19,2,14245,1210,1357,2015,2162,2398,2598,1426,670,365,41,3
2017,05,읍면동,경기도 부천시 신흥동,19449,1226,1709,3031,2767,3316,4094,2030,898,324,45,9,10472,671,933,1651,1550,1872,2228,1073,382,104,7,1,8977,555,776,1380,1217,1444,1866,957,516,220,38,8
2017,05,읍면동,경기도 부천시 심곡1동,13613,785,1022,2150,2376,2162,2510,1569,713,287,37,2,7026,414,541,1114,1365,1123,1255,768,343,90,13,0,6587,371,481,1036,1011,1039,1255,801,370,197,24,2
2017,05,읍면동,경기도 부천시 심곡2동,18897,979,1075,3423,3836,3122,3112,1968,972,355,43,12,9833,489,533,1675,2152,1786,1613,975,468,127,12,3,9064,490,542,1748,1684,1336,1499,993,504,228,31,9
2017,05,읍면동,경기도 부천시 심곡3동,13749,872,1275,2173,2046,2298,2736,1445,634,237,24,9,7049,449,685,1163,1128,1180,1373,723,262,77,6,3,6700,423,590,1010,918,1118,1363,722,372,160,18,6
2017,05,읍면동,경기도 부천시 심곡본1동,18624,1064,1481,2777,2859,2978,3565,2274,1156,414,45,11,9334,531,757,1465,1562,1527,1725,1087,519,151,7,3,9290,533,724,1312,1297,1451,1840,1187,637,263,38,8
2017,05,읍면동,경기도 부천시 심곡본동,18130,1140,1384,2538,2808,2896,3245,2343,1251,452,68,5,9020,608,725,1303,1489,1488,1531,1125,584,151,15,1,9110,532,659,1235,1319,1408,1714,1218,667,301,53,4
2017,05,읍면동,경기도 부천시 약대동,19312,1917,1810,2975,3319,3101,3595,1679,622,254,34,6,9745,996,926,1558,1681,1553,1764,890,284,81,10,2,9567,921,884,1417,1638,1548,1831,789,338,173,24,4
2017,05,읍면동,경기도 부천시 역곡1동,19618,1832,1777,2515,3289,3219,3227,2184,1063,444,62,6,9678,925,885,1265,1649,1694,1536,1082,490,136,16,0,9940,907,892,1250,1640,1525,1691,1102,573,308,46,6
2017,05,읍면동,경기도 부천시 역곡2동,20265,1777,1686,2999,3613,3263,3248,2156,1025,429,61,8,9975,889,851,1566,1820,1714,1520,1000,447,152,14,2,10290,888,835,1433,1793,1549,1728,1156,578,277,47,6
2017,05,읍면동,경기도 부천시 역곡3동,24417,1843,2005,3394,3993,3871,4178,2873,1530,650,71,9,12038,928,1024,1740,2097,1979,1985,1357,682,219,24,3,12379,915,981,1654,1896,1892,2193,1516,848,431,47,6
2017,05,읍면동,경기도 부천시 오정동,23370,2187,2234,3387,3755,3821,4227,2362,974,377,40,6,12092,1152,1208,1801,2030,1992,2133,1230,427,108,10,1,11278,1035,1026,1586,1725,1829,2094,1132,547,269,30,5
2017,05,읍면동,경기도 부천시 원미1동,18053,1290,1726,2702,2546,3007,3481,2054,870,322,48,7,9228,680,931,1416,1358,1564,1733,1018,397,112,15,4,8825,610,795,1286,1188,1443,1748,1036,473,210,33,3
2017,05,읍면동,경기도 부천시 원미2동,14031,893,1181,2025,1909,2225,2808,1810,839,305,33,3,7061,447,571,1076,1033,1137,1408,895,391,94,9,0,6970,446,610,949,876,1088,1400,915,448,211,24,3
2017,05,읍면동,경기도 부천시 원종1동,24223,1692,2435,3705,3278,4069,4683,2543,1258,495,60,5,12230,892,1266,1974,1734,2015,2344,1302,529,156,16,2,11993,800,1169,1731,1544,2054,2339,1241,729,339,44,3
2017,05,읍면동,경기도 부천시 원종2동,24504,1795,2846,3847,3237,4477,4620,1972,1137,509,61,3,12228,921,1451,1989,1700,2235,2362,990,427,144,9,0,12276,874,1395,1858,1537,2242,2258,982,710,365,52,3
2017,05,읍면동,경기도 부천시 중1동,35135,3021,3632,5734,6238,6252,6026,2634,1020,514,63,1,17040,1541,1834,2761,3024,2966,2905,1409,437,146,17,0,18095,1480,1798,2973,3214,3286,3121,1225,583,368,46,1
2017,05,읍면동,경기도 부천시 중2동,33197,2759,3621,5340,4942,5300,6226,3213,1155,556,84,1,16235,1458,1850,2707,2389,2490,2911,1725,532,153,20,0,16962,1301,1771,2633,2553,2810,3315,1488,623,403,64,1
2017,05,읍면동,경기도 부천시 중3동,25860,2365,2615,3863,4505,3993,4609,2220,1069,554,67,0,12418,1186,1329,1910,2204,1872,2215,1085,470,135,12,0,13442,1179,1286,1953,2301,2121,2394,1135,599,419,55,0
2017,05,읍면동,경기도 부천시 중4동,20504,1828,2058,3003,3843,3328,3443,1759,792,388,59,3,9792,915,1045,1471,1927,1532,1631,818,335,104,14,0,10712,913,1013,1532,1916,1796,1812,941,457,284,45,3
2017,05,읍면동,경기도 부천시 중동,25027,2234,2568,3856,3556,4285,4670,2362,1012,428,50,6,12300,1124,1346,1962,1759,2095,2242,1185,454,123,9,1,12727,1110,1222,1894,1797,2190,2428,1177,558,305,41,5
2017,05,읍면동,경기도 부천시 춘의동,15038,1108,1157,2172,2638,2222,2847,1702,823,328,39,2,7589,581,603,1121,1436,1166,1438,818,338,82,5,1,7449,527,554,1051,1202,1056,1409,884,485,246,34,1
2017,05,시군,경기도 성남시 ,973833,82297,102083,136820,153445,173007,157670,93408,51353,20189,3167,394,482741,42227,52610,69626,77104,85934,78993,45433,23085,6871,762,96,491092,40070,49473,67194,76341,87073,78677,47975,28268,13318,2405,298
2017,05,구,경기도 성남시 분당구 ,503503,47165,60436,69875,79358,94510,75189,40855,23397,10907,1741,70,244243,24224,31144,34612,37776,44485,37367,19836,10511,3836,442,10,259260,22941,29292,35263,41582,50025,37822,21019,12886,7071,1299,60
2017,05,읍면동,경기도 성남시 분당구 구미1동,18722,1506,2135,2926,2941,3443,2977,1441,859,422,72,0,9047,781,1106,1417,1409,1609,1481,705,361,163,15,0,9675,725,1029,1509,1532,1834,1496,736,498,259,57,0
2017,05,읍면동,경기도 성남시 분당구 구미동,33332,2656,3416,4751,5112,5893,5270,2984,2003,1051,186,10,16128,1363,1752,2404,2502,2744,2630,1393,889,404,47,0,17204,1293,1664,2347,2610,3149,2640,1591,1114,647,139,10
2017,05,읍면동,경기도 성남시 분당구 금곡동,30207,2335,2877,4365,5119,4939,4713,2978,1830,916,133,2,14313,1200,1468,2091,2468,2318,2233,1419,776,307,33,0,15894,1135,1409,2274,2651,2621,2480,1559,1054,609,100,2
2017,05,읍면동,경기도 성남시 분당구 백현동,29476,4054,3539,3853,5135,5149,4368,1978,914,430,52,4,14353,2117,1855,1860,2376,2450,2171,952,430,126,15,1,15123,1937,1684,1993,2759,2699,2197,1026,484,304,37,3
2017,05,읍면동,경기도 성남시 분당구 분당동,28104,2446,3460,4122,4082,5429,4246,2339,1281,601,93,5,13735,1271,1809,2058,1954,2570,2068,1148,602,224,29,2,14369,1175,1651,2064,2128,2859,2178,1191,679,377,64,3
2017,05,읍면동,경기도 성남시 분당구 삼평동,25736,3326,3278,3101,4008,5037,3802,1868,904,364,45,3,12530,1699,1675,1542,1822,2461,1873,924,416,109,8,1,13206,1627,1603,1559,2186,2576,1929,944,488,255,37,2
2017,05,읍면동,경기도 성남시 분당구 서현1동,32673,2857,4524,4641,4649,6656,4652,2291,1507,773,119,4,15712,1447,2312,2288,2118,3057,2385,1114,656,308,27,0,16961,1410,2212,2353,2531,3599,2267,1177,851,465,92,4
2017,05,읍면동,경기도 성남시 분당구 서현2동,19652,1652,2739,3020,2468,3859,3263,1461,735,394,58,3,9625,861,1403,1580,1173,1730,1640,752,338,136,11,1,10027,791,1336,1440,1295,2129,1623,709,397,258,47,2
2017,05,읍면동,경기도 성남시 분당구 수내1동,18184,1363,2499,2368,2681,3936,2460,1273,953,570,77,4,8727,693,1339,1184,1202,1784,1272,587,420,219,27,0,9457,670,1160,1184,1479,2152,1188,686,533,351,50,4
2017,05,읍면동,경기도 성남시 분당구 수내2동,10975,1152,2062,1113,980,2803,1417,718,461,227,41,1,5344,568,1048,585,403,1317,783,341,209,77,13,0,5631,584,1014,528,577,1486,634,377,252,150,28,1
2017,05,읍면동,경기도 성남시 분당구 수내3동,15031,1241,2637,2078,1813,3571,2084,913,461,188,44,1,7453,644,1368,1053,870,1699,1078,448,224,54,15,0,7578,597,1269,1025,943,1872,1006,465,237,134,29,1
2017,05,읍면동,경기도 성남시 분당구 야탑1동,18526,1591,1599,2972,3273,2980,2853,1875,960,349,72,2,9069,773,827,1496,1596,1483,1346,947,451,129,21,0,9457,818,772,1476,1677,1497,1507,928,509,220,51,2
2017,05,읍면동,경기도 성남시 분당구 야탑2동,17749,1408,1986,2470,2527,2961,2788,1979,1111,454,62,3,8468,709,1017,1231,1150,1368,1317,983,530,150,13,0,9281,699,969,1239,1377,1593,1471,996,581,304,49,3
2017,05,읍면동,경기도 성남시 분당구 야탑3동,31530,2836,2772,4669,6237,4984,4980,2859,1485,593,109,6,15521,1464,1388,2403,3302,2454,2330,1379,616,167,17,1,16009,1372,1384,2266,2935,2530,2650,1480,869,426,92,5
2017,05,읍면동,경기도 성남시 분당구 운중동,21029,2433,2315,2614,3194,3989,3440,1910,718,345,71,0,10264,1226,1198,1291,1469,1935,1710,975,350,99,11,0,10765,1207,1117,1323,1725,2054,1730,935,368,246,60,0
2017,05,읍면동,경기도 성남시 분당구 이매1동,27371,2655,3666,3712,3919,5242,4123,2176,1247,535,92,4,13385,1375,1887,1901,1844,2466,2066,1083,563,176,24,0,13986,1280,1779,1811,2075,2776,2057,1093,684,359,68,4
2017,05,읍면동,경기도 성남시 분당구 이매2동,14524,1120,2067,2038,1517,2764,2364,1427,791,376,57,3,7115,603,1110,1049,668,1243,1207,717,370,133,15,0,7409,517,957,989,849,1521,1157,710,421,243,42,3
2017,05,읍면동,경기도 성남시 분당구 정자1동,31005,2308,3518,4619,5704,5998,4213,2301,1628,619,94,3,14692,1150,1784,2038,2598,2730,2199,1082,783,297,29,2,16313,1158,1734,2581,3106,3268,2014,1219,845,322,65,1
2017,05,읍면동,경기도 성남시 분당구 정자2동,17567,1284,1775,2320,3544,2948,2538,1429,1033,593,98,5,8286,679,954,1075,1821,1325,1243,628,377,152,31,1,9281,605,821,1245,1723,1623,1295,801,656,441,67,4
2017,05,읍면동,경기도 성남시 분당구 정자3동,16603,1566,2140,2272,2523,3194,2436,1172,790,444,66,0,7992,830,1065,1143,1212,1453,1201,559,343,166,20,0,8611,736,1075,1129,1311,1741,1235,613,447,278,46,0
2017,05,읍면동,경기도 성남시 분당구 정자동,21254,1860,2219,3325,4154,3620,2965,1811,916,329,53,2,10571,953,1125,1643,2167,1746,1468,889,439,127,14,0,10683,907,1094,1682,1987,1874,1497,922,477,202,39,2
2017,05,읍면동,경기도 성남시 분당구 판교동,24253,3516,3213,2526,3778,5115,3237,1672,810,334,47,5,11913,1818,1654,1280,1652,2543,1666,811,368,113,7,1,12340,1698,1559,1246,2126,2572,1571,861,442,221,40,4
2017,05,구,경기도 성남시 수정구 ,236066,17349,20379,33812,37490,39335,40718,26883,14500,4721,709,170,119854,8833,10541,17750,20091,20928,20526,12911,6485,1572,173,44,116212,8516,9838,16062,17399,18407,20192,13972,8015,3149,536,126
2017,05,읍면동,경기도 성남시 수정구 고등동,1762,96,71,208,272,236,353,312,153,47,14,0,925,46,34,124,148,142,183,149,76,18,5,0,837,50,37,84,124,94,170,163,77,29,9,0
2017,05,읍면동,경기도 성남시 수정구 단대동,16978,1473,1504,2353,2806,2760,2787,1853,1028,342,64,8,8441,774,808,1209,1465,1395,1348,849,455,120,16,2,8537,699,696,1144,1341,1365,1439,1004,573,222,48,6
2017,05,읍면동,경기도 성남시 수정구 복정동,12732,1267,925,2187,3775,1987,1185,868,371,138,25,4,6778,656,400,1136,2131,1211,602,404,185,44,8,1,5954,611,525,1051,1644,776,583,464,186,94,17,3
2017,05,읍면동,경기도 성남시 수정구 산성동,14535,1038,1287,1883,2235,2587,2393,1703,1032,308,45,24,7468,547,674,984,1210,1428,1223,801,468,111,13,9,7067,491,613,899,1025,1159,1170,902,564,197,32,15
2017,05,읍면동,경기도 성남시 수정구 수진1동,13838,612,1036,1835,1783,2347,2776,1911,1104,354,63,17,7108,322,552,976,1017,1258,1443,924,482,112,15,7,6730,290,484,859,766,1089,1333,987,622,242,48,10
2017,05,읍면동,경기도 성남시 수정구 수진2동,17972,1129,1483,2632,2645,2824,3317,2268,1255,352,52,15,9056,567,805,1353,1437,1463,1639,1069,577,128,15,3,8916,562,678,1279,1208,1361,1678,1199,678,224,37,12
2017,05,읍면동,경기도 성남시 수정구 시흥동,3292,235,199,414,540,439,570,519,259,98,17,2,1701,137,109,224,285,241,274,265,127,36,3,0,1591,98,90,190,255,198,296,254,132,62,14,2
2017,05,읍면동,경기도 성남시 수정구 신촌동,4680,634,453,694,932,744,523,425,191,73,11,0,2443,323,239,414,499,414,249,195,85,22,3,0,2237,311,214,280,433,330,274,230,106,51,8,0
2017,05,읍면동,경기도 성남시 수정구 신흥1동,14461,677,965,2121,2236,2410,2827,1825,1039,295,48,18,7456,338,499,1156,1256,1355,1440,862,443,91,13,3,7005,339,466,965,980,1055,1387,963,596,204,35,15
2017,05,읍면동,경기도 성남시 수정구 신흥2동,21252,1433,2165,2926,2983,3612,3944,2509,1209,394,63,14,10814,709,1127,1559,1576,1893,2001,1251,554,129,10,5,10438,724,1038,1367,1407,1719,1943,1258,655,265,53,9
2017,05,읍면동,경기도 성남시 수정구 신흥3동,11027,495,788,1648,1642,1896,2087,1396,813,219,36,7,5723,247,412,885,931,1069,1080,656,359,72,12,0,5304,248,376,763,711,827,1007,740,454,147,24,7
2017,05,읍면동,경기도 성남시 수정구 양지동,10537,783,1129,1408,1443,1854,1764,1193,703,227,28,5,5260,399,599,716,768,953,879,549,312,75,9,1,5277,384,530,692,675,901,885,644,391,152,19,4
2017,05,읍면동,경기도 성남시 수정구 위례동,28824,3616,2728,3931,4954,4758,4740,2606,986,447,56,2,14156,1805,1356,2036,2318,2388,2297,1358,452,134,12,0,14668,1811,1372,1895,2636,2370,2443,1248,534,313,44,2
2017,05,읍면동,경기도 성남시 수정구 태평1동,17560,884,1207,2955,2919,2679,3032,2226,1213,391,44,10,8894,453,612,1471,1650,1467,1499,1056,538,136,11,1,8666,431,595,1484,1269,1212,1533,1170,675,255,33,9
2017,05,읍면동,경기도 성남시 수정구 태평2동,16571,955,1512,2470,2250,2889,2995,1929,1116,384,59,12,8391,525,783,1294,1224,1511,1510,913,485,130,12,4,8180,430,729,1176,1026,1378,1485,1016,631,254,47,8
2017,05,읍면동,경기도 성남시 수정구 태평3동,14944,918,1310,2107,2060,2565,2816,1747,1012,344,47,18,7594,427,702,1135,1106,1325,1484,841,441,118,11,4,7350,491,608,972,954,1240,1332,906,571,226,36,14
2017,05,읍면동,경기도 성남시 수정구 태평4동,15101,1104,1617,2040,2015,2748,2609,1593,1016,308,37,14,7646,558,830,1078,1070,1415,1375,769,446,96,5,4,7455,546,787,962,945,1333,1234,824,570,212,32,10
2017,05,구,경기도 성남시 중원구 ,234264,17783,21268,33133,36597,39162,41763,25670,13456,4561,717,154,118644,9170,10925,17264,19237,20521,21100,12686,6089,1463,147,42,115620,8613,10343,15869,17360,18641,20663,12984,7367,3098,570,112
2017,05,읍면동,경기도 성남시 중원구 금광1동,10873,689,866,1534,1712,1741,2174,1265,639,196,29,28,5700,371,424,808,945,955,1166,645,315,61,5,5,5173,318,442,726,767,786,1008,620,324,135,24,23
2017,05,읍면동,경기도 성남시 중원구 금광2동,27820,1783,2563,4406,4225,4619,4887,3094,1618,536,78,11,13527,902,1235,2145,2100,2295,2414,1523,723,170,18,2,14293,881,1328,2261,2125,2324,2473,1571,895,366,60,9
2017,05,읍면동,경기도 성남시 중원구 도촌동,27950,3550,2866,3390,5055,4925,4095,2412,1127,450,80,0,13694,1813,1485,1767,2415,2511,1909,1133,514,135,12,0,14256,1737,1381,1623,2640,2414,2186,1279,613,315,68,0
2017,05,읍면동,경기도 성남시 중원구 상대원1동,28211,2192,2403,3916,4757,4819,5035,3057,1450,507,63,12,14597,1147,1213,2118,2584,2619,2561,1537,654,145,16,3,13614,1045,1190,1798,2173,2200,2474,1520,796,362,47,9
2017,05,읍면동,경기도 성남시 중원구 상대원2동,15916,866,1338,2206,2102,2728,3227,1968,1065,340,66,10,8218,462,671,1180,1165,1496,1691,980,466,95,11,1,7698,404,667,1026,937,1232,1536,988,599,245,55,9
2017,05,읍면동,경기도 성남시 중원구 상대원3동,14006,855,1227,2038,1983,2347,2783,1609,831,284,41,8,7280,455,654,1079,1108,1244,1442,834,377,79,5,3,6726,400,573,959,875,1103,1341,775,454,205,36,5
2017,05,읍면동,경기도 성남시 중원구 성남동,30940,1824,2382,4784,5288,4727,5482,3591,2025,706,104,27,15903,919,1249,2471,2904,2542,2765,1809,959,258,16,11,15037,905,1133,2313,2384,2185,2717,1782,1066,448,88,16
2017,05,읍면동,경기도 성남시 중원구 은행1동,12105,964,1500,1715,1647,2250,1921,1185,670,216,35,2,5968,489,733,870,850,1130,971,552,299,67,6,1,6137,475,767,845,797,1120,950,633,371,149,29,1
2017,05,읍면동,경기도 성남시 중원구 은행2동,27347,2048,2748,3723,3847,4836,4670,2939,1832,594,92,18,13571,1056,1414,1957,2059,2445,2320,1334,764,197,22,3,13776,992,1334,1766,1788,2391,2350,1605,1068,397,70,15
2017,05,읍면동,경기도 성남시 중원구 중앙동,16717,1229,1217,1943,2634,2756,3143,2161,1173,361,67,33,8774,640,662,1027,1377,1543,1733,1066,547,140,26,13,7943,589,555,916,1257,1213,1410,1095,626,221,41,20
2017,05,읍면동,경기도 성남시 중원구 하대원동,22379,1783,2158,3478,3347,3414,4346,2389,1026,371,62,5,11412,916,1185,1842,1730,1741,2128,1273,471,116,10,0,10967,867,973,1636,1617,1673,2218,1116,555,255,52,5
2017,05,시군,경기도 수원시 ,1197177,116284,135216,184518,197108,214961,186418,90908,48760,19886,2867,251,602855,59876,70179,97044,101055,107120,94847,44447,21218,6332,663,74,594322,56408,65037,87474,96053,107841,91571,46461,27542,13554,2204,177
2017,05,구,경기도 수원시 권선구 ,359503,36156,37113,53902,62664,61805,58124,28683,14401,5782,805,68,181354,18552,19370,27856,32508,31187,29289,14168,6367,1860,173,24,178149,17604,17743,26046,30156,30618,28835,14515,8034,3922,632,44
2017,05,읍면동,경기도 수원시 권선구 곡선동,29890,2471,2833,6033,6665,5342,4144,1404,647,305,41,5,15649,1226,1458,3080,3754,2840,2193,728,272,85,11,2,14241,1245,1375,2953,2911,2502,1951,676,375,220,30,3
2017,05,읍면동,경기도 수원시 권선구 구운동,27330,2070,2735,4444,4022,4608,5063,2543,1266,515,59,5,13853,1049,1393,2339,2183,2309,2530,1303,554,177,15,1,13477,1021,1342,2105,1839,2299,2533,1240,712,338,44,4
2017,05,읍면동,경기도 수원시 권선구 권선1동,25364,1788,2281,4563,4722,4155,4438,2014,921,421,55,6,12865,901,1246,2290,2500,2079,2277,1021,410,127,12,2,12499,887,1035,2273,2222,2076,2161,993,511,294,43,4
2017,05,읍면동,경기도 수원시 권선구 권선2동,51171,6910,6037,7318,9597,8941,7591,3034,1153,495,92,3,25350,3598,3205,3722,4593,4282,3711,1559,516,146,16,2,25821,3312,2832,3596,5004,4659,3880,1475,637,349,76,1
2017,05,읍면동,경기도 수원시 권선구 금곡동,37471,4517,4637,4869,5824,6958,5929,2569,1439,660,67,2,18609,2382,2470,2493,2827,3368,2978,1240,606,233,11,1,18862,2135,2167,2376,2997,3590,2951,1329,833,427,56,1
2017,05,읍면동,경기도 수원시 권선구 서둔동,41417,3422,4132,6326,6791,6947,6928,3944,2087,730,101,9,20983,1755,2160,3252,3669,3582,3494,1923,903,224,18,3,20434,1667,1972,3074,3122,3365,3434,2021,1184,506,83,6
2017,05,읍면동,경기도 수원시 권선구 세류1동,11042,1070,758,1687,2129,1568,1905,1105,558,215,36,11,5561,576,403,860,1143,800,927,514,247,79,9,3,5481,494,355,827,986,768,978,591,311,136,27,8
2017,05,읍면동,경기도 수원시 권선구 세류2동,26068,1631,2121,4136,4306,4251,4697,2817,1487,541,76,5,13332,821,1124,2185,2405,2200,2341,1380,677,176,20,3,12736,810,997,1951,1901,2051,2356,1437,810,365,56,2
2017,05,읍면동,경기도 수원시 권선구 세류3동,23540,1625,2163,3373,3631,4016,4161,2626,1358,500,79,8,11776,758,1137,1790,1942,2073,2018,1246,618,174,19,1,11764,867,1026,1583,1689,1943,2143,1380,740,326,60,7
2017,05,읍면동,경기도 수원시 권선구 입북동,18470,2536,2250,2065,3097,3696,2621,1253,658,261,33,0,9279,1268,1130,1128,1458,1933,1352,616,302,82,10,0,9191,1268,1120,937,1639,1763,1269,637,356,179,23,0
2017,05,읍면동,경기도 수원시 권선구 평동,37513,3405,4045,5502,5659,6410,6543,3385,1734,709,109,12,19089,1804,2063,2945,2938,3193,3403,1694,803,225,17,4,18424,1601,1982,2557,2721,3217,3140,1691,931,484,92,8
2017,05,읍면동,경기도 수원시 권선구 호매실동,30227,4711,3121,3586,6221,4913,4104,1989,1093,430,57,2,15008,2414,1581,1772,3096,2528,2065,944,459,132,15,2,15219,2297,1540,1814,3125,2385,2039,1045,634,298,42,0
2017,05,구,경기도 수원시 영통구 ,344490,39968,44323,54736,62579,66006,45968,17703,8811,3823,551,22,173434,20543,22901,28605,31607,32408,23709,8724,3690,1125,117,5,171056,19425,21422,26131,30972,33598,22259,8979,5121,2698,434,17
2017,05,읍면동,경기도 수원시 영통구 광교1동,47733,6471,6761,6435,9053,10213,5596,1880,874,384,64,2,23586,3342,3384,3077,4252,5072,3017,959,357,108,18,0,24147,3129,3377,3358,4801,5141,2579,921,517,276,46,2
2017,05,읍면동,경기도 수원시 영통구 광교2동,25883,4071,2574,2672,5817,4408,3217,1825,930,321,48,0,12505,2057,1318,1281,2819,2166,1522,840,405,87,10,0,13378,2014,1256,1391,2998,2242,1695,985,525,234,38,0
2017,05,읍면동,경기도 수원시 영통구 매탄1동,20733,1883,2565,3359,3181,3803,3199,1611,771,312,46,3,10432,950,1340,1893,1595,1836,1605,749,349,107,8,0,10301,933,1225,1466,1586,1967,1594,862,422,205,38,3
2017,05,읍면동,경기도 수원시 영통구 매탄2동,16590,1344,2062,2578,2368,3022,2808,1376,713,278,39,2,8266,706,1071,1299,1232,1474,1391,680,318,87,8,0,8324,638,991,1279,1136,1548,1417,696,395,191,31,2
2017,05,읍면동,경기도 수원시 영통구 매탄3동,38687,3943,5252,7033,6441,7465,5142,1985,920,449,55,2,20008,2012,2710,3894,3500,3651,2718,1000,389,120,14,0,18679,1931,2542,3139,2941,3814,2424,985,531,329,41,2
2017,05,읍면동,경기도 수원시 영통구 매탄4동,24383,2166,3043,3970,4010,4496,3746,1709,807,373,59,4,12126,1141,1545,2116,2045,2156,1836,843,332,93,17,2,12257,1025,1498,1854,1965,2340,1910,866,475,280,42,2
2017,05,읍면동,경기도 수원시 영통구 영통1동,42148,4944,5695,6602,7324,8527,5699,1842,1001,444,68,2,21142,2552,2964,3429,3610,4164,2962,908,388,150,13,2,21006,2392,2731,3173,3714,4363,2737,934,613,294,55,0
2017,05,읍면동,경기도 수원시 영통구 영통2동,47047,6048,6649,6615,8882,9490,6098,1712,975,515,60,3,23458,3096,3476,3287,4399,4591,3232,840,376,150,11,0,23589,2952,3173,3328,4483,4899,2866,872,599,365,49,3
2017,05,읍면동,경기도 수원시 영통구 원천동,24913,2631,2355,5109,5655,4015,2807,1397,651,252,40,1,13026,1345,1307,2713,3079,2143,1408,667,284,72,7,1,11887,1286,1048,2396,2576,1872,1399,730,367,180,33,0
2017,05,읍면동,경기도 수원시 영통구 태장동,56373,6467,7367,10363,9848,10567,7656,2366,1169,495,72,3,28885,3342,3786,5616,5076,5155,4018,1238,492,151,11,0,27488,3125,3581,4747,4772,5412,3638,1128,677,344,61,3
2017,05,구,경기도 수원시 장안구 ,295893,25780,35330,45786,41165,53737,48579,24197,14197,6133,911,78,148820,13309,18440,24903,20835,26452,24716,11786,6135,2000,222,22,147073,12471,16890,20883,20330,27285,23863,12411,8062,4133,689,56
2017,05,읍면동,경기도 수원시 장안구 송죽동,20297,1530,2092,3004,3274,3454,3531,1917,1015,414,63,3,10077,790,1072,1540,1685,1704,1737,956,444,132,16,1,10220,740,1020,1464,1589,1750,1794,961,571,282,47,2
2017,05,읍면동,경기도 수원시 장안구 연무동,19807,1097,1659,3007,2569,2997,3647,2416,1620,675,102,18,10086,591,831,1681,1482,1601,1818,1130,714,211,24,3,9721,506,828,1326,1087,1396,1829,1286,906,464,78,15
2017,05,읍면동,경기도 수원시 장안구 영화동,21833,1285,1584,3028,3285,3460,4243,2794,1524,523,88,19,10947,638,782,1575,1802,1806,2095,1340,692,194,17,6,10886,647,802,1453,1483,1654,2148,1454,832,329,71,13
2017,05,읍면동,경기도 수원시 장안구 율천동,44402,4041,5323,9571,6650,7381,6221,2832,1546,730,98,9,23405,2057,2873,5872,3433,3681,3174,1385,641,257,27,5,20997,1984,2450,3699,3217,3700,3047,1447,905,473,71,4
2017,05,읍면동,경기도 수원시 장안구 정자1동,34750,3700,4301,4905,4945,6655,5513,2628,1366,642,86,9,17313,1896,2321,2599,2381,3257,2805,1270,582,179,20,3,17437,1804,1980,2306,2564,3398,2708,1358,784,463,66,6
2017,05,읍면동,경기도 수원시 장안구 정자2동,32287,2753,4013,4582,4555,5938,5290,2731,1708,626,89,2,16034,1438,2088,2438,2258,2883,2660,1281,737,228,22,1,16253,1315,1925,2144,2297,3055,2630,1450,971,398,67,1
2017,05,읍면동,경기도 수원시 장안구 정자3동,45221,5033,7859,6014,5679,10415,6387,1932,1256,559,85,2,22450,2605,3965,3111,2568,5009,3520,964,527,162,19,0,22771,2428,3894,2903,3111,5406,2867,968,729,397,66,2
2017,05,읍면동,경기도 수원시 장안구 조원1동,31727,2411,3659,4715,4141,5564,5501,2939,1822,855,116,4,15953,1291,1910,2452,2202,2744,2786,1477,792,272,27,0,15774,1120,1749,2263,1939,2820,2715,1462,1030,583,89,4
2017,05,읍면동,경기도 수원시 장안구 조원2동,20343,1870,2538,3231,2354,3596,3719,1461,938,532,99,5,9840,965,1342,1643,1069,1596,1878,732,387,191,36,1,10503,905,1196,1588,1285,2000,1841,729,551,341,63,4
2017,05,읍면동,경기도 수원시 장안구 파장동,25226,2060,2302,3729,3713,4277,4527,2547,1402,577,85,7,12715,1038,1256,1992,1955,2171,2243,1251,619,174,14,2,12511,1022,1046,1737,1758,2106,2284,1296,783,403,71,5
2017,05,구,경기도 수원시 팔달구 ,197291,14380,18450,30094,30700,33413,33747,20325,11351,4148,600,83,99247,7472,9468,15680,16105,17073,17133,9769,5026,1347,151,23,98044,6908,8982,14414,14595,16340,16614,10556,6325,2801,449,60
2017,05,읍면동,경기도 수원시 팔달구 고등동,10367,517,798,1414,1435,1705,1897,1401,883,262,46,9,5289,285,395,720,825,895,975,664,417,93,14,6,5078,232,403,694,610,810,922,737,466,169,32,3
2017,05,읍면동,경기도 수원시 팔달구 매교동,10537,509,688,1430,1562,1603,2118,1405,880,290,46,6,5503,265,360,801,875,907,1093,696,390,102,10,4,5034,244,328,629,687,696,1025,709,490,188,36,2
2017,05,읍면동,경기도 수원시 팔달구 매산동,11256,582,683,2044,1936,1646,1996,1353,716,249,46,5,5792,280,352,1032,1049,881,1040,704,344,94,14,2,5464,302,331,1012,887,765,956,649,372,155,32,3
2017,05,읍면동,경기도 수원시 팔달구 우만1동,22654,1507,2039,3517,3663,3706,3819,2450,1354,527,63,9,11283,803,1080,1875,2008,1850,1826,1141,531,150,16,3,11371,704,959,1642,1655,1856,1993,1309,823,377,47,6
2017,05,읍면동,경기도 수원시 팔달구 우만2동,18445,1667,2232,3482,2803,3174,2752,1322,698,271,42,2,9280,871,1195,1975,1356,1527,1355,610,302,77,11,1,9165,796,1037,1507,1447,1647,1397,712,396,194,31,1
2017,05,읍면동,경기도 수원시 팔달구 인계동,44193,3603,3775,7232,8402,7619,6951,3862,1958,677,100,14,22379,1821,1993,3658,4394,4026,3503,1882,882,197,20,3,21814,1782,1782,3574,4008,3593,3448,1980,1076,480,80,11
2017,05,읍면동,경기도 수원시 팔달구 지동,14113,724,1132,1745,1871,2293,2660,1975,1226,434,44,9,7191,400,592,939,1021,1259,1355,934,548,135,7,1,6922,324,540,806,850,1034,1305,1041,678,299,37,8
2017,05,읍면동,경기도 수원시 팔달구 행궁동,11248,399,682,1323,1347,1712,2349,1886,1078,399,63,10,5952,204,353,714,786,1004,1292,925,515,138,21,0,5296,195,329,609,561,708,1057,961,563,261,42,10
2017,05,읍면동,경기도 수원시 팔달구 화서1동,25496,2123,2715,3466,3579,4502,4327,2688,1444,560,80,12,12372,1070,1323,1740,1807,2204,2117,1268,622,198,22,1,13124,1053,1392,1726,1772,2298,2210,1420,822,362,58,11
2017,05,읍면동,경기도 수원시 팔달구 화서2동,28982,2749,3706,4441,4102,5453,4878,1983,1114,479,70,7,14206,1473,1825,2226,1984,2520,2577,945,475,163,16,2,14776,1276,1881,2215,2118,2933,2301,1038,639,316,54,5
2017,05,시군,경기도 시흥시 ,406321,39183,49395,56866,60340,80871,69366,28098,15189,6113,837,63,213172,20140,25544,30926,32398,42655,38253,14683,6436,1935,183,19,193149,19043,23851,25940,27942,38216,31113,13415,8753,4178,654,44
2017,05,읍면동,경기도 시흥시 과림동,2150,62,67,193,219,245,575,482,207,88,10,2,1301,33,34,119,139,181,346,292,115,37,3,2,849,29,33,74,80,64,229,190,92,51,7,0
2017,05,읍면동,경기도 시흥시 군자동,25473,2512,2880,3353,4035,4584,4259,2190,1141,457,53,9,13291,1295,1510,1816,2220,2472,2250,1086,497,132,11,2,12182,1217,1370,1537,1815,2112,2009,1104,644,325,42,7
2017,05,읍면동,경기도 시흥시 능곡동,16082,1731,2530,1830,1813,3508,2558,1100,688,273,50,1,7968,889,1246,970,829,1727,1387,542,282,88,8,0,8114,842,1284,860,984,1781,1171,558,406,185,42,1
2017,05,읍면동,경기도 시흥시 대야동,32563,2158,3637,5118,3783,5612,6836,3029,1541,728,116,5,16590,1127,1881,2681,2023,2780,3612,1625,613,224,23,1,15973,1031,1756,2437,1760,2832,3224,1404,928,504,93,4
2017,05,읍면동,경기도 시흥시 매화동,13595,1053,1688,1791,1511,2615,2456,1250,825,355,49,2,7051,537,897,962,781,1379,1361,644,369,104,17,0,6544,516,791,829,730,1236,1095,606,456,251,32,2
2017,05,읍면동,경기도 시흥시 목감동,20752,2667,1790,2361,3850,3300,3322,1935,1010,444,65,8,10526,1326,927,1233,1976,1770,1712,1002,442,127,8,3,10226,1341,863,1128,1874,1530,1610,933,568,317,57,5
2017,05,읍면동,경기도 시흥시 신천동,41868,2768,5018,6688,4824,7683,8615,3616,1844,704,97,11,21514,1423,2597,3547,2574,3843,4630,1919,749,211,20,1,20354,1345,2421,3141,2250,3840,3985,1697,1095,493,77,10
2017,05,읍면동,경기도 시흥시 신현동,11482,815,1103,1638,1296,1922,2410,1248,689,308,47,6,5980,408,565,915,692,1000,1292,678,298,109,19,4,5502,407,538,723,604,922,1118,570,391,199,28,2
2017,05,읍면동,경기도 시흥시 연성동,24833,2358,3864,3334,2888,5530,3983,1458,997,366,49,6,12652,1186,2041,1744,1403,2742,2265,711,425,122,11,2,12181,1172,1823,1590,1485,2788,1718,747,572,244,38,4
2017,05,읍면동,경기도 시흥시 월곶동,16421,2039,1570,1659,3126,3307,2434,1300,713,243,29,1,8514,1039,822,863,1621,1803,1278,654,344,85,5,0,7907,1000,748,796,1505,1504,1156,646,369,158,24,1
2017,05,읍면동,경기도 시흥시 은행동,30138,2652,4383,4589,3439,5978,5584,1961,1050,449,46,7,15108,1373,2253,2431,1667,2851,2955,1030,409,130,7,2,15030,1279,2130,2158,1772,3127,2629,931,641,319,39,5
2017,05,읍면동,경기도 시흥시 장곡동,18912,2321,3510,2269,2352,4473,2617,654,492,192,31,1,9500,1210,1804,1160,1044,2195,1514,315,181,62,14,1,9412,1111,1706,1109,1308,2278,1103,339,311,130,17,0
2017,05,읍면동,경기도 시흥시 정왕1동,27244,2341,2630,3941,5252,5925,4468,1683,734,239,30,1,15742,1173,1336,2347,3261,3607,2684,926,327,74,6,1,11502,1168,1294,1594,1991,2318,1784,757,407,165,24,0
2017,05,읍면동,경기도 시흥시 정왕2동,34609,3817,4818,5200,5100,7243,5417,1627,967,387,33,0,17919,2000,2494,2777,2594,3703,2977,846,384,138,6,0,16690,1817,2324,2423,2506,3540,2440,781,583,249,27,0
2017,05,읍면동,경기도 시흥시 정왕3동,26391,2662,2842,3555,4668,5482,4428,1625,768,306,54,1,14727,1348,1492,2019,2771,3178,2592,884,335,97,11,0,11664,1314,1350,1536,1897,2304,1836,741,433,209,43,1
2017,05,읍면동,경기도 시흥시 정왕4동,39139,5321,5625,5141,6438,8264,5462,1584,887,369,48,0,19708,2810,2892,2678,3021,4059,2974,776,358,133,7,0,19431,2511,2733,2463,3417,4205,2488,808,529,236,41,0
2017,05,읍면동,경기도 시흥시 정왕본동,24669,1906,1440,4206,5746,5200,3942,1356,636,205,30,2,15081,963,753,2664,3782,3365,2424,753,308,62,7,0,9588,943,687,1542,1964,1835,1518,603,328,143,23,2
2017,05,시군,경기도 안산시 ,686183,57363,81636,107941,97717,129149,121967,50705,26417,11585,1607,96,351572,29173,42238,57302,52049,64949,64604,26097,11165,3631,344,20,334611,28190,39398,50639,45668,64200,57363,24608,15252,7954,1263,76
2017,05,구,경기도 안산시 단원구 ,311699,26246,37556,47837,44411,59122,56588,23362,10997,4902,630,48,160754,13305,19504,25517,23709,29993,30137,12189,4761,1498,129,12,150945,12941,18052,22320,20702,29129,26451,11173,6236,3404,501,36
2017,05,읍면동,경기도 안산시 단원구 고잔1동,20960,1520,2556,3462,2808,3823,3793,1699,871,380,45,3,10542,758,1323,1840,1508,1869,1926,842,348,123,5,0,10418,762,1233,1622,1300,1954,1867,857,523,257,40,3
2017,05,읍면동,경기도 안산시 단원구 고잔2동,21709,1733,2513,3813,3476,3899,3773,1578,594,279,47,4,10775,863,1282,1952,1734,1905,1863,837,249,79,9,2,10934,870,1231,1861,1742,1994,1910,741,345,200,38,2
2017,05,읍면동,경기도 안산시 단원구 대부동,8291,331,482,801,717,974,1922,1594,949,439,75,7,4328,178,258,450,423,557,979,828,492,144,16,3,3963,153,224,351,294,417,943,766,457,295,59,4
2017,05,읍면동,경기도 안산시 단원구 선부1동,11915,1011,1120,1745,1965,2013,2214,1061,497,262,26,1,6146,511,582,998,1132,1043,1098,545,169,59,8,1,5769,500,538,747,833,970,1116,516,328,203,18,0
2017,05,읍면동,경기도 안산시 단원구 선부2동,22446,1569,2651,3408,3003,4553,4321,1699,844,341,54,3,12134,822,1405,1834,1710,2488,2518,861,375,105,15,1,10312,747,1246,1574,1293,2065,1803,838,469,236,39,2
2017,05,읍면동,경기도 안산시 단원구 선부3동,35409,3043,4472,5708,5260,6773,6312,2263,1029,501,43,5,18083,1523,2339,3015,2775,3363,3301,1204,410,144,8,1,17326,1520,2133,2693,2485,3410,3011,1059,619,357,35,4
2017,05,읍면동,경기도 안산시 단원구 와동,44471,3724,5356,6847,6948,8805,7536,2964,1563,647,79,2,23328,1949,2797,3685,3847,4646,4087,1485,616,202,14,0,21143,1775,2559,3162,3101,4159,3449,1479,947,445,65,2
2017,05,읍면동,경기도 안산시 단원구 원곡1동,5603,238,420,693,670,853,1291,853,431,132,20,2,2964,128,223,387,404,484,666,420,198,49,5,0,2639,110,197,306,266,369,625,433,233,83,15,2
2017,05,읍면동,경기도 안산시 단원구 원곡2동,16416,1441,2028,2570,2149,2888,3251,1409,472,179,25,4,8243,708,1054,1364,1068,1364,1638,754,238,48,7,0,8173,733,974,1206,1081,1524,1613,655,234,131,18,4
2017,05,읍면동,경기도 안산시 단원구 원곡본동,32781,3052,3280,4237,4929,6333,6086,2815,1402,579,62,6,17800,1564,1681,2383,2776,3549,3460,1500,684,186,16,1,14981,1488,1599,1854,2153,2784,2626,1315,718,393,46,5
2017,05,읍면동,경기도 안산시 단원구 초지동,42940,4394,5871,6004,6623,8766,6653,2614,1313,607,89,6,21923,2191,3033,3260,3467,4348,3554,1326,535,191,16,2,21017,2203,2838,2744,3156,4418,3099,1288,778,416,73,4
2017,05,읍면동,경기도 안산시 단원구 호수동,48758,4190,6807,8549,5863,9442,9436,2813,1032,556,65,5,24488,2110,3527,4349,2865,4377,5047,1587,447,168,10,1,24270,2080,3280,4200,2998,5065,4389,1226,585,388,55,4
2017,05,구,경기도 안산시 상록구 ,374484,31117,44080,60104,53306,70027,65379,27343,15420,6683,977,48,190818,15868,22734,31785,28340,34956,34467,13908,6404,2133,215,8,183666,15249,21346,28319,24966,35071,30912,13435,9016,4550,762,40
2017,05,읍면동,경기도 안산시 상록구 반월동,20050,1706,1698,2605,2909,3206,3695,2416,1282,476,53,4,10161,853,846,1397,1566,1669,1860,1205,600,155,8,2,9889,853,852,1208,1343,1537,1835,1211,682,321,45,2
2017,05,읍면동,경기도 안산시 상록구 본오1동,43508,4007,5524,6398,6427,8702,7088,2809,1793,674,84,2,22322,2037,2816,3427,3427,4455,3831,1354,744,213,17,1,21186,1970,2708,2971,3000,4247,3257,1455,1049,461,67,1
2017,05,읍면동,경기도 안산시 상록구 본오2동,30427,2341,4011,4793,3813,6052,5292,2088,1379,591,66,1,15022,1204,2007,2410,1922,2928,2706,1075,567,186,17,0,15405,1137,2004,2383,1891,3124,2586,1013,812,405,49,1
2017,05,읍면동,경기도 안산시 상록구 본오3동,23327,1687,2532,3936,3419,4226,4250,1676,1062,462,76,1,11585,840,1278,1992,1828,2082,2089,868,426,164,18,0,11742,847,1254,1944,1591,2144,2161,808,636,298,58,1
2017,05,읍면동,경기도 안산시 상록구 부곡동,24321,2081,2869,3804,3161,4697,4384,1768,1090,418,47,2,12433,1063,1452,2019,1624,2386,2426,902,419,134,7,1,11888,1018,1417,1785,1537,2311,1958,866,671,284,40,1
2017,05,읍면동,경기도 안산시 상록구 사1동,38605,3065,4283,6559,6288,7392,6108,2206,1566,960,167,11,20073,1586,2272,3507,3544,3801,3343,1123,563,287,45,2,18532,1479,2011,3052,2744,3591,2765,1083,1003,673,122,9
2017,05,읍면동,경기도 안산시 상록구 사2동,35613,3494,4712,5500,4969,6756,6058,2363,1181,499,79,2,18012,1745,2459,2877,2583,3283,3183,1223,487,153,19,0,17601,1749,2253,2623,2386,3473,2875,1140,694,346,60,2
2017,05,읍면동,경기도 안산시 상록구 사3동,19670,1707,2636,3517,2466,3672,3602,1348,479,205,37,1,10178,905,1346,1976,1252,1755,1909,742,232,56,5,0,9492,802,1290,1541,1214,1917,1693,606,247,149,32,1
2017,05,읍면동,경기도 안산시 상록구 성포동,26637,2069,3397,4665,3099,4474,5370,2077,891,505,85,5,13112,1061,1770,2465,1484,1973,2704,1096,379,154,25,1,13525,1008,1627,2200,1615,2501,2666,981,512,351,60,4
2017,05,읍면동,경기도 안산시 상록구 안산동,10071,811,922,1369,1292,1649,1964,1234,567,221,38,4,5235,411,483,734,697,893,1048,629,250,82,7,1,4836,400,439,635,595,756,916,605,317,139,31,3
2017,05,읍면동,경기도 안산시 상록구 월피동,45151,3522,5906,7681,5799,8544,8299,2973,1563,753,105,6,23121,1862,3135,4114,3092,4069,4443,1541,626,218,21,0,22030,1660,2771,3567,2707,4475,3856,1432,937,535,84,6
2017,05,읍면동,경기도 안산시 상록구 이동,28803,1985,2333,5320,5281,5117,4776,2231,1234,447,72,7,15212,1013,1247,2806,3003,2733,2566,1121,545,167,11,0,13591,972,1086,2514,2278,2384,2210,1110,689,280,61,7
2017,05,읍면동,경기도 안산시 상록구 일동,28301,2642,3257,3957,4383,5540,4493,2154,1333,472,68,2,14352,1288,1623,2061,2318,2929,2359,1029,566,164,15,0,13949,1354,1634,1896,2065,2611,2134,1125,767,308,53,2
2017,05,시군,경기도 안성시 ,183240,17336,19773,20982,26269,30661,29465,19303,12566,6074,770,41,93736,8862,10338,11434,13919,16349,15473,9647,5524,1999,183,8,89504,8474,9435,9548,12350,14312,13992,9656,7042,4075,587,33
2017,05,읍면동,경기도 안성시 고삼면,2063,69,115,226,163,246,433,362,282,152,15,0,1083,32,61,141,96,152,218,192,134,54,3,0,980,37,54,85,67,94,215,170,148,98,12,0
2017,05,읍면동,경기도 안성시 공도읍,57096,7816,7628,5661,10165,11366,7036,4023,2282,1018,101,0,28587,3956,3954,2932,5046,5906,3614,1899,943,315,22,0,28509,3860,3674,2729,5119,5460,3422,2124,1339,703,79,0
2017,05,읍면동,경기도 안성시 금광면,8336,793,861,806,1080,1287,1361,1033,705,361,45,4,4098,405,458,418,529,700,677,501,286,114,9,1,4238,388,403,388,551,587,684,532,419,247,36,3
2017,05,읍면동,경기도 안성시 대덕면,16645,1761,1227,2299,3540,2692,2429,1452,806,376,61,2,9240,944,634,1286,2114,1599,1377,748,376,145,17,0,7405,817,593,1013,1426,1093,1052,704,430,231,44,2
2017,05,읍면동,경기도 안성시 미양면,6841,496,464,677,957,942,1184,1001,706,362,48,4,3600,237,238,385,566,573,629,541,312,110,8,1,3241,259,226,292,391,369,555,460,394,252,40,3
2017,05,읍면동,경기도 안성시 보개면,5937,255,427,643,548,739,1206,938,743,388,46,4,3137,134,267,355,334,440,647,486,338,128,8,0,2800,121,160,288,214,299,559,452,405,260,38,4
2017,05,읍면동,경기도 안성시 삼죽면,3582,133,248,390,316,408,745,605,484,232,20,1,1876,73,114,227,193,239,403,313,217,95,2,0,1706,60,134,163,123,169,342,292,267,137,18,1
2017,05,읍면동,경기도 안성시 서운면,3833,151,235,444,335,489,765,657,483,247,25,2,2044,86,140,263,195,295,427,322,221,87,7,1,1789,65,95,181,140,194,338,335,262,160,18,1
2017,05,읍면동,경기도 안성시 안성1동,12252,750,1239,1668,1348,1775,2343,1523,1060,475,65,6,6123,387,608,894,736,895,1197,743,472,171,18,2,6129,363,631,774,612,880,1146,780,588,304,47,4
2017,05,읍면동,경기도 안성시 안성2동,19138,1882,2349,2394,2714,3478,3104,1718,980,463,54,2,9564,959,1212,1285,1357,1786,1575,831,418,124,16,1,9574,923,1137,1109,1357,1692,1529,887,562,339,38,1
2017,05,읍면동,경기도 안성시 안성3동,21195,1831,2863,3044,2442,3827,3617,1843,1168,483,72,5,10589,936,1520,1671,1204,1812,1881,907,493,149,16,0,10606,895,1343,1373,1238,2015,1736,936,675,334,56,5
2017,05,읍면동,경기도 안성시 양성면,5515,228,320,572,487,687,1154,925,652,419,69,2,2874,112,160,354,286,390,642,488,303,126,13,0,2641,116,160,218,201,297,512,437,349,293,56,2
2017,05,읍면동,경기도 안성시 원곡면,5053,361,387,531,649,740,1023,661,450,210,39,2,2692,186,211,306,357,439,553,352,204,71,12,1,2361,175,176,225,292,301,470,309,246,139,27,1
2017,05,읍면동,경기도 안성시 일죽면,8289,441,785,805,793,993,1573,1414,935,477,71,2,4301,237,431,443,466,569,824,727,418,164,21,1,3988,204,354,362,327,424,749,687,517,313,50,1
2017,05,읍면동,경기도 안성시 죽산면,7465,369,625,822,732,992,1492,1148,830,411,39,5,3928,178,330,474,440,554,809,597,389,146,11,0,3537,191,295,348,292,438,683,551,441,265,28,5
2017,05,시군,경기도 안양시 ,597440,49783,64607,87419,88801,103310,104708,57056,28450,11587,1573,146,296723,25522,33498,45382,45232,50424,51454,28670,12452,3665,386,38,300717,24261,31109,42037,43569,52886,53254,28386,15998,7922,1187,108
2017,05,구,경기도 안양시 동안구 ,342065,30138,40960,49435,50341,62448,58196,29311,14031,6277,859,69,168437,15439,21223,25610,25020,29700,28484,14812,5993,1936,204,16,173628,14699,19737,23825,25321,32748,29712,14499,8038,4341,655,53
2017,05,읍면동,경기도 안양시 동안구 갈산동,11780,872,1583,1750,1313,2110,2107,1148,557,292,41,7,5748,427,824,923,618,970,1039,585,251,96,12,3,6032,445,759,827,695,1140,1068,563,306,196,29,4
2017,05,읍면동,경기도 안양시 동안구 관양1동,39485,3165,3847,6351,5747,6232,7240,3887,2026,877,106,7,19443,1654,1972,3351,3011,2986,3423,1882,854,283,26,1,20042,1511,1875,3000,2736,3246,3817,2005,1172,594,80,6
2017,05,읍면동,경기도 안양시 동안구 관양2동,20248,1675,1828,3056,3490,3432,3455,1848,1025,394,41,4,10235,826,910,1648,1864,1747,1720,917,451,141,11,0,10013,849,918,1408,1626,1685,1735,931,574,253,30,4
2017,05,읍면동,경기도 안양시 동안구 귀인동,17530,1615,3479,2215,1473,4220,2657,1014,568,257,31,1,8657,858,1835,1097,613,1957,1415,533,241,102,6,0,8873,757,1644,1118,860,2263,1242,481,327,155,25,1
2017,05,읍면동,경기도 안양시 동안구 달안동,12163,1191,941,1635,2877,2144,1633,896,532,288,25,1,5638,625,487,758,1428,980,697,404,187,67,5,0,6525,566,454,877,1449,1164,936,492,345,221,20,1
2017,05,읍면동,경기도 안양시 동안구 범계동,16249,1374,2520,2243,2021,3396,2582,1057,667,328,58,3,7842,698,1342,1100,924,1539,1321,510,280,114,14,0,8407,676,1178,1143,1097,1857,1261,547,387,214,44,3
2017,05,읍면동,경기도 안양시 동안구 부림동,25753,2796,2785,3138,5433,5169,3553,1620,856,360,43,0,12444,1421,1429,1494,2689,2484,1664,798,334,121,10,0,13309,1375,1356,1644,2744,2685,1889,822,522,239,33,0
2017,05,읍면동,경기도 안양시 동안구 부흥동,18468,1785,2484,2345,2636,3669,2793,1602,711,383,58,2,8938,922,1323,1194,1259,1742,1312,788,289,93,16,0,9530,863,1161,1151,1377,1927,1481,814,422,290,42,2
2017,05,읍면동,경기도 안양시 동안구 비산1동,24615,2376,2928,3381,3429,4423,4202,2387,1006,403,64,16,12075,1224,1489,1731,1685,2123,2018,1204,462,126,12,1,12540,1152,1439,1650,1744,2300,2184,1183,544,277,52,15
2017,05,읍면동,경기도 안양시 동안구 비산2동,13859,1100,1508,2178,1877,2308,2593,1418,582,231,56,8,6758,550,780,1130,912,1065,1253,722,257,73,14,2,7101,550,728,1048,965,1243,1340,696,325,158,42,6
2017,05,읍면동,경기도 안양시 동안구 비산3동,24867,1723,2569,3976,3406,3931,4758,2516,1257,638,89,4,12404,898,1324,2166,1804,1882,2319,1266,547,173,23,2,12463,825,1245,1810,1602,2049,2439,1250,710,465,66,2
2017,05,읍면동,경기도 안양시 동안구 신촌동,13900,1065,1967,2171,1701,2547,2633,1154,443,194,25,0,6858,522,1027,1122,837,1137,1315,631,206,56,5,0,7042,543,940,1049,864,1410,1318,523,237,138,20,0
2017,05,읍면동,경기도 안양시 동안구 평안동,25300,2910,4144,2884,3636,5855,3280,1418,741,387,41,4,12443,1470,2199,1481,1648,2823,1664,742,279,122,11,4,12857,1440,1945,1403,1988,3032,1616,676,462,265,30,0
2017,05,읍면동,경기도 안양시 동안구 평촌동,16369,1742,2120,2352,2141,3245,2796,1105,585,256,25,2,8106,907,1087,1254,988,1502,1450,568,245,95,9,1,8263,835,1033,1098,1153,1743,1346,537,340,161,16,1
2017,05,읍면동,경기도 안양시 동안구 호계1동,10785,755,973,1586,1682,1784,2053,1181,545,195,28,3,5563,408,511,846,929,936,1067,578,240,44,3,1,5222,347,462,740,753,848,986,603,305,151,25,2
2017,05,읍면동,경기도 안양시 동안구 호계2동,25550,1959,2626,4210,3799,3946,4957,2580,990,419,59,5,12596,985,1334,2191,1924,1862,2378,1349,437,126,10,0,12954,974,1292,2019,1875,2084,2579,1231,553,293,49,5
2017,05,읍면동,경기도 안양시 동안구 호계3동,25144,2035,2658,3964,3680,4037,4904,2480,940,375,69,2,12689,1044,1350,2124,1887,1965,2429,1335,433,104,17,1,12455,991,1308,1840,1793,2072,2475,1145,507,271,52,1
2017,05,구,경기도 안양시 만안구 ,255375,19645,23647,37984,38460,40862,46512,27745,14419,5310,714,77,128286,10083,12275,19772,20212,20724,22970,13858,6459,1729,182,22,127089,9562,11372,18212,18248,20138,23542,13887,7960,3581,532,55
2017,05,읍면동,경기도 안양시 만안구 박달1동,16902,1103,1525,2428,2173,2900,3299,1916,1119,383,48,8,8492,547,751,1271,1157,1528,1673,951,481,114,16,3,8410,556,774,1157,1016,1372,1626,965,638,269,32,5
2017,05,읍면동,경기도 안양시 만안구 박달2동,23282,2299,2608,3634,3672,3731,4056,2008,836,396,40,2,11699,1205,1359,1917,1853,1807,1996,1052,376,122,12,0,11583,1094,1249,1717,1819,1924,2060,956,460,274,28,2
2017,05,읍면동,경기도 안양시 만안구 석수1동,20766,1848,1868,2887,3155,3340,3706,2226,1168,483,76,9,10240,949,979,1503,1543,1673,1771,1108,542,153,16,3,10526,899,889,1384,1612,1667,1935,1118,626,330,60,6
2017,05,읍면동,경기도 안양시 만안구 석수2동,33904,2816,3266,4842,4983,5625,6103,3512,1962,694,93,8,17007,1449,1741,2468,2557,2854,3094,1722,876,227,18,1,16897,1367,1525,2374,2426,2771,3009,1790,1086,467,75,7
2017,05,읍면동,경기도 안양시 만안구 석수3동,15207,1364,1768,2164,2033,2651,2779,1376,752,282,36,2,7634,693,929,1193,1010,1338,1401,678,310,76,6,0,7573,671,839,971,1023,1313,1378,698,442,206,30,2
2017,05,읍면동,경기도 안양시 만안구 안양1동,18216,1588,1862,2751,2911,3013,3143,1829,772,296,49,2,9051,802,922,1455,1458,1465,1534,932,358,108,17,0,9165,786,940,1296,1453,1548,1609,897,414,188,32,2
2017,05,읍면동,경기도 안양시 만안구 안양2동,22592,1373,1905,3607,3231,3428,4341,2706,1463,473,58,7,11367,707,999,1790,1741,1742,2175,1370,664,160,16,3,11225,666,906,1817,1490,1686,2166,1336,799,313,42,4
2017,05,읍면동,경기도 안양시 만안구 안양3동,17748,1146,1603,2715,2552,2761,3360,2161,1052,349,41,8,8885,593,848,1416,1402,1399,1590,1043,474,111,8,1,8863,553,755,1299,1150,1362,1770,1118,578,238,33,7
2017,05,읍면동,경기도 안양시 만안구 안양4동,7319,374,570,1144,1014,1113,1323,916,607,233,25,0,3684,187,296,551,582,604,657,459,248,92,8,0,3635,187,274,593,432,509,666,457,359,141,17,0
2017,05,읍면동,경기도 안양시 만안구 안양5동,13965,750,1158,2004,1896,2148,2663,1773,1088,428,54,3,7012,422,615,1023,1044,1093,1324,870,474,135,11,1,6953,328,543,981,852,1055,1339,903,614,293,43,2
2017,05,읍면동,경기도 안양시 만안구 안양6동,19023,1209,1339,2811,3378,2929,3365,2341,1172,423,46,10,9854,597,672,1507,1900,1572,1698,1184,538,163,19,4,9169,612,667,1304,1478,1357,1667,1157,634,260,27,6
2017,05,읍면동,경기도 안양시 만안구 안양7동,15840,1725,1514,2256,2984,2631,2604,1364,538,172,43,9,7957,891,788,1122,1529,1304,1297,692,265,55,10,4,7883,834,726,1134,1455,1327,1307,672,273,117,33,5
2017,05,읍면동,경기도 안양시 만안구 안양8동,12128,681,977,1944,1884,1845,2291,1464,725,268,47,2,6274,354,509,1079,1097,978,1087,741,346,72,11,0,5854,327,468,865,787,867,1204,723,379,196,36,2
2017,05,읍면동,경기도 안양시 만안구 안양9동,18483,1369,1684,2797,2594,2747,3479,2153,1165,430,58,7,9130,687,867,1477,1339,1367,1673,1056,507,141,14,2,9353,682,817,1320,1255,1380,1806,1097,658,289,44,5
2017,05,시군,경기도 양주시 ,207804,20496,24277,23531,27395,38017,33879,21218,13313,4980,658,40,105446,10420,12496,12564,13824,19702,17883,10511,6074,1807,155,10,102358,10076,11781,10967,13571,18315,15996,10707,7239,3173,503,30
2017,05,읍면동,경기도 양주시 광적면,11879,761,1026,1433,1219,1930,2519,1551,982,410,44,4,6402,383,555,832,699,1062,1427,836,446,151,11,0,5477,378,471,601,520,868,1092,715,536,259,33,4
2017,05,읍면동,경기도 양주시 남면,7553,487,552,930,884,1014,1537,1099,649,337,61,3,4173,259,282,572,525,629,871,619,296,104,14,2,3380,228,270,358,359,385,666,480,353,233,47,1
2017,05,읍면동,경기도 양주시 백석읍,28389,2203,3202,3526,3106,4876,5352,3236,2010,776,96,6,14371,1129,1663,1846,1625,2455,2825,1631,890,284,22,1,14018,1074,1539,1680,1481,2421,2527,1605,1120,492,74,5
2017,05,읍면동,경기도 양주시 양주1동,6168,302,435,714,585,864,1297,1012,648,275,35,1,3208,169,223,364,338,474,688,548,292,106,5,1,2960,133,212,350,247,390,609,464,356,169,30,0
2017,05,읍면동,경기도 양주시 양주2동,53978,7536,7561,4697,8215,11427,6390,4368,2833,833,113,5,26501,3834,3766,2427,3789,5877,3215,1957,1315,302,19,0,27477,3702,3795,2270,4426,5550,3175,2411,1518,531,94,5
2017,05,읍면동,경기도 양주시 은현면,6718,257,468,794,653,915,1554,1094,653,289,38,3,3760,140,241,478,399,563,886,614,318,110,11,0,2958,117,227,316,254,352,668,480,335,179,27,3
2017,05,읍면동,경기도 양주시 장흥면,10118,592,638,1133,1242,1241,1995,1827,983,392,70,5,5155,290,344,625,700,686,975,882,490,141,19,3,4963,302,294,508,542,555,1020,945,493,251,51,2
2017,05,읍면동,경기도 양주시 회천1동,10311,777,977,1575,1322,1667,1910,1107,673,262,33,8,5327,392,491,904,692,844,1039,564,306,85,8,2,4984,385,486,671,630,823,871,543,367,177,25,6
2017,05,읍면동,경기도 양주시 회천2동,28599,2401,3282,3821,3510,5183,5389,2727,1667,553,62,4,14543,1245,1736,1989,1807,2651,2841,1335,730,198,11,0,14056,1156,1546,1832,1703,2532,2548,1392,937,355,51,4
2017,05,읍면동,경기도 양주시 회천3동,29587,3128,4663,3398,3784,6300,4106,1935,1563,640,69,1,14637,1539,2419,1749,1801,3116,2179,903,661,246,23,1,14950,1589,2244,1649,1983,3184,1927,1032,902,394,46,0
2017,05,읍면동,경기도 양주시 회천4동,14504,2052,1473,1510,2875,2600,1830,1262,652,213,37,0,7369,1040,776,778,1449,1345,937,622,330,80,12,0,7135,1012,697,732,1426,1255,893,640,322,133,25,0
2017,05,시군,경기도 양평군 ,112866,8319,10018,10771,11915,16551,20648,17348,11536,4989,724,47,56948,4271,5352,5972,6010,8766,10538,8602,5468,1760,199,10,55918,4048,4666,4799,5905,7785,10110,8746,6068,3229,525,37
2017,05,읍면동,경기도 양평군 강상면,9163,929,817,797,1194,1464,1570,1249,768,315,55,5,4588,468,435,431,590,747,781,618,381,121,15,1,4575,461,382,366,604,717,789,631,387,194,40,4
2017,05,읍면동,경기도 양평군 강하면,4490,212,308,368,387,562,919,950,547,199,38,0,2261,112,171,206,209,294,445,447,285,81,11,0,2229,100,137,162,178,268,474,503,262,118,27,0
2017,05,읍면동,경기도 양평군 개군면,4974,277,348,439,437,650,983,868,655,285,31,1,2519,134,183,263,230,366,507,412,326,91,6,1,2455,143,165,176,207,284,476,456,329,194,25,0
2017,05,읍면동,경기도 양평군 단월면,3675,155,227,302,316,447,724,709,550,222,22,1,1880,71,145,163,179,262,349,378,251,77,5,0,1795,84,82,139,137,185,375,331,299,145,17,1
2017,05,읍면동,경기도 양평군 서종면,8772,642,730,646,862,1361,1698,1638,805,322,65,3,4406,324,404,351,421,696,834,829,412,114,20,1,4366,318,326,295,441,665,864,809,393,208,45,2
2017,05,읍면동,경기도 양평군 양동면,4616,179,231,364,331,473,921,985,699,375,52,6,2293,92,129,191,177,273,493,491,310,126,11,0,2323,87,102,173,154,200,428,494,389,249,41,6
2017,05,읍면동,경기도 양평군 양서면,12263,797,1064,1157,1306,1800,2277,1974,1269,537,78,4,6181,375,589,640,656,955,1136,964,645,197,22,2,6082,422,475,517,650,845,1141,1010,624,340,56,2
2017,05,읍면동,경기도 양평군 양평읍,30455,2734,3438,3501,3843,5111,5211,3395,2203,880,128,11,15265,1428,1756,1917,1888,2573,2691,1685,993,291,40,3,15190,1306,1682,1584,1955,2538,2520,1710,1210,589,88,8
2017,05,읍면동,경기도 양평군 옥천면,7393,548,513,744,797,1040,1396,1245,761,307,37,5,3767,286,275,427,400,590,700,598,373,110,8,0,3626,262,238,317,397,450,696,647,388,197,29,5
2017,05,읍면동,경기도 양평군 용문면,16701,1421,1688,1695,1747,2443,2818,2289,1725,768,102,5,8508,750,910,944,879,1309,1470,1140,795,281,28,2,8193,671,778,751,868,1134,1348,1149,930,487,74,3
2017,05,읍면동,경기도 양평군 지평면,6648,292,456,503,449,787,1369,1254,984,485,68,1,3378,167,246,289,242,454,712,649,431,162,26,0,3270,125,210,214,207,333,657,605,553,323,42,1
2017,05,읍면동,경기도 양평군 청운면,3716,133,198,255,246,413,762,792,570,294,48,5,1902,64,109,150,139,247,420,391,266,109,7,0,1814,69,89,105,107,166,342,401,304,185,41,5
2017,05,시군,경기도 여주시 ,112029,8938,11122,12213,13483,17293,19998,14368,9643,4329,601,41,56639,4667,5647,6656,6925,9086,10403,7211,4395,1523,111,15,55390,4271,5475,5557,6558,8207,9595,7157,5248,2806,490,26
2017,05,읍면동,경기도 여주시 가남읍,16075,1386,1530,1698,2287,2459,2747,2018,1282,577,84,7,8277,706,778,926,1233,1329,1448,1031,593,211,19,3,7798,680,752,772,1054,1130,1299,987,689,366,65,4
2017,05,읍면동,경기도 여주시 강천면,3995,166,302,373,324,524,795,707,493,270,38,3,2051,94,161,205,182,293,422,358,238,94,3,1,1944,72,141,168,142,231,373,349,255,176,35,2
2017,05,읍면동,경기도 여주시 금사면,3072,138,195,250,239,354,650,630,400,184,30,2,1565,67,109,139,140,187,347,309,191,71,5,0,1507,71,86,111,99,167,303,321,209,113,25,2
2017,05,읍면동,경기도 여주시 능서면,6654,353,570,624,621,793,1359,1055,804,413,62,0,3436,165,299,369,335,469,721,561,367,131,19,0,3218,188,271,255,286,324,638,494,437,282,43,0
2017,05,읍면동,경기도 여주시 대신면,7708,276,556,690,564,924,1654,1390,1093,498,60,3,3850,147,290,394,318,497,810,700,487,191,14,2,3858,129,266,296,246,427,844,690,606,307,46,1
2017,05,읍면동,경기도 여주시 북내면,5201,217,494,496,363,741,1041,776,675,349,46,3,2650,110,250,276,201,404,565,412,295,127,9,1,2551,107,244,220,162,337,476,364,380,222,37,2
2017,05,읍면동,경기도 여주시 산북면,2573,129,199,216,212,326,482,462,369,153,23,2,1253,54,93,118,102,178,232,236,176,60,3,1,1320,75,106,98,110,148,250,226,193,93,20,1
2017,05,읍면동,경기도 여주시 여흥동,21900,2073,2216,2682,3033,3699,3757,2395,1430,527,79,9,11061,1077,1123,1482,1514,1904,1947,1178,660,165,8,3,10839,996,1093,1200,1519,1795,1810,1217,770,362,71,6
2017,05,읍면동,경기도 여주시 오학동,15137,1913,1582,1703,2592,2664,2343,1268,741,280,45,6,7550,1033,791,895,1251,1355,1189,612,322,92,8,2,7587,880,791,808,1341,1309,1154,656,419,188,37,4
2017,05,읍면동,경기도 여주시 점동면,4874,194,449,498,331,551,962,895,621,326,47,0,2514,108,243,285,184,308,519,452,288,115,12,0,2360,86,206,213,147,243,443,443,333,211,35,0
2017,05,읍면동,경기도 여주시 중앙동,19675,1847,2667,2526,2514,3659,3133,1817,1043,419,47,3,9767,966,1334,1303,1246,1822,1630,860,456,142,6,2,9908,881,1333,1223,1268,1837,1503,957,587,277,41,1
2017,05,읍면동,경기도 여주시 흥천면,5165,246,362,457,403,599,1075,955,692,333,40,3,2665,140,176,264,219,340,573,502,322,124,5,0,2500,106,186,193,184,259,502,453,370,209,35,3
2017,05,시군,경기도 연천군 ,45720,3514,3767,5953,4868,5719,7976,6294,5058,2218,321,32,24020,1809,2016,3826,2651,3165,4281,3155,2218,810,78,11,21700,1705,1751,2127,2217,2554,3695,3139,2840,1408,243,21
2017,05,읍면동,경기도 연천군 군남면,3581,161,234,382,267,392,692,622,549,246,34,2,1883,75,125,252,155,238,373,322,242,90,10,1,1698,86,109,130,112,154,319,300,307,156,24,1
2017,05,읍면동,경기도 연천군 미산면,1749,67,78,173,98,161,381,372,278,121,17,3,918,36,41,107,58,94,205,200,130,42,4,1,831,31,37,66,40,67,176,172,148,79,13,2
2017,05,읍면동,경기도 연천군 백학면,2844,152,204,282,212,313,576,464,447,177,16,1,1509,79,112,190,126,185,307,229,206,69,6,0,1335,73,92,92,86,128,269,235,241,108,10,1
2017,05,읍면동,경기도 연천군 신서면,3080,99,154,426,202,296,564,602,505,201,29,2,1674,49,80,324,125,187,304,287,226,82,9,1,1406,50,74,102,77,109,260,315,279,119,20,1
2017,05,읍면동,경기도 연천군 연천읍,8317,827,575,1408,1065,907,1224,957,907,391,54,2,4496,434,306,965,596,522,679,461,372,148,13,0,3821,393,269,443,469,385,545,496,535,243,41,2
2017,05,읍면동,경기도 연천군 왕징면,1099,42,57,96,60,111,187,249,212,70,13,2,577,29,30,59,37,71,103,122,96,26,3,1,522,13,27,37,23,40,84,127,116,44,10,1
2017,05,읍면동,경기도 연천군 장남면,745,32,39,62,44,89,147,140,132,47,13,0,373,14,24,38,23,50,74,70,64,16,0,0,372,18,15,24,21,39,73,70,68,31,13,0
2017,05,읍면동,경기도 연천군 전곡읍,19898,1937,2167,2572,2523,2959,3298,2148,1449,722,108,15,10247,1005,1149,1501,1305,1534,1739,1103,629,250,26,6,9651,932,1018,1071,1218,1425,1559,1045,820,472,82,9
2017,05,읍면동,경기도 연천군 중면,226,13,14,66,23,14,35,31,17,11,2,0,133,7,6,55,12,7,18,18,7,3,0,0,93,6,8,11,11,7,17,13,10,8,2,0
2017,05,읍면동,경기도 연천군 청산면,4181,184,245,486,374,477,872,709,562,232,35,5,2210,81,143,335,214,277,479,343,246,84,7,1,1971,103,102,151,160,200,393,366,316,148,28,4
2017,05,시군,경기도 오산시 ,210420,26999,24439,26884,40294,39277,27543,13837,7926,2802,386,33,107959,13875,12537,14314,21068,20659,14327,6735,3389,962,86,7,102461,13124,11902,12570,19226,18618,13216,7102,4537,1840,300,26
2017,05,읍면동,경기도 오산시 남촌동,22210,1510,1586,4374,5906,3850,2632,1370,713,230,34,5,12766,780,818,2479,3705,2323,1536,704,341,72,7,1,9444,730,768,1895,2201,1527,1096,666,372,158,27,4
2017,05,읍면동,경기도 오산시 대원동,66739,8876,8202,8645,12538,12751,8507,4043,2297,761,113,6,34140,4554,4336,4597,6395,6593,4458,1950,961,267,29,0,32599,4322,3866,4048,6143,6158,4049,2093,1336,494,84,6
2017,05,읍면동,경기도 오산시 세마동,19620,2993,2275,2178,3561,3740,2567,1342,686,229,43,6,9973,1592,1147,1153,1695,1989,1318,667,319,82,10,1,9647,1401,1128,1025,1866,1751,1249,675,367,147,33,5
2017,05,읍면동,경기도 오산시 신장동,57101,8357,6308,6380,11039,10044,7643,4096,2294,824,109,7,28521,4256,3153,3349,5605,5187,3740,1969,969,273,20,0,28580,4101,3155,3031,5434,4857,3903,2127,1325,551,89,7
2017,05,읍면동,경기도 오산시 중앙동,27723,3045,3777,3483,4174,5538,3931,1953,1257,505,56,4,13935,1536,1927,1813,2115,2793,2093,948,518,178,13,1,13788,1509,1850,1670,2059,2745,1838,1005,739,327,43,3
2017,05,읍면동,경기도 오산시 초평동,17027,2218,2291,1824,3076,3354,2263,1033,679,253,31,5,8624,1157,1156,923,1553,1774,1182,497,281,90,7,4,8403,1061,1135,901,1523,1580,1081,536,398,163,24,1
2017,05,시군,경기도 용인시 ,995819,110329,125118,118835,150020,196044,136116,82629,53907,19762,2905,154,495114,56610,64834,61335,72541,97989,70080,38323,25077,7562,739,24,500705,53719,60284,57500,77479,98055,66036,44306,28830,12200,2166,130
2017,05,구,경기도 용인시 기흥구 ,418315,51086,52524,47951,66367,84416,53455,32526,21303,7502,1136,49,207047,26246,27058,24710,31722,42221,27103,14821,9949,2915,296,6,211268,24840,25466,23241,34645,42195,26352,17705,11354,4587,840,43
2017,05,읍면동,경기도 용인시 기흥구 구갈동,26940,2268,3025,4353,4535,4939,4144,2065,1145,402,61,3,13541,1145,1517,2191,2396,2483,2131,998,534,134,12,0,13399,1123,1508,2162,2139,2456,2013,1067,611,268,49,3
2017,05,읍면동,경기도 용인시 기흥구 구성동,40790,4885,5083,3781,5876,8534,4891,3869,2822,919,124,6,19767,2499,2590,1948,2671,4257,2376,1671,1328,404,22,1,21023,2386,2493,1833,3205,4277,2515,2198,1494,515,102,5
2017,05,읍면동,경기도 용인시 기흥구 기흥동,22726,2738,2392,2520,3769,4209,3229,2115,1239,445,66,4,11256,1374,1271,1316,1850,2134,1553,997,594,146,21,0,11470,1364,1121,1204,1919,2075,1676,1118,645,299,45,4
2017,05,읍면동,경기도 용인시 기흥구 동백동,80770,11625,13048,7367,11969,19149,8739,4647,3059,1010,147,10,39624,5947,6737,3753,5179,9565,4596,2033,1380,388,44,2,41146,5678,6311,3614,6790,9584,4143,2614,1679,622,103,8
2017,05,읍면동,경기도 용인시 기흥구 마북동,32529,3311,3562,3830,4749,5775,4468,3393,2464,854,118,5,15953,1717,1805,2005,2292,2809,2220,1502,1211,356,36,0,16576,1594,1757,1825,2457,2966,2248,1891,1253,498,82,5
2017,05,읍면동,경기도 용인시 기흥구 보정동,36591,4198,4468,3877,5411,7371,4467,3394,2528,753,123,1,18007,2192,2276,1964,2495,3613,2278,1543,1276,342,28,0,18584,2006,2192,1913,2916,3758,2189,1851,1252,411,95,1
2017,05,읍면동,경기도 용인시 기흥구 상갈동,46625,5194,6091,5165,6972,9588,6063,3844,2686,894,121,7,23511,2726,3191,2639,3464,4904,3144,1765,1282,360,34,2,23114,2468,2900,2526,3508,4684,2919,2079,1404,534,87,5
2017,05,읍면동,경기도 용인시 기흥구 상하동,25378,2818,3273,2992,3633,5121,3645,2072,1302,453,65,4,12403,1437,1673,1560,1728,2480,1830,946,581,156,12,0,12975,1381,1600,1432,1905,2641,1815,1126,721,297,53,4
2017,05,읍면동,경기도 용인시 기흥구 서농동,24125,3798,2138,4426,5359,3680,2696,1211,585,192,39,1,12376,1963,1121,2379,2789,1897,1320,575,261,62,9,0,11749,1835,1017,2047,2570,1783,1376,636,324,130,30,1
2017,05,읍면동,경기도 용인시 기흥구 신갈동,36566,3859,4244,4499,5614,7176,5332,2990,1999,742,106,5,18132,1954,2167,2279,2778,3612,2767,1400,864,284,26,1,18434,1905,2077,2220,2836,3564,2565,1590,1135,458,80,4
2017,05,읍면동,경기도 용인시 기흥구 영덕동,45275,6392,5200,5141,8480,8874,5781,2926,1474,838,166,3,22477,3292,2710,2676,4080,4467,2888,1391,638,283,52,0,22798,3100,2490,2465,4400,4407,2893,1535,836,555,114,3
2017,05,구,경기도 용인시 수지구 ,348813,38577,46104,41157,51342,71352,45371,28015,19406,6489,959,41,170617,19798,23556,20717,23850,34737,23334,12537,9237,2601,244,6,178196,18779,22548,20440,27492,36615,22037,15478,10169,3888,715,35
2017,05,읍면동,경기도 용인시 수지구 동천동,36543,4068,4626,4427,5418,7590,4965,3029,1777,544,94,5,18044,2087,2369,2245,2525,3746,2530,1453,863,211,15,0,18499,1981,2257,2182,2893,3844,2435,1576,914,333,79,5
2017,05,읍면동,경기도 용인시 수지구 상현1동,47995,5499,6534,5653,7207,9830,6050,3806,2462,818,132,4,23345,2820,3334,2794,3292,4769,3142,1648,1199,320,27,0,24650,2679,3200,2859,3915,5061,2908,2158,1263,498,105,4
2017,05,읍면동,경기도 용인시 수지구 상현2동,33258,3561,4609,3609,4377,6823,4354,2989,2180,655,98,3,16170,1871,2324,1809,1978,3288,2237,1316,1060,259,28,0,17088,1690,2285,1800,2399,3535,2117,1673,1120,396,70,3
2017,05,읍면동,경기도 용인시 수지구 성복동,37911,3900,4570,3869,4651,7187,5040,4563,3109,862,152,8,18204,1970,2298,1996,1952,3456,2471,1990,1634,393,42,2,19707,1930,2272,1873,2699,3731,2569,2573,1475,469,110,6
2017,05,읍면동,경기도 용인시 수지구 신봉동,37398,4263,5330,3713,4804,8282,4686,3103,2358,761,94,4,18189,2130,2733,1898,2102,4002,2463,1341,1156,344,20,0,19209,2133,2597,1815,2702,4280,2223,1762,1202,417,74,4
2017,05,읍면동,경기도 용인시 수지구 죽전1동,59326,6831,7947,7352,8958,12118,7623,4225,3034,1070,161,7,28960,3497,4055,3694,4188,5904,3866,1910,1378,420,47,1,30366,3334,3892,3658,4770,6214,3757,2315,1656,650,114,6
2017,05,읍면동,경기도 용인시 수지구 죽전2동,19505,1965,1933,2890,3742,3385,2747,1482,922,393,45,1,9627,1021,1011,1408,1877,1668,1353,698,432,151,8,0,9878,944,922,1482,1865,1717,1394,784,490,242,37,1
2017,05,읍면동,경기도 용인시 수지구 풍덕천1동,37313,3726,4427,5140,6373,7125,5094,2723,1919,681,103,2,18646,1898,2324,2658,3268,3527,2617,1253,825,243,33,0,18667,1828,2103,2482,3105,3598,2477,1470,1094,438,70,2
2017,05,읍면동,경기도 용인시 수지구 풍덕천2동,39564,4764,6128,4504,5812,9012,4812,2095,1645,705,80,7,19432,2504,3108,2215,2668,4377,2655,928,690,260,24,3,20132,2260,3020,2289,3144,4635,2157,1167,955,445,56,4
2017,05,구,경기도 용인시 처인구 ,228691,20666,26490,29727,32311,40276,37290,22088,13198,5771,810,64,117450,10566,14220,15908,16969,21031,19643,10965,5891,2046,199,12,111241,10100,12270,13819,15342,19245,17647,11123,7307,3725,611,52
2017,05,읍면동,경기도 용인시 처인구 남사면,6965,300,536,725,655,1031,1425,1069,757,407,55,5,3705,160,264,406,373,613,818,555,338,162,16,0,3260,140,272,319,282,418,607,514,419,245,39,5
2017,05,읍면동,경기도 용인시 처인구 동부동,14235,1052,1534,1992,1876,2513,2578,1529,799,313,43,6,7253,530,834,1056,1000,1267,1313,773,362,110,8,0,6982,522,700,936,876,1246,1265,756,437,203,35,6
2017,05,읍면동,경기도 용인시 처인구 모현면,26393,2516,2603,3291,3818,4585,4399,2854,1597,637,86,7,13881,1331,1368,1805,2011,2469,2408,1472,753,243,19,2,12512,1185,1235,1486,1807,2116,1991,1382,844,394,67,5
2017,05,읍면동,경기도 용인시 처인구 백암면,8895,347,738,1000,799,1188,1800,1403,991,537,84,8,4617,177,355,560,480,682,986,724,430,197,23,3,4278,170,383,440,319,506,814,679,561,340,61,5
2017,05,읍면동,경기도 용인시 처인구 양지면,18945,1516,2811,2278,2567,3051,3147,1910,1056,512,92,5,10229,817,1755,1272,1392,1627,1679,991,501,169,25,1,8716,699,1056,1006,1175,1424,1468,919,555,343,67,4
2017,05,읍면동,경기도 용인시 처인구 역삼동,30814,3362,3570,4665,5236,5428,4410,2279,1310,480,67,7,15463,1680,1859,2432,2689,2678,2221,1106,606,171,20,1,15351,1682,1711,2233,2547,2750,2189,1173,704,309,47,6
2017,05,읍면동,경기도 용인시 처인구 원삼면,7868,436,559,765,767,1133,1553,1321,862,419,48,5,4098,228,287,435,442,648,808,689,403,143,14,1,3770,208,272,330,325,485,745,632,459,276,34,4
2017,05,읍면동,경기도 용인시 처인구 유림동,33071,3649,4649,3981,4892,6803,4750,2302,1448,535,60,2,16703,1799,2462,2064,2471,3420,2545,1110,611,203,18,0,16368,1850,2187,1917,2421,3383,2205,1192,837,332,42,2
2017,05,읍면동,경기도 용인시 처인구 이동면,21460,2144,2159,2225,3014,3697,3749,2313,1374,670,107,8,10919,1088,1148,1253,1558,2004,1950,1093,582,214,28,1,10541,1056,1011,972,1456,1693,1799,1220,792,456,79,7
2017,05,읍면동,경기도 용인시 처인구 중앙동,24918,2019,2659,4009,3560,4339,4136,2325,1259,531,72,9,12562,1032,1391,2074,1878,2223,2074,1130,555,186,16,3,12356,987,1268,1935,1682,2116,2062,1195,704,345,56,6
2017,05,읍면동,경기도 용인시 처인구 포곡읍,35127,3325,4672,4796,5127,6508,5343,2783,1745,730,96,2,18020,1724,2497,2551,2675,3400,2841,1322,750,248,12,0,17107,1601,2175,2245,2452,3108,2502,1461,995,482,84,2
2017,05,시군,경기도 의왕시 ,155567,13924,16284,22025,22116,26368,27829,15343,7678,3439,521,40,77731,7193,8350,11594,11412,13009,13722,7778,3454,1085,124,10,77836,6731,7934,10431,10704,13359,14107,7565,4224,2354,397,30
2017,05,읍면동,경기도 의왕시 고천동,12436,988,1144,1615,1812,1852,2285,1614,745,333,46,2,6279,507,590,863,953,948,1097,844,365,98,13,1,6157,481,554,752,859,904,1188,770,380,235,33,1
2017,05,읍면동,경기도 의왕시 내손1동,22545,1931,2627,3558,2868,3915,4356,1928,869,423,61,9,11061,982,1366,1824,1388,1836,2158,981,378,136,11,1,11484,949,1261,1734,1480,2079,2198,947,491,287,50,8
2017,05,읍면동,경기도 의왕시 내손2동,33133,3213,3176,5082,4967,5547,5907,3004,1408,703,120,6,16455,1642,1691,2665,2502,2688,2931,1532,578,204,21,1,16678,1571,1485,2417,2465,2859,2976,1472,830,499,99,5
2017,05,읍면동,경기도 의왕시 부곡동,26402,2089,2627,3742,3729,4344,4599,2637,1729,808,90,8,13483,1095,1307,2022,2105,2228,2331,1323,762,279,28,3,12919,994,1320,1720,1624,2116,2268,1314,967,529,62,5
2017,05,읍면동,경기도 의왕시 오전동,39649,3565,4603,5313,5432,6997,7138,4044,1761,664,126,6,19786,1854,2351,2793,2743,3421,3493,2073,833,196,27,2,19863,1711,2252,2520,2689,3576,3645,1971,928,468,99,4
2017,05,읍면동,경기도 의왕시 청계동,21402,2138,2107,2715,3308,3713,3544,2116,1166,508,78,9,10667,1113,1045,1427,1721,1888,1712,1025,538,172,24,2,10735,1025,1062,1288,1587,1825,1832,1091,628,336,54,7
2017,05,시군,경기도 의정부시 ,438226,36671,47401,59265,59953,77446,74906,43593,27351,10167,1288,185,216327,18840,24434,30298,30439,38302,37478,20664,11947,3554,332,39,221899,17831,22967,28967,29514,39144,37428,22929,15404,6613,956,146
2017,05,읍면동,경기도 의정부시 가능1동,24855,1490,2305,3531,3105,4114,4909,2851,1796,672,71,11,12516,781,1174,1861,1696,2107,2473,1368,789,251,15,1,12339,709,1131,1670,1409,2007,2436,1483,1007,421,56,10
2017,05,읍면동,경기도 의정부시 녹양동,23402,2170,2671,3138,3215,4181,4002,2170,1281,509,62,3,11702,1175,1410,1633,1640,2068,1978,1034,570,175,19,0,11700,995,1261,1505,1575,2113,2024,1136,711,334,43,3
2017,05,읍면동,경기도 의정부시 송산1동,33717,2774,3921,4508,4322,6134,5954,3221,1925,824,123,11,16735,1382,2044,2387,2222,3003,3030,1568,806,263,30,0,16982,1392,1877,2121,2100,3131,2924,1653,1119,561,93,11
2017,05,읍면동,경기도 의정부시 송산2동,57984,6927,7739,6809,8657,11675,8248,4115,2631,1046,133,4,28309,3527,3896,3455,4148,5689,4209,1889,1106,363,25,2,29675,3400,3843,3354,4509,5986,4039,2226,1525,683,108,2
2017,05,읍면동,경기도 의정부시 신곡1동,44281,3524,5059,6183,5721,7917,7959,4311,2557,944,96,10,21835,1824,2563,3231,2927,3739,3974,2113,1113,320,29,2,22446,1700,2496,2952,2794,4178,3985,2198,1444,624,67,8
2017,05,읍면동,경기도 의정부시 신곡2동,47303,4048,6229,6747,5702,8747,8253,4037,2408,986,138,8,22938,2079,3250,3395,2743,4076,4091,1934,1014,312,43,1,24365,1969,2979,3352,2959,4671,4162,2103,1394,674,95,7
2017,05,읍면동,경기도 의정부시 의정부1동,20532,1001,1398,3192,2974,3232,4081,2534,1451,556,86,27,10629,533,688,1610,1688,1785,2153,1283,658,202,24,5,9903,468,710,1582,1286,1447,1928,1251,793,354,62,22
2017,05,읍면동,경기도 의정부시 의정부2동,28225,1791,2373,4587,4297,4714,4968,2877,1887,646,77,8,14015,932,1254,2271,2290,2366,2481,1333,819,236,30,3,14210,859,1119,2316,2007,2348,2487,1544,1068,410,47,5
2017,05,읍면동,경기도 의정부시 의정부3동,12199,578,840,1973,1715,1903,2339,1483,933,377,38,20,6164,302,455,980,904,1052,1243,705,371,138,10,4,6035,276,385,993,811,851,1096,778,562,239,28,16
2017,05,읍면동,경기도 의정부시 자금동,30312,2719,3402,3992,4050,5469,5227,2822,1813,704,95,19,14886,1372,1787,2024,2022,2652,2607,1364,782,245,21,10,15426,1347,1615,1968,2028,2817,2620,1458,1031,459,74,9
2017,05,읍면동,경기도 의정부시 장암동,20740,1852,2228,2399,2826,3617,3375,2291,1477,594,71,10,9960,934,1144,1249,1376,1782,1634,1035,615,179,11,1,10780,918,1084,1150,1450,1835,1741,1256,862,415,60,9
2017,05,읍면동,경기도 의정부시 호원1동,35692,2937,2970,4546,5523,5711,5569,4566,2881,859,110,20,17523,1554,1510,2210,2819,2931,2628,2138,1368,333,27,5,18169,1383,1460,2336,2704,2780,2941,2428,1513,526,83,15
2017,05,읍면동,경기도 의정부시 호원2동,37392,3387,4092,4686,5102,6431,6040,3919,2735,888,105,7,18276,1717,2098,2407,2491,3169,2951,1804,1261,350,26,2,19116,1670,1994,2279,2611,3262,3089,2115,1474,538,79,5
2017,05,읍면동,경기도 의정부시 흥선동,21592,1473,2174,2974,2744,3601,3982,2396,1576,562,83,27,10839,728,1161,1585,1473,1883,2026,1096,675,187,22,3,10753,745,1013,1389,1271,1718,1956,1300,901,375,61,24
2017,05,시군,경기도 이천시 ,211693,21913,24559,26975,31829,35344,33250,19485,12087,5458,744,49,107891,11311,12840,14296,16525,18178,17442,9845,5400,1854,189,11,103802,10602,11719,12679,15304,17166,15808,9640,6687,3604,555,38
2017,05,읍면동,경기도 이천시 관고동,10604,781,1044,1580,1528,1678,2000,1118,601,241,31,2,5320,432,498,807,815,830,1028,572,253,75,9,1,5284,349,546,773,713,848,972,546,348,166,22,1
2017,05,읍면동,경기도 이천시 대월면,14038,1563,1390,2075,2507,2107,1926,1258,829,317,60,6,6988,805,700,987,1244,1114,1030,632,352,109,13,2,7050,758,690,1088,1263,993,896,626,477,208,47,4
2017,05,읍면동,경기도 이천시 마장면,10699,1034,1188,1427,1561,1514,1599,1181,772,358,60,5,5775,540,632,844,889,881,879,620,350,124,16,0,4924,494,556,583,672,633,720,561,422,234,44,5
2017,05,읍면동,경기도 이천시 모가면,4678,206,328,479,435,565,1009,758,577,273,47,1,2486,116,191,282,258,317,551,395,267,97,12,0,2192,90,137,197,177,248,458,363,310,176,35,1
2017,05,읍면동,경기도 이천시 백사면,10504,800,970,1319,1203,1610,1993,1261,861,425,58,4,5363,417,518,681,661,824,1054,644,398,148,18,0,5141,383,452,638,542,786,939,617,463,277,40,4
2017,05,읍면동,경기도 이천시 부발읍,37853,4960,4973,4622,6738,6923,4893,2582,1452,624,82,4,19314,2530,2581,2363,3387,3595,2667,1310,648,217,16,0,18539,2430,2392,2259,3351,3328,2226,1272,804,407,66,4
2017,05,읍면동,경기도 이천시 설성면,5151,259,324,508,472,603,1034,894,675,342,38,2,2697,120,157,299,272,375,566,466,307,125,9,1,2454,139,167,209,200,228,468,428,368,217,29,1
2017,05,읍면동,경기도 이천시 신둔면,11856,907,1168,1425,1482,1865,2319,1412,835,372,67,4,6250,489,644,757,810,1010,1246,750,402,125,16,1,5606,418,524,668,672,855,1073,662,433,247,51,3
2017,05,읍면동,경기도 이천시 율면,2891,95,167,235,203,306,551,552,452,292,36,2,1448,52,74,134,122,183,296,268,210,99,9,1,1443,43,93,101,81,123,255,284,242,193,27,1
2017,05,읍면동,경기도 이천시 장호원읍,15748,1323,1684,1703,1905,2319,2725,1970,1334,697,79,9,7966,689,873,956,983,1218,1392,974,608,240,29,4,7782,634,811,747,922,1101,1333,996,726,457,50,5
2017,05,읍면동,경기도 이천시 중리동,14421,1224,1129,2339,2441,2107,2483,1482,839,324,51,2,7800,657,608,1404,1473,1115,1275,738,401,116,13,0,6621,567,521,935,968,992,1208,744,438,208,38,2
2017,05,읍면동,경기도 이천시 증포동,48719,6953,7822,5650,7989,9898,6259,2265,1264,555,61,3,24198,3542,4118,2885,3785,4770,3296,1122,497,168,14,1,24521,3411,3704,2765,4204,5128,2963,1143,767,387,47,2
2017,05,읍면동,경기도 이천시 창전동,18598,1354,1931,2947,2633,2992,3354,1936,1042,372,33,4,9166,683,998,1541,1407,1435,1566,952,448,130,6,0,9432,671,933,1406,1226,1557,1788,984,594,242,27,4
2017,05,읍면동,경기도 이천시 호법면,5933,454,441,666,732,857,1105,816,554,266,41,1,3120,239,248,356,419,511,596,402,259,81,9,0,2813,215,193,310,313,346,509,414,295,185,32,1
2017,05,시군,경기도 파주시 ,432160,47473,48536,52871,67307,77267,63404,37440,25764,10494,1443,161,219346,24226,25146,27653,35456,40122,33232,18120,11169,3802,374,46,212814,23247,23390,25218,31851,37145,30172,19320,14595,6692,1069,115
2017,05,읍면동,경기도 파주시 광탄면,12294,591,871,1545,1205,1634,2666,1816,1234,619,98,15,6616,319,458,910,713,939,1504,985,561,202,20,5,5678,272,413,635,492,695,1162,831,673,417,78,10
2017,05,읍면동,경기도 파주시 교하동,42586,5162,5913,4295,6476,9052,5715,3140,1878,832,111,12,21520,2653,3123,2269,3121,4630,3078,1529,818,275,22,2,21066,2509,2790,2026,3355,4422,2637,1611,1060,557,89,10
2017,05,읍면동,경기도 파주시 금촌1동,23463,1601,1946,3521,3475,3710,4267,2535,1634,665,99,10,12284,807,1036,1935,1977,2025,2291,1259,686,237,27,4,11179,794,910,1586,1498,1685,1976,1276,948,428,72,6
2017,05,읍면동,경기도 파주시 금촌2동,35768,4751,4884,4214,6129,6877,4504,2199,1547,575,80,8,17606,2447,2535,2013,3129,3384,2278,987,612,202,18,1,18162,2304,2349,2201,3000,3493,2226,1212,935,373,62,7
2017,05,읍면동,경기도 파주시 금촌3동,28936,3204,3317,3930,4622,4867,4303,2398,1598,620,75,2,14807,1623,1773,2041,2494,2490,2246,1177,707,231,25,0,14129,1581,1544,1889,2128,2377,2057,1221,891,389,50,2
2017,05,읍면동,경기도 파주시 문산읍,50764,6271,4847,6387,9267,7713,6860,4311,3442,1460,185,21,25875,3168,2530,3299,5131,4141,3492,2031,1454,565,55,9,24889,3103,2317,3088,4136,3572,3368,2280,1988,895,130,12
2017,05,읍면동,경기도 파주시 법원읍,11867,594,1023,1382,1164,1714,2413,1693,1262,538,76,8,6239,308,577,789,679,961,1303,859,556,182,23,2,5628,286,446,593,485,753,1110,834,706,356,53,6
2017,05,읍면동,경기도 파주시 운정1동,44860,6383,5823,4738,7578,9086,5795,2991,1755,627,78,6,21995,3253,2895,2334,3591,4558,2912,1440,774,217,20,1,22865,3130,2928,2404,3987,4528,2883,1551,981,410,58,5
2017,05,읍면동,경기도 파주시 운정2동,38538,5513,5464,3620,6357,8107,4578,2500,1716,606,74,3,18761,2797,2780,1790,3007,4033,2262,1113,722,237,19,1,19777,2716,2684,1830,3350,4074,2316,1387,994,369,55,2
2017,05,읍면동,경기도 파주시 운정3동,59285,8289,7566,6055,10095,12162,7615,3959,2509,921,110,4,28943,4238,3828,3010,4751,6130,3778,1777,1072,336,23,0,30342,4051,3738,3045,5344,6032,3837,2182,1437,585,87,4
2017,05,읍면동,경기도 파주시 월롱면,12219,291,382,4650,2625,1101,1395,932,555,249,35,4,7510,152,207,2547,2220,711,825,513,248,81,4,2,4709,139,175,2103,405,390,570,419,307,168,31,2
2017,05,읍면동,경기도 파주시 장단출장소,607,38,42,73,57,82,112,86,91,25,1,0,304,15,21,31,36,52,60,36,41,11,1,0,303,23,21,42,21,30,52,50,50,14,0,0
2017,05,읍면동,경기도 파주시 적성면,7910,689,658,919,985,998,1394,1035,862,325,44,1,4142,353,365,523,539,566,753,517,394,123,9,0,3768,336,293,396,446,432,641,518,468,202,35,1
2017,05,읍면동,경기도 파주시 조리읍,31188,2251,3456,3851,3507,5260,5872,3592,2315,924,149,11,15757,1114,1748,2072,1857,2634,3116,1779,1051,338,44,4,15431,1137,1708,1779,1650,2626,2756,1813,1264,586,105,7
2017,05,읍면동,경기도 파주시 진동면,170,8,8,3,10,23,30,39,34,13,2,0,93,2,4,2,6,12,19,20,21,6,1,0,77,6,4,1,4,11,11,19,13,7,1,0
2017,05,읍면동,경기도 파주시 탄현면,14021,990,1197,1642,1880,2515,2388,1604,1177,537,87,4,7541,528,644,903,1110,1430,1345,806,547,203,25,0,6480,462,553,739,770,1085,1043,798,630,334,62,4
2017,05,읍면동,경기도 파주시 파주읍,13592,698,878,1607,1599,1914,2610,1945,1524,691,84,42,7238,372,482,930,946,1152,1475,959,623,261,26,12,6354,326,396,677,653,762,1135,986,901,430,58,30
2017,05,읍면동,경기도 파주시 파평면,4092,149,261,439,276,452,887,665,631,267,55,10,2115,77,140,255,149,274,495,333,282,95,12,3,1977,72,121,184,127,178,392,332,349,172,43,7
2017,05,시군,경기도 평택시 ,475830,47896,53693,61827,73535,85934,74628,40361,25590,10751,1404,211,243401,24531,27890,33419,38933,44934,39105,19470,10997,3664,392,66,232429,23365,25803,28408,34602,41000,35523,20891,14593,7087,1012,145
2017,05,읍면동,경기도 평택시 고덕면,11350,1144,1065,1438,1601,1840,1883,1194,789,345,46,5,5920,574,571,824,843,1003,1028,610,351,105,10,1,5430,570,494,614,758,837,855,584,438,240,36,4
2017,05,읍면동,경기도 평택시 비전1동,48909,6007,6112,6401,9167,9352,6630,2931,1569,648,83,9,24772,3100,3164,3269,4786,4723,3414,1406,678,209,21,2,24137,2907,2948,3132,4381,4629,3216,1525,891,439,62,7
2017,05,읍면동,경기도 평택시 비전2동,59894,6865,8140,8119,9379,11554,8805,3852,2191,867,108,14,30092,3558,4257,4243,4667,5653,4552,1854,951,332,23,2,29802,3307,3883,3876,4712,5901,4253,1998,1240,535,85,12
2017,05,읍면동,경기도 평택시 서정동,30236,2268,3281,4463,4247,5401,5259,2740,1810,670,79,18,15176,1182,1719,2379,2262,2710,2637,1242,779,229,29,8,15060,1086,1562,2084,1985,2691,2622,1498,1031,441,50,10
2017,05,읍면동,경기도 평택시 서탄면,4105,216,278,435,482,552,816,631,455,218,21,1,2228,105,162,237,299,339,475,325,205,78,3,0,1877,111,116,198,183,213,341,306,250,140,18,1
2017,05,읍면동,경기도 평택시 세교동,22029,1884,2884,3271,2699,4137,3853,1725,1084,426,62,4,11173,973,1505,1795,1407,2017,2011,840,448,155,21,1,10856,911,1379,1476,1292,2120,1842,885,636,271,41,3
2017,05,읍면동,경기도 평택시 송북동,23174,2120,2605,3165,3244,4090,4049,2029,1246,536,82,8,11495,1058,1368,1642,1612,2076,2056,969,506,178,26,4,11679,1062,1237,1523,1632,2014,1993,1060,740,358,56,4
2017,05,읍면동,경기도 평택시 송탄동,15640,1988,1774,1795,2540,3009,2471,1092,626,301,38,6,8153,1024,914,964,1289,1638,1350,567,302,94,9,2,7487,964,860,831,1251,1371,1121,525,324,207,29,4
2017,05,읍면동,경기도 평택시 신장1동,6613,637,487,825,1112,1075,1045,710,488,195,30,9,3161,321,257,405,588,581,480,279,169,69,7,5,3452,316,230,420,524,494,565,431,319,126,23,4
2017,05,읍면동,경기도 평택시 신장2동,6453,286,464,771,716,976,1245,923,719,293,43,17,3161,144,232,424,379,556,619,411,283,95,11,7,3292,142,232,347,337,420,626,512,436,198,32,10
2017,05,읍면동,경기도 평택시 신평동,24572,1612,2484,3945,3440,4192,4391,2386,1498,557,57,10,12292,815,1318,2055,1873,2027,2199,1141,641,207,13,3,12280,797,1166,1890,1567,2165,2192,1245,857,350,44,7
2017,05,읍면동,경기도 평택시 안중읍,41948,4939,6386,4754,6306,8769,5451,2716,1754,746,117,10,21269,2441,3260,2573,3197,4501,2985,1311,728,241,31,1,20679,2498,3126,2181,3109,4268,2466,1405,1026,505,86,9
2017,05,읍면동,경기도 평택시 오성면,7212,459,637,816,735,1030,1438,956,723,369,46,3,3754,228,330,461,421,586,782,479,320,119,28,0,3458,231,307,355,314,444,656,477,403,250,18,3
2017,05,읍면동,경기도 평택시 원평동,12429,987,1005,1870,1944,1949,2133,1305,855,321,46,14,6358,499,535,1006,1083,1012,1109,599,392,108,10,5,6071,488,470,864,861,937,1024,706,463,213,36,9
2017,05,읍면동,경기도 평택시 중앙동,46160,4470,6355,6454,6241,8987,7332,3330,2034,834,108,15,23173,2293,3235,3520,3161,4448,3761,1614,834,271,30,6,22987,2177,3120,2934,3080,4539,3571,1716,1200,563,78,9
2017,05,읍면동,경기도 평택시 지산동,11441,935,1071,1880,2075,2019,1619,979,619,217,23,4,5878,481,541,1017,1154,1057,828,468,255,73,3,1,5563,454,530,863,921,962,791,511,364,144,20,3
2017,05,읍면동,경기도 평택시 진위면,12519,870,1049,1726,1771,1989,2226,1490,959,395,38,6,6633,444,536,971,1026,1102,1210,755,453,129,6,1,5886,426,513,755,745,887,1016,735,506,266,32,5
2017,05,읍면동,경기도 평택시 청북읍,25557,4839,2391,2131,6155,4068,2663,1727,994,500,85,4,13419,2540,1221,1169,3144,2391,1422,869,483,155,25,0,12138,2299,1170,962,3011,1677,1241,858,511,345,60,4
2017,05,읍면동,경기도 평택시 통복동,4446,193,364,548,448,734,901,678,416,142,20,2,2255,95,196,307,258,378,452,329,187,49,4,0,2191,98,168,241,190,356,449,349,229,93,16,2
2017,05,읍면동,경기도 평택시 팽성읍,29043,1977,2146,3201,3562,4615,5522,3823,2783,1217,154,43,14774,999,1119,1820,1986,2577,2855,1760,1145,449,47,17,14269,978,1027,1381,1576,2038,2667,2063,1638,768,107,26
2017,05,읍면동,경기도 평택시 포승읍,26123,2953,2302,3231,5133,4821,3750,2082,1208,567,69,7,15123,1538,1243,1986,3176,3075,2233,1101,555,195,21,0,11000,1415,1059,1245,1957,1746,1517,981,653,372,48,7
2017,05,읍면동,경기도 평택시 현덕면,5977,247,413,588,538,775,1146,1062,770,387,49,2,3142,119,207,352,322,484,647,541,332,124,14,0,2835,128,206,236,216,291,499,521,438,263,35,2
2017,05,시군,경기도 포천시 ,153806,11380,15564,18700,17122,24618,30380,18425,11830,5017,714,56,80825,5903,8169,10474,9288,13285,16810,9753,5166,1760,199,18,72981,5477,7395,8226,7834,11333,13570,8672,6664,3257,515,38
2017,05,읍면동,경기도 포천시 가산면,8171,300,589,894,730,1286,2062,1218,689,350,52,1,4708,150,312,520,463,785,1292,728,328,119,11,0,3463,150,277,374,267,501,770,490,361,231,41,1
2017,05,읍면동,경기도 포천시 관인면,3102,103,192,300,187,331,669,578,522,190,27,3,1602,45,89,174,113,193,365,296,244,72,8,3,1500,58,103,126,74,138,304,282,278,118,19,0
2017,05,읍면동,경기도 포천시 군내면,6495,312,476,710,589,872,1497,1022,658,314,44,1,3558,163,260,410,362,501,867,579,294,112,10,0,2937,149,216,300,227,371,630,443,364,202,34,1
2017,05,읍면동,경기도 포천시 내촌면,5117,190,316,583,425,752,1269,790,533,233,25,1,2914,92,177,358,268,474,755,457,233,90,10,0,2203,98,139,225,157,278,514,333,300,143,15,1
2017,05,읍면동,경기도 포천시 선단동,14629,946,1453,1920,1699,2678,3124,1599,806,360,41,3,7800,541,741,1047,936,1462,1745,859,351,113,4,1,6829,405,712,873,763,1216,1379,740,455,247,37,2
2017,05,읍면동,경기도 포천시 소흘읍,46768,4051,6108,6064,5484,8778,8741,4104,2300,989,142,7,23813,2042,3193,3195,2751,4405,4751,2112,993,332,38,1,22955,2009,2915,2869,2733,4373,3990,1992,1307,657,104,6
2017,05,읍면동,경기도 포천시 신북면,13374,1023,1276,1618,1554,2008,2678,1740,983,421,68,5,7169,548,654,912,846,1144,1526,929,451,139,19,1,6205,475,622,706,708,864,1152,811,532,282,49,4
2017,05,읍면동,경기도 포천시 영북면,9302,816,607,1113,1167,1102,1631,1247,1080,446,79,14,4870,406,327,683,653,662,852,635,456,166,26,4,4432,410,280,430,514,440,779,612,624,280,53,10
2017,05,읍면동,경기도 포천시 영중면,5428,278,423,518,429,724,1188,914,696,222,33,3,2920,146,220,296,246,441,677,500,301,80,12,1,2508,132,203,222,183,283,511,414,395,142,21,2
2017,05,읍면동,경기도 포천시 이동면,6554,659,498,808,920,762,1051,887,661,269,37,2,3508,339,269,539,526,439,570,436,284,92,14,0,3046,320,229,269,394,323,481,451,377,177,23,2
2017,05,읍면동,경기도 포천시 일동면,10548,849,961,1121,1221,1440,1854,1511,1046,470,70,5,5481,456,516,646,682,796,979,771,439,171,22,3,5067,393,445,475,539,644,875,740,607,299,48,2
2017,05,읍면동,경기도 포천시 창수면,2336,67,150,214,161,280,514,437,376,123,12,2,1300,39,91,136,102,174,288,237,171,56,6,0,1036,28,59,78,59,106,226,200,205,67,6,2
2017,05,읍면동,경기도 포천시 포천동,19249,1587,2338,2567,2213,3294,3566,1950,1180,473,72,9,9731,837,1236,1395,1146,1634,1852,961,492,159,15,4,9518,750,1102,1172,1067,1660,1714,989,688,314,57,5
2017,05,읍면동,경기도 포천시 화현면,2733,199,177,270,343,311,536,428,300,157,12,0,1451,99,84,163,194,175,291,253,129,59,4,0,1282,100,93,107,149,136,245,175,171,98,8,0
2017,05,시군,경기도 하남시 ,220722,24708,20252,26286,38128,37290,35084,23526,10815,3848,694,91,111174,12684,10417,13640,19202,19542,17400,11714,5214,1179,158,24,109548,12024,9835,12646,18926,17748,17684,11812,5601,2669,536,67
2017,05,읍면동,경기도 하남시 감북동,3974,181,255,483,514,581,889,592,338,121,15,5,2214,102,144,278,305,345,501,320,168,45,5,1,1760,79,111,205,209,236,388,272,170,76,10,4
2017,05,읍면동,경기도 하남시 덕풍1동,17659,1274,1589,2476,2673,2777,3272,2163,1046,327,55,7,8908,653,841,1296,1452,1406,1559,1073,513,100,14,1,8751,621,748,1180,1221,1371,1713,1090,533,227,41,6
2017,05,읍면동,경기도 하남시 덕풍2동,20591,1337,1753,2960,3001,3130,3955,2668,1233,460,84,10,10336,696,909,1551,1633,1566,1979,1297,567,117,18,3,10255,641,844,1409,1368,1564,1976,1371,666,343,66,7
2017,05,읍면동,경기도 하남시 덕풍3동,27170,2618,3072,3304,3860,4928,4526,2885,1373,509,86,9,13497,1349,1602,1721,1925,2473,2201,1408,647,153,17,1,13673,1269,1470,1583,1935,2455,2325,1477,726,356,69,8
2017,05,읍면동,경기도 하남시 미사1동,21481,3654,2040,2011,4537,3974,2464,1801,702,253,43,2,10737,1897,1030,1029,2166,2141,1168,875,346,73,11,1,10744,1757,1010,982,2371,1833,1296,926,356,180,32,1
2017,05,읍면동,경기도 하남시 미사2동,38512,6835,3506,3330,8493,7275,4328,2948,1264,450,82,1,19155,3530,1793,1680,3965,3925,2106,1439,603,100,14,0,19357,3305,1713,1650,4528,3350,2222,1509,661,350,68,1
2017,05,읍면동,경기도 하남시 신장1동,6740,386,530,1044,1076,1019,1297,822,397,140,23,6,3498,190,289,563,645,535,649,412,163,44,6,2,3242,196,241,481,431,484,648,410,234,96,17,4
2017,05,읍면동,경기도 하남시 신장2동,43406,3972,4373,5309,6778,7010,7222,5203,2554,834,141,10,21565,2007,2256,2756,3422,3513,3486,2524,1257,304,39,1,21841,1965,2117,2553,3356,3497,3736,2679,1297,530,102,9
2017,05,읍면동,경기도 하남시 위례동,16559,2228,1396,2454,3277,2801,2625,1244,382,122,29,1,8161,1131,658,1224,1538,1437,1288,641,202,34,7,1,8398,1097,738,1230,1739,1364,1337,603,180,88,22,0
2017,05,읍면동,경기도 하남시 천현동,8062,518,530,1008,1165,1163,1577,1261,575,219,36,10,4349,249,279,538,696,702,845,675,283,74,6,2,3713,269,251,470,469,461,732,586,292,145,30,8
2017,05,읍면동,경기도 하남시 초이동,3841,198,247,461,473,606,849,558,313,117,18,1,2209,119,120,257,296,379,519,317,155,44,2,1,1632,79,127,204,177,227,330,241,158,73,16,0
2017,05,읍면동,경기도 하남시 춘궁동,3929,175,241,449,483,584,834,640,354,137,25,7,2221,96,142,252,299,362,486,353,169,54,7,1,1708,79,99,197,184,222,348,287,185,83,18,6
2017,05,읍면동,경기도 하남시 풍산동,8798,1332,720,997,1798,1442,1246,741,284,159,57,22,4324,665,354,495,860,758,613,380,141,37,12,9,4474,667,366,502,938,684,633,361,143,122,45,13
2017,05,시군,경기도 화성시 ,661691,92582,78687,74207,125956,125070,83093,45146,24941,10537,1386,86,341966,47320,40381,39145,64851,67499,45085,22579,11226,3533,318,29,319725,45262,38306,35062,61105,57571,38008,22567,13715,7004,1068,57
2017,05,읍면동,경기도 화성시 기배동,14648,1937,2168,1464,2291,3020,1927,1079,547,184,30,1,7449,996,1164,733,1111,1576,1005,547,251,61,5,0,7199,941,1004,731,1180,1444,922,532,296,123,25,1
2017,05,읍면동,경기도 화성시 남양읍,30412,3326,2947,3637,5321,5058,4857,2836,1593,727,108,2,16357,1730,1530,2054,2987,2874,2683,1492,716,270,21,0,14055,1596,1417,1583,2334,2184,2174,1344,877,457,87,2
2017,05,읍면동,경기도 화성시 동탄1동,53864,8500,7777,6663,11366,11465,5050,1818,875,307,40,3,27271,4362,4019,3269,5559,5861,2818,870,399,104,9,1,26593,4138,3758,3394,5807,5604,2232,948,476,203,31,2
2017,05,읍면동,경기도 화성시 동탄2동,37826,6077,6419,3491,6222,8909,3960,1559,844,301,43,1,18673,3075,3271,1804,2739,4500,2119,718,345,92,10,0,19153,3002,3148,1687,3483,4409,1841,841,499,209,33,1
2017,05,읍면동,경기도 화성시 동탄3동,44042,8266,5717,4458,10549,8675,3273,1788,959,313,42,2,21982,4199,2951,2145,5221,4516,1684,739,414,104,9,0,22060,4067,2766,2313,5328,4159,1589,1049,545,209,33,2
2017,05,읍면동,경기도 화성시 동탄4동,78946,15889,9507,7354,19167,15636,6693,2961,1222,455,60,2,39335,8139,4750,3521,9100,8250,3520,1369,527,145,14,0,39611,7750,4757,3833,10067,7386,3173,1592,695,310,46,2
2017,05,읍면동,경기도 화성시 동탄면,10401,1829,708,1178,3069,1441,1063,643,302,140,27,1,5478,951,381,571,1683,805,552,337,148,46,4,0,4923,878,327,607,1386,636,511,306,154,94,23,1
2017,05,읍면동,경기도 화성시 마도면,6686,364,470,733,761,995,1405,968,657,290,39,4,3818,202,255,450,485,630,836,516,329,108,6,1,2868,162,215,283,276,365,569,452,328,182,33,3
2017,05,읍면동,경기도 화성시 매송면,8190,578,654,1021,957,1260,1574,1085,727,299,33,2,4297,296,344,573,525,713,861,552,319,103,10,1,3893,282,310,448,432,547,713,533,408,196,23,1
2017,05,읍면동,경기도 화성시 반월동,30999,5411,3661,3802,6676,5447,3686,1499,537,241,38,1,15729,2771,1872,1950,3328,2808,1893,763,261,73,9,1,15270,2640,1789,1852,3348,2639,1793,736,276,168,29,0
2017,05,읍면동,경기도 화성시 병점1동,29239,3823,3736,3932,5515,5511,3550,1865,956,314,37,0,14700,1963,1903,2019,2789,2784,1851,885,403,93,10,0,14539,1860,1833,1913,2726,2727,1699,980,553,221,27,0
2017,05,읍면동,경기도 화성시 병점2동,26502,3772,4506,2592,4497,5904,2731,1360,789,317,34,0,12954,1920,2264,1265,2133,2944,1429,590,296,107,6,0,13548,1852,2242,1327,2364,2960,1302,770,493,210,28,0
2017,05,읍면동,경기도 화성시 봉담읍,73592,9823,9646,8063,12160,14682,10047,5263,2735,999,165,9,37203,4871,4903,4263,5974,7716,5265,2616,1252,304,34,5,36389,4952,4743,3800,6186,6966,4782,2647,1483,695,131,4
2017,05,읍면동,경기도 화성시 비봉면,5862,278,394,602,586,772,1303,934,611,342,39,1,3240,139,208,364,372,462,760,537,274,116,7,1,2622,139,186,238,214,310,543,397,337,226,32,0
2017,05,읍면동,경기도 화성시 서신면,7051,247,359,609,605,919,1675,1296,832,439,62,8,3882,131,193,370,374,591,947,689,388,175,21,3,3169,116,166,239,231,328,728,607,444,264,41,5
2017,05,읍면동,경기도 화성시 송산면,11230,634,891,1132,1056,1629,2254,1698,1215,620,92,9,5972,336,463,668,605,976,1247,859,574,222,22,0,5258,298,428,464,451,653,1007,839,641,398,70,9
2017,05,읍면동,경기도 화성시 양감면,4210,158,228,444,440,567,1025,683,419,224,20,2,2480,84,126,268,300,391,649,383,192,84,3,0,1730,74,102,176,140,176,376,300,227,140,17,2
2017,05,읍면동,경기도 화성시 우정읍,18082,1396,1650,1976,2221,2937,3339,2275,1464,734,86,4,9688,723,801,1194,1265,1770,1826,1171,661,254,21,2,8394,673,849,782,956,1167,1513,1104,803,480,65,2
2017,05,읍면동,경기도 화성시 장안면,10748,596,760,1086,1117,1611,2242,1656,1098,518,58,6,6064,322,402,656,696,1034,1347,885,505,196,17,4,4684,274,358,430,421,577,895,771,593,322,41,2
2017,05,읍면동,경기도 화성시 정남면,12120,671,992,1411,1449,1961,2526,1550,985,505,63,7,6863,364,528,846,924,1222,1503,841,457,162,15,1,5257,307,464,565,525,739,1023,709,528,343,48,6
2017,05,읍면동,경기도 화성시 진안동,36635,4294,3532,6043,8547,6271,4166,2179,1139,393,70,1,19555,2237,1835,3168,4924,3506,2170,1064,503,128,19,1,17080,2057,1697,2875,3623,2765,1996,1115,636,265,51,0
2017,05,읍면동,경기도 화성시 팔탄면,10426,479,589,1226,1242,1717,2411,1445,835,426,48,8,6197,261,308,787,823,1164,1479,831,381,150,11,2,4229,218,281,439,419,553,932,614,454,276,37,6
2017,05,읍면동,경기도 화성시 향남읍,76707,11797,8855,8425,16533,14407,8557,4479,2514,1023,111,6,40546,6006,4581,4587,8968,8092,4637,2202,1135,309,25,4,36161,5791,4274,3838,7565,6315,3920,2277,1379,714,86,2
2017,05,읍면동,경기도 화성시 화산동,23273,2437,2521,2865,3609,4276,3779,2227,1086,426,41,6,12233,1242,1329,1620,1966,2314,2004,1123,496,127,10,2,11040,1195,1192,1245,1643,1962,1775,1104,590,299,31,4
2017,04,도,경기도  ,12763961,1243421,1426541,1695679,1946982,2306053,2051245,1135553,653867,264470,36853,3297,6419893,637802,737665,886848,990166,1167987,1051609,558994,288906,90037,9025,854,6344068,605619,688876,808831,956816,1138066,999636,576559,364961,174433,27828,2443
2017,04,시군,경기도 가평군 ,62369,4134,5346,6258,6400,8827,11836,9475,6646,3005,407,35,31953,2113,2868,3559,3372,4757,6217,4847,2992,1107,105,16,30416,2021,2478,2699,3028,4070,5619,4628,3654,1898,302,19
2017,04,읍면동,경기도 가평군 가평읍,19675,1386,1968,2236,1960,3030,3595,2538,1958,876,117,11,10016,708,1059,1238,1033,1608,1880,1268,871,312,36,3,9659,678,909,998,927,1422,1715,1270,1087,564,81,8
2017,04,읍면동,경기도 가평군 북면,3956,197,215,282,337,454,826,768,560,280,33,4,2022,96,120,162,192,276,419,396,246,105,8,2,1934,101,95,120,145,178,407,372,314,175,25,2
2017,04,읍면동,경기도 가평군 상면,5333,207,323,536,399,657,1152,1000,695,316,44,4,2758,107,190,313,215,352,632,498,329,113,6,3,2575,100,133,223,184,305,520,502,366,203,38,1
2017,04,읍면동,경기도 가평군 설악면,9039,605,876,750,859,1155,1765,1500,970,495,60,4,4590,303,443,424,441,610,920,793,454,187,12,3,4449,302,433,326,418,545,845,707,516,308,48,1
2017,04,읍면동,경기도 가평군 조종면,9963,864,752,1084,1258,1320,1796,1438,978,403,63,7,5256,450,382,667,665,724,964,788,440,156,17,3,4707,414,370,417,593,596,832,650,538,247,46,4
2017,04,읍면동,경기도 가평군 청평면,14403,875,1212,1370,1587,2211,2702,2231,1485,635,90,5,7311,449,674,755,826,1187,1402,1104,652,234,26,2,7092,426,538,615,761,1024,1300,1127,833,401,64,3
2017,04,시군,경기도 고양시 ,1040608,91268,119455,145866,142374,195605,176914,85742,55348,24574,3213,249,511225,46911,61617,74321,69241,94641,89562,42186,23155,8668,863,60,529383,44357,57838,71545,73133,100964,87352,43556,32193,15906,2350,189
2017,04,구,경기도 고양시 덕양구 ,446614,40573,45521,60030,64429,79991,75793,41163,26746,10753,1458,157,221637,20853,23527,30891,32180,40091,38547,20035,11372,3739,368,34,224977,19720,21994,29139,32249,39900,37246,21128,15374,7014,1090,123
2017,04,읍면동,경기도 고양시 덕양구 고양동,32972,3201,3724,3675,4586,6248,4938,3527,2150,800,111,12,16532,1663,1910,1965,2286,3217,2575,1659,924,303,27,3,16440,1538,1814,1710,2300,3031,2363,1868,1226,497,84,9
2017,04,읍면동,경기도 고양시 덕양구 관산동,35294,2685,3217,4268,4885,5851,6439,4233,2619,911,156,30,17888,1386,1732,2236,2561,3112,3283,2087,1172,277,36,6,17406,1299,1485,2032,2324,2739,3156,2146,1447,634,120,24
2017,04,읍면동,경기도 고양시 덕양구 능곡동,19510,1453,1779,2693,2442,3296,3854,2120,1301,484,76,12,9972,803,942,1438,1238,1706,2029,1054,578,167,16,1,9538,650,837,1255,1204,1590,1825,1066,723,317,60,11
2017,04,읍면동,경기도 고양시 덕양구 대덕동,3187,238,239,374,438,499,643,382,254,98,19,3,1738,122,120,207,243,300,378,214,112,35,6,1,1449,116,119,167,195,199,265,168,142,63,13,2
2017,04,읍면동,경기도 고양시 덕양구 성사1동,24876,2069,2327,3385,3340,4510,4493,2437,1566,647,92,10,12284,1069,1212,1770,1626,2331,2266,1160,600,223,26,1,12592,1000,1115,1615,1714,2179,2227,1277,966,424,66,9
2017,04,읍면동,경기도 고양시 덕양구 성사2동,12272,975,1277,1597,1665,2080,2097,1201,942,388,50,0,6008,494,676,841,855,997,997,605,394,136,13,0,6264,481,601,756,810,1083,1100,596,548,252,37,0
2017,04,읍면동,경기도 고양시 덕양구 신도동,19584,2233,1243,2504,3702,2935,3035,2050,1324,485,64,9,9587,1149,653,1234,1837,1507,1429,993,608,161,12,4,9997,1084,590,1270,1865,1428,1606,1057,716,324,52,5
2017,04,읍면동,경기도 고양시 덕양구 원신동,19272,2668,1401,2335,3589,3008,3013,1844,976,373,59,6,9379,1346,703,1171,1775,1504,1397,893,452,126,11,1,9893,1322,698,1164,1814,1504,1616,951,524,247,48,5
2017,04,읍면동,경기도 고양시 덕양구 주교동,17434,926,1831,2454,1886,3086,3542,1909,1234,495,66,5,8939,501,985,1326,1019,1599,1887,933,503,163,21,2,8495,425,846,1128,867,1487,1655,976,731,332,45,3
2017,04,읍면동,경기도 고양시 덕양구 창릉동,13204,1688,1165,1458,2232,2231,1974,1412,727,262,45,10,6665,862,596,729,1059,1212,1029,727,342,105,3,1,6539,826,569,729,1173,1019,945,685,385,157,42,9
2017,04,읍면동,경기도 고양시 덕양구 행신1동,24128,2097,2657,3442,3334,4398,4277,1992,1340,519,68,4,11800,1055,1349,1742,1652,2158,2136,963,543,181,19,2,12328,1042,1308,1700,1682,2240,2141,1029,797,338,49,2
2017,04,읍면동,경기도 고양시 덕양구 행신2동,35221,3059,3948,5365,5408,6428,5889,2492,1757,767,100,8,17422,1609,2024,2760,2738,3063,3032,1217,704,245,29,1,17799,1450,1924,2605,2670,3365,2857,1275,1053,522,71,7
2017,04,읍면동,경기도 고양시 덕양구 행신3동,49902,4142,6246,7197,5948,9888,8754,3785,2633,1154,148,7,24311,2112,3136,3682,2934,4684,4437,1830,1075,376,45,0,25591,2030,3110,3515,3014,5204,4317,1955,1558,778,103,7
2017,04,읍면동,경기도 고양시 덕양구 행주동,21714,1195,1791,3293,2986,3649,4396,2286,1435,613,64,6,11148,617,938,1759,1649,1918,2326,1147,591,195,7,1,10566,578,853,1534,1337,1731,2070,1139,844,418,57,5
2017,04,읍면동,경기도 고양시 덕양구 화전동,5877,524,438,723,854,789,950,821,531,202,30,15,3159,278,225,413,477,446,556,426,242,80,11,5,2718,246,213,310,377,343,394,395,289,122,19,10
2017,04,읍면동,경기도 고양시 덕양구 화정1동,40953,2948,4820,6437,5021,7662,7141,3194,2478,1110,136,6,19880,1513,2481,3182,2465,3565,3660,1517,1019,433,44,1,21073,1435,2339,3255,2556,4097,3481,1677,1459,677,92,5
2017,04,읍면동,경기도 고양시 덕양구 화정2동,35357,3628,4577,4574,5038,7487,5331,2239,1669,744,70,0,17246,1861,2393,2329,2310,3601,2712,1075,673,279,13,0,18111,1767,2184,2245,2728,3886,2619,1164,996,465,57,0
2017,04,읍면동,경기도 고양시 덕양구 효자동,2434,223,135,276,358,318,427,324,231,103,28,11,1278,116,81,141,192,178,230,169,107,44,16,4,1156,107,54,135,166,140,197,155,124,59,12,7
2017,04,읍면동,경기도 고양시 덕양구 흥도동,33423,4621,2706,3980,6717,5628,4600,2915,1579,598,76,3,16401,2297,1371,1966,3264,2993,2188,1366,733,210,13,0,17022,2324,1335,2014,3453,2635,2412,1549,846,388,63,3
2017,04,구,경기도 고양시 일산동구 ,293290,23748,34432,43683,40031,56423,50747,22712,13841,6707,922,44,143220,12265,17730,21945,19145,26808,25512,11408,5772,2365,256,14,150070,11483,16702,21738,20886,29615,25235,11304,8069,4342,666,30
2017,04,읍면동,경기도 고양시 일산동구 고봉동,19859,1487,1632,2519,2557,3377,3972,2343,1338,545,87,2,10437,775,867,1384,1390,1852,2121,1265,602,168,12,1,9422,712,765,1135,1167,1525,1851,1078,736,377,75,1
2017,04,읍면동,경기도 고양시 일산동구 마두1동,26433,1804,3981,4274,2549,5130,4904,1907,1158,647,72,7,12840,907,2052,2148,1167,2354,2498,966,505,226,14,3,13593,897,1929,2126,1382,2776,2406,941,653,421,58,4
2017,04,읍면동,경기도 고양시 일산동구 마두2동,17437,1505,2588,2432,1791,3459,2999,1149,875,561,77,1,8274,766,1309,1232,744,1550,1511,593,327,214,28,0,9163,739,1279,1200,1047,1909,1488,556,548,347,49,1
2017,04,읍면동,경기도 고양시 일산동구 백석1동,33242,2670,3814,5172,5417,6267,5527,2359,1331,606,73,6,16034,1376,1982,2535,2689,2851,2655,1178,531,220,15,2,17208,1294,1832,2637,2728,3416,2872,1181,800,386,58,4
2017,04,읍면동,경기도 고양시 일산동구 백석2동,22103,1243,1773,3531,4124,4389,3632,1727,1095,514,72,3,10703,666,922,1642,2060,2126,1801,865,428,169,23,1,11400,577,851,1889,2064,2263,1831,862,667,345,49,2
2017,04,읍면동,경기도 고양시 일산동구 식사동,32865,3973,4695,4202,4004,7181,5102,2043,1108,500,55,2,16056,2052,2351,2136,1654,3462,2704,1054,454,164,24,1,16809,1921,2344,2066,2350,3719,2398,989,654,336,31,1
2017,04,읍면동,경기도 고양시 일산동구 장항1동,3078,159,161,343,341,442,753,523,258,75,19,4,1729,86,82,189,185,284,438,285,145,29,5,1,1349,73,79,154,156,158,315,238,113,46,14,3
2017,04,읍면동,경기도 고양시 일산동구 장항2동,27258,1714,2073,4545,5413,5528,4286,1801,1178,628,90,2,13250,874,1068,2181,2563,2701,2177,902,493,250,41,0,14008,840,1005,2364,2850,2827,2109,899,685,378,49,2
2017,04,읍면동,경기도 고양시 일산동구 정발산동,27056,1966,3087,4525,3554,4835,4760,2274,1358,608,87,2,13093,1005,1584,2304,1757,2230,2312,1095,567,215,22,2,13963,961,1503,2221,1797,2605,2448,1179,791,393,65,0
2017,04,읍면동,경기도 고양시 일산동구 중산동,44561,3287,5456,6852,5044,8128,8405,3660,2334,1197,187,11,21705,1712,2871,3543,2448,3757,4125,1806,971,418,51,3,22856,1575,2585,3309,2596,4371,4280,1854,1363,779,136,8
2017,04,읍면동,경기도 고양시 일산동구 풍산동,39398,3940,5172,5288,5237,7687,6407,2926,1808,826,103,4,19099,2046,2642,2651,2488,3641,3170,1399,749,292,21,0,20299,1894,2530,2637,2749,4046,3237,1527,1059,534,82,4
2017,04,구,경기도 고양시 일산서구 ,300704,26947,39502,42153,37914,59191,50374,21867,14761,7114,833,48,146368,13793,20360,21485,17916,27742,25503,10743,6011,2564,239,12,154336,13154,19142,20668,19998,31449,24871,11124,8750,4550,594,36
2017,04,읍면동,경기도 고양시 일산서구 대화동,32940,2180,3542,5962,4617,5759,5796,2642,1586,750,101,5,15949,1111,1880,2907,2317,2668,2835,1276,662,264,29,0,16991,1069,1662,3055,2300,3091,2961,1366,924,486,72,5
2017,04,읍면동,경기도 고양시 일산서구 송산동,48837,5350,6640,5842,6407,10174,7638,3628,2182,848,121,7,24158,2717,3327,3099,2963,5002,3958,1829,924,308,28,3,24679,2633,3313,2743,3444,5172,3680,1799,1258,540,93,4
2017,04,읍면동,경기도 고양시 일산서구 송포동,17891,1576,2507,2339,1946,3575,3088,1448,963,413,34,2,8914,815,1299,1260,905,1663,1638,727,434,165,8,0,8977,761,1208,1079,1041,1912,1450,721,529,248,26,2
2017,04,읍면동,경기도 고양시 일산서구 일산1동,30090,2851,3586,4219,4058,5504,5081,2405,1646,641,90,9,14690,1449,1839,2170,1971,2568,2549,1170,697,254,21,2,15400,1402,1747,2049,2087,2936,2532,1235,949,387,69,7
2017,04,읍면동,경기도 고양시 일산서구 일산2동,20895,1419,2142,3192,2445,3637,4286,1950,1208,557,56,3,10284,691,1135,1606,1232,1767,2156,972,508,194,23,0,10611,728,1007,1586,1213,1870,2130,978,700,363,33,3
2017,04,읍면동,경기도 고양시 일산서구 일산3동,38386,3320,6669,5339,3834,8652,6300,2157,1265,762,83,5,18594,1702,3405,2746,1699,3871,3256,1116,508,264,26,1,19792,1618,3264,2593,2135,4781,3044,1041,757,498,57,4
2017,04,읍면동,경기도 고양시 일산서구 주엽1동,30054,2539,3994,3952,3721,5875,4866,2230,1753,1019,99,6,14272,1268,2095,1985,1702,2696,2375,1080,660,377,33,1,15782,1271,1899,1967,2019,3179,2491,1150,1093,642,66,5
2017,04,읍면동,경기도 고양시 일산서구 주엽2동,31431,2588,3899,4273,3748,5871,5258,2468,2037,1135,146,8,14845,1319,1975,2148,1771,2652,2587,1183,767,395,44,4,16586,1269,1924,2125,1977,3219,2671,1285,1270,740,102,4
2017,04,읍면동,경기도 고양시 일산서구 탄현동,50180,5124,6523,7035,7138,10144,8061,2939,2121,989,103,3,24662,2721,3405,3564,3356,4855,4149,1390,851,343,27,1,25518,2403,3118,3471,3782,5289,3912,1549,1270,646,76,2
2017,04,시군,경기도 과천시 ,59811,4680,7382,8331,7328,10599,10469,5674,3363,1662,282,41,29126,2397,3843,4363,3614,4960,5159,2748,1418,553,67,4,30685,2283,3539,3968,3714,5639,5310,2926,1945,1109,215,37
2017,04,읍면동,경기도 과천시 갈현동,12790,1343,1718,1639,1550,2593,2082,971,604,246,39,5,6215,660,885,871,679,1257,1040,481,253,82,7,0,6575,683,833,768,871,1336,1042,490,351,164,32,5
2017,04,읍면동,경기도 과천시 과천동,9444,715,751,1236,1664,1506,1540,1149,624,221,36,2,4850,368,380,664,936,798,752,564,305,75,8,0,4594,347,371,572,728,708,788,585,319,146,28,2
2017,04,읍면동,경기도 과천시 문원동,8003,705,1034,908,1012,1505,1269,810,517,195,40,8,3858,362,542,467,502,715,630,359,221,51,8,1,4145,343,492,441,510,790,639,451,296,144,32,7
2017,04,읍면동,경기도 과천시 별양동,11702,729,1580,1856,1126,1988,2228,1088,630,405,61,11,5564,374,843,949,530,854,1095,519,246,139,15,0,6138,355,737,907,596,1134,1133,569,384,266,46,11
2017,04,읍면동,경기도 과천시 부림동,10859,749,1466,1599,1236,1932,2021,925,559,322,47,3,5276,391,762,842,634,869,997,449,216,102,14,0,5583,358,704,757,602,1063,1024,476,343,220,33,3
2017,04,읍면동,경기도 과천시 중앙동,7013,439,833,1093,740,1075,1329,731,429,273,59,12,3363,242,431,570,333,467,645,376,177,104,15,3,3650,197,402,523,407,608,684,355,252,169,44,9
2017,04,시군,경기도 광명시 ,335872,31741,37401,42902,52476,60540,53596,32828,16880,6535,862,111,166312,16294,19282,22532,26134,30234,26465,15803,7300,2049,195,24,169560,15447,18119,20370,26342,30306,27131,17025,9580,4486,667,87
2017,04,읍면동,경기도 광명시 광명1동,14382,953,1382,2052,2116,2334,2472,1688,979,361,42,3,7195,511,746,1127,1138,1158,1185,792,384,144,9,1,7187,442,636,925,978,1176,1287,896,595,217,33,2
2017,04,읍면동,경기도 광명시 광명2동,11255,646,986,1572,1609,1779,2060,1453,833,284,30,3,5518,318,492,808,870,895,1004,647,375,97,12,0,5737,328,494,764,739,884,1056,806,458,187,18,3
2017,04,읍면동,경기도 광명시 광명3동,10320,544,766,1510,1507,1616,1906,1413,770,250,33,5,5017,272,395,784,781,796,929,623,341,85,9,2,5303,272,371,726,726,820,977,790,429,165,24,3
2017,04,읍면동,경기도 광명시 광명4동,15289,1034,1184,2152,2544,2351,2632,1992,1034,297,54,15,7450,531,591,1119,1291,1151,1252,943,455,104,9,4,7839,503,593,1033,1253,1200,1380,1049,579,193,45,11
2017,04,읍면동,경기도 광명시 광명5동,15726,1297,1605,1913,2496,2747,2567,1756,946,359,35,5,7805,645,840,1043,1282,1405,1233,839,409,103,5,1,7921,652,765,870,1214,1342,1334,917,537,256,30,4
2017,04,읍면동,경기도 광명시 광명6동,15536,1464,1596,2024,2337,2657,2626,1661,818,303,43,7,7682,719,800,1036,1166,1353,1297,833,371,93,13,1,7854,745,796,988,1171,1304,1329,828,447,210,30,6
2017,04,읍면동,경기도 광명시 광명7동,21530,1541,2271,3045,3151,3431,3817,2532,1244,435,59,4,10852,765,1187,1638,1680,1745,1857,1247,580,141,12,0,10678,776,1084,1407,1471,1686,1960,1285,664,294,47,4
2017,04,읍면동,경기도 광명시 소하1동,32569,3992,4312,3664,4664,6432,4813,2828,1278,504,67,15,16065,2053,2245,1938,2144,3182,2380,1380,586,138,16,3,16504,1939,2067,1726,2520,3250,2433,1448,692,366,51,12
2017,04,읍면동,경기도 광명시 소하2동,33540,3390,3694,4361,5077,5849,5377,3338,1754,607,82,11,16927,1766,1879,2398,2560,3042,2684,1607,765,203,19,4,16613,1624,1815,1963,2517,2807,2693,1731,989,404,63,7
2017,04,읍면동,경기도 광명시 철산1동,13952,1480,1791,1803,2176,2719,2124,1076,534,215,33,1,6875,756,904,938,1045,1327,1063,524,237,75,6,0,7077,724,887,865,1131,1392,1061,552,297,140,27,1
2017,04,읍면동,경기도 광명시 철산2동,16372,1009,1611,2573,2574,2770,3064,1610,806,319,34,2,8343,531,871,1341,1353,1371,1626,781,363,94,11,1,8029,478,740,1232,1221,1399,1438,829,443,225,23,1
2017,04,읍면동,경기도 광명시 철산3동,37636,3930,4979,4927,5379,7152,6012,3156,1389,620,82,10,18577,2036,2564,2567,2498,3470,2963,1614,631,209,23,2,19059,1894,2415,2360,2881,3682,3049,1542,758,411,59,8
2017,04,읍면동,경기도 광명시 철산4동,14732,1498,1422,1910,2821,2607,2151,1414,676,208,24,1,7367,756,761,1003,1430,1329,1055,680,280,69,4,0,7365,742,661,907,1391,1278,1096,734,396,139,20,1
2017,04,읍면동,경기도 광명시 하안1동,27889,3339,3474,3260,4081,5505,4354,2304,1062,432,72,6,13974,1733,1770,1770,1928,2791,2195,1177,472,125,12,1,13915,1606,1704,1490,2153,2714,2159,1127,590,307,60,5
2017,04,읍면동,경기도 광명시 하안2동,15789,1659,1621,1736,3365,3030,1985,1222,716,399,48,8,7592,843,820,832,1712,1525,927,546,272,103,10,2,8197,816,801,904,1653,1505,1058,676,444,296,38,6
2017,04,읍면동,경기도 광명시 하안3동,22943,2303,2556,2568,3883,4235,3260,2159,1287,606,80,6,10936,1186,1316,1255,1927,2067,1593,947,463,167,15,0,12007,1117,1240,1313,1956,2168,1667,1212,824,439,65,6
2017,04,읍면동,경기도 광명시 하안4동,13993,1562,2012,1590,2414,3045,1845,810,482,207,25,1,6819,822,1027,794,1174,1462,923,384,182,44,7,0,7174,740,985,796,1240,1583,922,426,300,163,18,1
2017,04,읍면동,경기도 광명시 학온동,2419,100,139,242,282,281,531,416,272,129,19,8,1318,51,74,141,155,165,299,239,134,55,3,2,1101,49,65,101,127,116,232,177,138,74,16,6
2017,04,시군,경기도 광주시 ,332845,34481,33444,39079,56632,58575,53805,33384,16559,5923,896,67,171094,17731,17403,20518,29645,31101,27694,16867,7867,2057,191,20,161751,16750,16041,18561,26987,27474,26111,16517,8692,3866,705,47
2017,04,읍면동,경기도 광주시 경안동,40974,3999,4528,5324,6381,7444,6915,3736,1882,658,95,12,20853,2065,2366,2761,3279,3835,3606,1851,853,218,14,5,20121,1934,2162,2563,3102,3609,3309,1885,1029,440,81,7
2017,04,읍면동,경기도 광주시 곤지암읍,23324,1792,2308,2812,3115,4122,4441,2596,1398,623,99,18,12384,949,1206,1542,1663,2271,2448,1379,673,223,26,4,10940,843,1102,1270,1452,1851,1993,1217,725,400,73,14
2017,04,읍면동,경기도 광주시 광남동,45442,5059,5050,5027,7531,8592,7061,4420,1970,639,90,3,23331,2583,2643,2610,3866,4550,3612,2232,988,226,19,2,22111,2476,2407,2417,3665,4042,3449,2188,982,413,71,1
2017,04,읍면동,경기도 광주시 남종면,1616,58,96,124,135,192,332,319,246,100,14,0,835,28,52,63,73,112,176,169,118,38,6,0,781,30,44,61,62,80,156,150,128,62,8,0
2017,04,읍면동,경기도 광주시 남한산성면,2905,245,230,269,271,474,525,446,274,140,29,2,1518,116,121,145,148,276,288,240,127,50,7,0,1387,129,109,124,123,198,237,206,147,90,22,2
2017,04,읍면동,경기도 광주시 도척면,9034,683,685,968,1094,1451,1730,1321,713,324,63,2,4942,370,375,559,622,854,977,710,334,128,12,1,4092,313,310,409,472,597,753,611,379,196,51,1
2017,04,읍면동,경기도 광주시 송정동,58183,5882,5900,7490,9488,10473,9944,5452,2551,859,134,10,29469,2968,2994,3952,4930,5400,4963,2782,1148,300,30,2,28714,2914,2906,3538,4558,5073,4981,2670,1403,559,104,8
2017,04,읍면동,경기도 광주시 오포읍,95251,11104,8232,11432,20357,15861,13674,8760,4207,1405,207,12,48566,5712,4260,5852,10788,8387,6740,4270,2032,473,47,5,46685,5392,3972,5580,9569,7474,6934,4490,2175,932,160,7
2017,04,읍면동,경기도 광주시 초월읍,42390,4494,5278,4499,6530,7769,6748,4060,2164,750,95,3,22174,2332,2792,2393,3378,4193,3692,2105,1019,252,18,0,20216,2162,2486,2106,3152,3576,3056,1955,1145,498,77,3
2017,04,읍면동,경기도 광주시 퇴촌면,13726,1165,1137,1134,1730,2197,2435,2274,1154,425,70,5,7022,608,594,641,898,1223,1192,1129,575,149,12,1,6704,557,543,493,832,974,1243,1145,579,276,58,4
2017,04,시군,경기도 구리시 ,194818,16853,21507,27091,27857,35290,33921,18084,10068,3577,510,60,96887,8662,11101,13982,13926,17247,17205,8955,4453,1215,122,19,97931,8191,10406,13109,13931,18043,16716,9129,5615,2362,388,41
2017,04,읍면동,경기도 구리시 갈매동,14596,1885,1018,1761,3042,2093,2275,1550,685,247,39,1,7187,941,507,889,1557,1032,1061,794,330,70,6,0,7409,944,511,872,1485,1061,1214,756,355,177,33,1
2017,04,읍면동,경기도 구리시 교문1동,17525,1050,1472,2348,2485,2953,3439,2080,1212,399,65,22,8991,549,750,1267,1342,1559,1787,1016,553,139,21,8,8534,501,722,1081,1143,1394,1652,1064,659,260,44,14
2017,04,읍면동,경기도 구리시 교문2동,24091,2270,3379,3156,3031,4701,3954,2052,1088,404,52,4,11722,1138,1710,1631,1399,2198,1977,1018,494,143,13,1,12369,1132,1669,1525,1632,2503,1977,1034,594,261,39,3
2017,04,읍면동,경기도 구리시 동구동,41177,3989,5208,5731,5604,7937,6907,3110,1903,693,90,5,20333,2068,2700,2944,2728,3758,3496,1573,803,244,18,1,20844,1921,2508,2787,2876,4179,3411,1537,1100,449,72,4
2017,04,읍면동,경기도 구리시 수택1동,22428,1361,2010,3488,3060,3690,4488,2513,1289,460,63,6,11167,743,1017,1767,1606,1812,2277,1241,544,145,14,1,11261,618,993,1721,1454,1878,2211,1272,745,315,49,5
2017,04,읍면동,경기도 구리시 수택2동,26319,1612,2751,4104,3489,4357,5012,2818,1538,552,74,12,13149,844,1445,2110,1836,2152,2543,1337,682,180,16,4,13170,768,1306,1994,1653,2205,2469,1481,856,372,58,8
2017,04,읍면동,경기도 구리시 수택3동,23580,2295,2860,3009,3604,4816,3665,1857,1020,390,60,4,11897,1153,1522,1598,1736,2416,1929,942,442,146,12,1,11683,1142,1338,1411,1868,2400,1736,915,578,244,48,3
2017,04,읍면동,경기도 구리시 인창동,25102,2391,2809,3494,3542,4743,4181,2104,1333,432,67,6,12441,1226,1450,1776,1722,2320,2135,1034,605,148,22,3,12661,1165,1359,1718,1820,2423,2046,1070,728,284,45,3
2017,04,시군,경기도 군포시 ,283660,27327,31377,39090,44367,49907,47447,24153,13085,6026,832,49,140984,14022,16210,20232,22591,24409,23534,12079,5570,2105,220,12,142676,13305,15167,18858,21776,25498,23913,12074,7515,3921,612,37
2017,04,읍면동,경기도 군포시 광정동,26870,2458,3343,3627,3822,5099,4199,2070,1274,834,138,6,13035,1276,1725,1843,1858,2435,2094,1003,488,281,31,1,13835,1182,1618,1784,1964,2664,2105,1067,786,553,107,5
2017,04,읍면동,경기도 군포시 군포1동,34598,2656,3393,5164,5240,5934,6436,3432,1636,623,76,8,18154,1376,1813,2800,2992,3071,3346,1795,726,218,14,3,16444,1280,1580,2364,2248,2863,3090,1637,910,405,62,5
2017,04,읍면동,경기도 군포시 군포2동,56575,6586,6846,7757,8817,10080,9348,4213,1977,809,133,9,28217,3427,3450,4037,4365,4883,4687,2149,908,275,34,2,28358,3159,3396,3720,4452,5197,4661,2064,1069,534,99,7
2017,04,읍면동,경기도 군포시 궁내동,22316,2371,3571,2677,2608,4858,3330,1426,917,494,63,1,10896,1221,1822,1386,1189,2278,1708,713,371,187,21,0,11420,1150,1749,1291,1419,2580,1622,713,546,307,42,1
2017,04,읍면동,경기도 군포시 금정동,19314,1257,1612,3027,2948,3162,3739,2189,994,334,45,7,9963,648,832,1590,1629,1689,1860,1142,466,94,10,3,9351,609,780,1437,1319,1473,1879,1047,528,240,35,4
2017,04,읍면동,경기도 군포시 대야동,10076,1039,1061,1267,1352,1868,1763,954,525,219,25,3,5168,544,557,701,675,945,906,496,251,80,12,1,4908,495,504,566,677,923,857,458,274,139,13,2
2017,04,읍면동,경기도 군포시 산본1동,18809,1185,1332,2966,3050,2698,3650,2151,1196,500,74,7,9381,570,699,1581,1713,1358,1738,1039,510,153,20,0,9428,615,633,1385,1337,1340,1912,1112,686,347,54,7
2017,04,읍면동,경기도 군포시 산본2동,29872,3231,3379,4230,4515,5107,5107,2468,1186,559,88,2,14554,1667,1742,2147,2133,2422,2473,1249,494,208,19,0,15318,1564,1637,2083,2382,2685,2634,1219,692,351,69,2
2017,04,읍면동,경기도 군포시 수리동,18968,1735,2073,2400,3008,3243,3069,1598,1144,623,71,4,9127,853,1100,1157,1516,1532,1508,738,445,252,25,1,9841,882,973,1243,1492,1711,1561,860,699,371,46,3
2017,04,읍면동,경기도 군포시 오금동,24594,2880,2777,2911,4773,4473,3389,1720,1104,509,58,0,12117,1474,1468,1478,2342,2201,1625,847,468,199,15,0,12477,1406,1309,1433,2431,2272,1764,873,636,310,43,0
2017,04,읍면동,경기도 군포시 재궁동,21668,1929,1990,3064,4234,3385,3417,1932,1132,522,61,2,10372,966,1002,1512,2179,1595,1589,908,443,158,19,1,11296,963,988,1552,2055,1790,1828,1024,689,364,42,1
2017,04,시군,경기도 김포시 ,373617,46081,40328,40280,62079,68147,54775,33958,19460,7418,1045,46,187733,23553,20803,20930,30323,35508,28388,16514,8840,2600,259,15,185884,22528,19525,19350,31756,32639,26387,17444,10620,4818,786,31
2017,04,읍면동,경기도 김포시 고촌읍,26232,2809,2525,2881,3914,4542,4259,3102,1527,577,87,9,13251,1486,1318,1534,1892,2371,2112,1583,734,205,15,1,12981,1323,1207,1347,2022,2171,2147,1519,793,372,72,8
2017,04,읍면동,경기도 김포시 구래동,35134,6594,2783,2889,8801,5837,3510,2721,1496,445,56,2,17207,3328,1386,1370,4234,3178,1632,1194,710,160,14,1,17927,3266,1397,1519,4567,2659,1878,1527,786,285,42,1
2017,04,읍면동,경기도 김포시 김포본동,52188,4612,6894,7018,6411,9871,8863,4538,2776,1044,152,9,25787,2304,3628,3578,3104,4714,4603,2250,1179,378,47,2,26401,2308,3266,3440,3307,5157,4260,2288,1597,666,105,7
2017,04,읍면동,경기도 김포시 대곶면,10145,424,688,1074,979,1550,2391,1592,942,426,78,1,5795,231,375,630,605,995,1444,876,454,164,21,0,4350,193,313,444,374,555,947,716,488,262,57,1
2017,04,읍면동,경기도 김포시 사우동,21602,1577,2401,3185,2795,3993,3834,2021,1275,461,59,1,10869,829,1294,1626,1491,1944,2015,965,534,158,13,0,10733,748,1107,1559,1304,2049,1819,1056,741,303,46,1
2017,04,읍면동,경기도 김포시 양촌읍,26584,2585,2335,2775,4164,4426,4628,3097,1762,697,107,8,14001,1297,1210,1546,2268,2535,2508,1584,798,219,32,4,12583,1288,1125,1229,1896,1891,2120,1513,964,478,75,4
2017,04,읍면동,경기도 김포시 운양동,25344,4940,2379,2062,6010,4717,2651,1627,672,246,40,0,12519,2546,1220,1037,2716,2550,1288,754,326,72,10,0,12825,2394,1159,1025,3294,2167,1363,873,346,174,30,0
2017,04,읍면동,경기도 김포시 월곶면,5752,208,335,597,520,744,1313,1070,621,294,47,3,3174,106,170,381,321,457,737,590,300,102,9,1,2578,102,165,216,199,287,576,480,321,192,38,2
2017,04,읍면동,경기도 김포시 장기동,46131,7379,5239,4488,9102,9134,5232,3108,1776,597,76,0,22587,3734,2623,2227,4299,4716,2599,1394,785,196,14,0,23544,3645,2616,2261,4803,4418,2633,1714,991,401,62,0
2017,04,읍면동,경기도 김포시 장기본동,36235,5864,4791,3138,6864,7528,3800,2392,1341,452,64,1,17698,2953,2429,1547,3132,3857,1883,1083,635,164,15,0,18537,2911,2362,1591,3732,3671,1917,1309,706,288,49,1
2017,04,읍면동,경기도 김포시 통진읍,27530,2283,2660,3539,3556,4585,5204,2986,1782,843,89,3,14504,1164,1390,2031,1967,2508,2831,1525,771,298,16,3,13026,1119,1270,1508,1589,2077,2373,1461,1011,545,73,0
2017,04,읍면동,경기도 김포시 풍무동,52005,6446,6697,5648,8165,10095,7154,4277,2490,897,130,6,25621,3357,3434,2860,3831,5014,3626,2003,1146,317,32,1,26384,3089,3263,2788,4334,5081,3528,2274,1344,580,98,5
2017,04,읍면동,경기도 김포시 하성면,8735,360,601,986,798,1125,1936,1427,1000,439,60,3,4720,218,326,563,463,669,1110,713,468,167,21,2,4015,142,275,423,335,456,826,714,532,272,39,1
2017,04,시군,경기도 남양주시 ,662870,69919,77384,77209,95584,124283,103195,62889,37070,13361,1818,158,330994,35951,39846,40087,46597,63191,52956,30410,16758,4702,454,42,331876,33968,37538,37122,48987,61092,50239,32479,20312,8659,1364,116
2017,04,읍면동,경기도 남양주시 금곡동,21705,1292,1816,3188,2789,3127,4526,2667,1559,662,68,11,11063,664,985,1735,1532,1611,2266,1336,685,221,23,5,10642,628,831,1453,1257,1516,2260,1331,874,441,45,6
2017,04,읍면동,경기도 남양주시 도농동,38852,3686,4473,5302,5452,6659,6256,4052,2102,756,103,11,18915,1872,2205,2745,2586,3183,3032,1990,993,283,25,1,19937,1814,2268,2557,2866,3476,3224,2062,1109,473,78,10
2017,04,읍면동,경기도 남양주시 별내동,66925,9235,6017,8352,13082,11069,9741,5773,2580,934,136,6,32826,4680,2995,4235,6312,5548,4655,2884,1200,288,28,1,34099,4555,3022,4117,6770,5521,5086,2889,1380,646,108,5
2017,04,읍면동,경기도 남양주시 별내면,21019,1697,2389,2542,2471,3866,3427,2389,1579,577,70,12,10481,892,1238,1293,1253,1941,1761,1144,708,229,19,3,10538,805,1151,1249,1218,1925,1666,1245,871,348,51,9
2017,04,읍면동,경기도 남양주시 수동면,9022,468,657,893,822,1314,1832,1537,932,456,105,6,4732,270,358,509,451,719,983,801,459,151,27,4,4290,198,299,384,371,595,849,736,473,305,78,2
2017,04,읍면동,경기도 남양주시 양정동,5119,254,291,618,646,661,1119,893,447,159,24,7,2838,124,146,356,383,406,639,486,224,70,4,0,2281,130,145,262,263,255,480,407,223,89,20,7
2017,04,읍면동,경기도 남양주시 오남읍,55017,5784,7420,6012,7195,11438,8120,4693,3143,1067,137,8,27550,3010,3829,3116,3461,5879,4296,2200,1378,343,35,3,27467,2774,3591,2896,3734,5559,3824,2493,1765,724,102,5
2017,04,읍면동,경기도 남양주시 와부읍,68920,6502,8702,8041,8663,13492,10768,6696,4340,1460,234,22,34058,3313,4475,4156,4141,6602,5563,3132,2035,563,72,6,34862,3189,4227,3885,4522,6890,5205,3564,2305,897,162,16
2017,04,읍면동,경기도 남양주시 조안면,4413,267,304,468,491,611,911,720,427,185,27,2,2301,149,153,247,251,344,487,383,211,71,4,1,2112,118,151,221,240,267,424,337,216,114,23,1
2017,04,읍면동,경기도 남양주시 지금동,19180,1982,2283,2200,2759,3769,3013,1847,939,322,53,13,9452,1001,1193,1111,1323,1908,1488,894,415,106,7,6,9728,981,1090,1089,1436,1861,1525,953,524,216,46,7
2017,04,읍면동,경기도 남양주시 진건읍,27172,1654,2713,3909,3052,4302,5676,3119,1880,749,105,13,14037,873,1428,2099,1625,2224,3097,1584,812,265,30,0,13135,781,1285,1810,1427,2078,2579,1535,1068,484,75,13
2017,04,읍면동,경기도 남양주시 진접읍,95915,11617,11812,9958,14035,18647,14133,8617,5089,1793,204,10,48433,6018,6128,5251,6743,9764,7369,4128,2310,665,54,3,47482,5599,5684,4707,7292,8883,6764,4489,2779,1128,150,7
2017,04,읍면동,경기도 남양주시 퇴계원면,32071,2601,3196,4670,4327,5016,6118,3488,1905,661,87,2,16026,1310,1654,2419,2248,2507,3004,1803,830,233,18,0,16045,1291,1542,2251,2079,2509,3114,1685,1075,428,69,2
2017,04,읍면동,경기도 남양주시 평내동,41568,4751,5985,4404,6072,8967,5588,3068,1930,707,90,6,20432,2404,3048,2229,2847,4469,2926,1441,819,229,20,0,21136,2347,2937,2175,3225,4498,2662,1627,1111,478,70,6
2017,04,읍면동,경기도 남양주시 호평동,50362,7002,6803,4812,8254,10929,5794,3584,2312,764,102,6,24683,3620,3478,2451,3788,5510,2954,1547,1044,268,20,3,25679,3382,3325,2361,4466,5419,2840,2037,1268,496,82,3
2017,04,읍면동,경기도 남양주시 화도읍,93479,9779,11444,10488,13404,18455,14202,8390,5231,1836,227,23,46937,5047,5959,5425,6594,9543,7457,3935,2301,615,55,6,46542,4732,5485,5063,6810,8912,6745,4455,2930,1221,172,17
2017,04,읍면동,경기도 남양주시 화도읍동부출장소,12131,1348,1079,1352,2070,1961,1971,1356,675,273,46,0,6230,704,574,710,1059,1033,979,722,334,102,13,0,5901,644,505,642,1011,928,992,634,341,171,33,0
2017,04,시군,경기도 동두천시 ,97755,8485,10106,11273,12502,16530,16274,10683,8179,3241,410,72,48682,4299,5210,6008,6362,8627,8451,5040,3357,1187,122,19,49073,4186,4896,5265,6140,7903,7823,5643,4822,2054,288,53
2017,04,읍면동,경기도 동두천시 보산동,3370,180,282,371,354,508,653,494,385,124,17,2,1631,95,152,210,173,268,335,216,145,33,4,0,1739,85,130,161,181,240,318,278,240,91,13,2
2017,04,읍면동,경기도 동두천시 불현동,27879,2457,3161,3469,3526,4725,4698,2805,2110,829,86,13,13749,1235,1555,1867,1789,2366,2399,1351,864,300,19,4,14130,1222,1606,1602,1737,2359,2299,1454,1246,529,67,9
2017,04,읍면동,경기도 동두천시 상패동,5509,296,345,588,574,863,1090,853,609,249,35,7,2887,159,181,323,322,496,607,424,274,86,13,2,2622,137,164,265,252,367,483,429,335,163,22,5
2017,04,읍면동,경기도 동두천시 생연1동,7396,586,680,879,945,1127,1355,851,690,251,29,3,3683,301,340,478,488,572,697,411,285,99,11,1,3713,285,340,401,457,555,658,440,405,152,18,2
2017,04,읍면동,경기도 동두천시 생연2동,12176,1095,1339,1245,1510,2100,1955,1319,1104,458,41,10,6006,578,738,635,731,1120,983,582,434,190,12,3,6170,517,601,610,779,980,972,737,670,268,29,7
2017,04,읍면동,경기도 동두천시 소요동,9225,548,611,1028,992,1339,1812,1381,1014,426,63,11,4783,268,335,588,533,757,988,678,460,157,16,3,4442,280,276,440,459,582,824,703,554,269,47,8
2017,04,읍면동,경기도 동두천시 송내동,26541,3121,3348,3059,4086,5078,3467,2081,1603,611,81,6,13044,1555,1723,1568,2013,2593,1770,930,643,220,26,3,13497,1566,1625,1491,2073,2485,1697,1151,960,391,55,3
2017,04,읍면동,경기도 동두천시 중앙동,5659,202,340,634,515,790,1244,899,664,293,58,20,2899,108,186,339,313,455,672,448,252,102,21,3,2760,94,154,295,202,335,572,451,412,191,37,17
2017,04,시군,경기도 부천시 ,849842,69960,85508,125903,131106,143113,153630,83488,38816,15983,2143,192,424112,35855,44182,65087,67163,71565,75930,41885,17016,4889,494,46,425730,34105,41326,60816,63943,71548,77700,41603,21800,11094,1649,146
2017,04,읍면동,경기도 부천시 고강1동,16425,1111,1631,2562,2119,2939,3162,1601,890,368,39,3,8191,533,847,1352,1110,1488,1594,781,359,115,11,1,8234,578,784,1210,1009,1451,1568,820,531,253,28,2
2017,04,읍면동,경기도 부천시 고강본동,30568,2014,3332,4196,4126,5572,5502,3191,1884,668,76,7,15438,1045,1737,2207,2233,2877,2769,1540,794,218,16,2,15130,969,1595,1989,1893,2695,2733,1651,1090,450,60,5
2017,04,읍면동,경기도 부천시 괴안동,22088,1705,2238,3251,3190,3693,3951,2252,1127,588,88,5,10881,881,1136,1710,1632,1814,1938,1103,455,185,25,2,11207,824,1102,1541,1558,1879,2013,1149,672,403,63,3
2017,04,읍면동,경기도 부천시 도당동,24472,1720,2730,3793,3230,4434,4894,2206,1046,380,37,2,12613,887,1449,2020,1708,2286,2573,1150,419,114,7,0,11859,833,1281,1773,1522,2148,2321,1056,627,266,30,2
2017,04,읍면동,경기도 부천시 범박동,34992,4672,3896,4007,6219,5976,5039,3148,1393,534,98,10,17331,2372,1987,2042,2982,3020,2480,1623,646,155,23,1,17661,2300,1909,1965,3237,2956,2559,1525,747,379,75,9
2017,04,읍면동,경기도 부천시 상1동,25941,2800,2624,3472,4932,4486,4073,2269,897,340,48,0,12782,1467,1344,1719,2454,2201,1880,1196,393,114,14,0,13159,1333,1280,1753,2478,2285,2193,1073,504,226,34,0
2017,04,읍면동,경기도 부천시 상2동,32071,3959,4383,4353,5306,6083,4988,1814,778,353,52,2,15756,1992,2299,2190,2482,2873,2579,923,310,97,9,2,16315,1967,2084,2163,2824,3210,2409,891,468,256,43,0
2017,04,읍면동,경기도 부천시 상3동,33392,3290,4913,5099,4106,6771,6084,1961,757,354,56,1,16611,1687,2519,2693,1841,3143,3223,1080,322,94,9,0,16781,1603,2394,2406,2265,3628,2861,881,435,260,47,1
2017,04,읍면동,경기도 부천시 상동,20417,1318,2111,3357,2692,3203,4015,2198,1008,442,66,7,10179,683,1135,1715,1356,1559,1961,1185,434,136,12,3,10238,635,976,1642,1336,1644,2054,1013,574,306,54,4
2017,04,읍면동,경기도 부천시 성곡동,44363,3228,5095,6622,5519,7871,8591,4186,2173,952,117,9,22366,1661,2622,3543,2861,3949,4377,2133,905,287,26,2,21997,1567,2473,3079,2658,3922,4214,2053,1268,665,91,7
2017,04,읍면동,경기도 부천시 소사동,9278,527,525,1227,1435,1345,1768,1389,747,251,58,6,4544,288,257,652,783,696,808,642,336,70,12,0,4734,239,268,575,652,649,960,747,411,181,46,6
2017,04,읍면동,경기도 부천시 소사본3동,33259,2832,3558,4794,4736,5238,6276,3631,1477,618,92,7,16361,1408,1798,2547,2360,2546,3050,1771,694,167,20,0,16898,1424,1760,2247,2376,2692,3226,1860,783,451,72,7
2017,04,읍면동,경기도 부천시 소사본동,24939,1624,1876,3675,3753,3677,4805,3278,1577,572,93,9,12546,822,951,1918,2024,1893,2367,1621,742,183,22,3,12393,802,925,1757,1729,1784,2438,1657,835,389,71,6
2017,04,읍면동,경기도 부천시 송내1동,24054,1971,2117,3679,3922,3694,4363,2634,1161,447,60,6,11940,1014,1117,1906,2014,1804,2080,1311,523,158,12,1,12114,957,1000,1773,1908,1890,2283,1323,638,289,48,5
2017,04,읍면동,경기도 부천시 송내2동,28305,2501,2925,4216,4367,4750,4962,2776,1228,514,61,5,14040,1286,1554,2208,2193,2346,2366,1353,561,152,19,2,14265,1215,1371,2008,2174,2404,2596,1423,667,362,42,3
2017,04,읍면동,경기도 부천시 신흥동,19492,1237,1727,3032,2788,3339,4089,2018,888,320,45,9,10492,677,941,1649,1561,1882,2230,1062,382,101,6,1,9000,560,786,1383,1227,1457,1859,956,506,219,39,8
2017,04,읍면동,경기도 부천시 심곡1동,13638,787,1032,2140,2400,2171,2518,1563,704,281,40,2,7026,414,546,1103,1367,1132,1262,767,335,87,13,0,6612,373,486,1037,1033,1039,1256,796,369,194,27,2
2017,04,읍면동,경기도 부천시 심곡2동,18878,989,1087,3399,3845,3119,3098,1966,968,353,42,12,9843,495,543,1675,2150,1793,1607,973,468,125,11,3,9035,494,544,1724,1695,1326,1491,993,500,228,31,9
2017,04,읍면동,경기도 부천시 심곡3동,13752,865,1290,2175,2040,2316,2744,1423,624,242,24,9,7060,447,701,1167,1114,1188,1378,716,259,81,6,3,6692,418,589,1008,926,1128,1366,707,365,161,18,6
2017,04,읍면동,경기도 부천시 심곡본1동,18681,1065,1500,2784,2878,3003,3558,2278,1137,422,45,11,9374,537,765,1464,1579,1539,1726,1094,506,154,7,3,9307,528,735,1320,1299,1464,1832,1184,631,268,38,8
2017,04,읍면동,경기도 부천시 심곡본동,18203,1158,1383,2549,2820,2928,3253,2345,1242,450,70,5,9059,621,719,1312,1498,1508,1530,1127,579,149,15,1,9144,537,664,1237,1322,1420,1723,1218,663,301,55,4
2017,04,읍면동,경기도 부천시 약대동,19263,1904,1806,2982,3300,3091,3600,1669,620,250,35,6,9714,984,922,1557,1679,1538,1774,893,276,78,11,2,9549,920,884,1425,1621,1553,1826,776,344,172,24,4
2017,04,읍면동,경기도 부천시 역곡1동,19654,1845,1786,2521,3312,3210,3237,2180,1054,440,63,6,9700,933,887,1270,1666,1685,1544,1078,485,136,16,0,9954,912,899,1251,1646,1525,1693,1102,569,304,47,6
2017,04,읍면동,경기도 부천시 역곡2동,20306,1798,1685,3000,3634,3268,3251,2149,1016,432,66,7,9992,905,857,1563,1825,1709,1530,994,441,152,14,2,10314,893,828,1437,1809,1559,1721,1155,575,280,52,5
2017,04,읍면동,경기도 부천시 역곡3동,24406,1851,2019,3391,4011,3856,4175,2855,1514,658,68,8,12038,928,1031,1730,2106,1982,1990,1347,675,224,22,3,12368,923,988,1661,1905,1874,2185,1508,839,434,46,5
2017,04,읍면동,경기도 부천시 오정동,23368,2182,2246,3385,3766,3819,4220,2361,971,371,40,7,12099,1148,1219,1796,2043,1987,2126,1237,427,105,10,1,11269,1034,1027,1589,1723,1832,2094,1124,544,266,30,6
2017,04,읍면동,경기도 부천시 원미1동,18052,1285,1752,2691,2553,3014,3495,2023,864,322,46,7,9229,679,937,1405,1366,1572,1738,1006,396,112,14,4,8823,606,815,1286,1187,1442,1757,1017,468,210,32,3
2017,04,읍면동,경기도 부천시 원미2동,14074,896,1193,2029,1919,2255,2798,1805,837,304,35,3,7076,447,580,1081,1030,1152,1397,894,391,93,11,0,6998,449,613,948,889,1103,1401,911,446,211,24,3
2017,04,읍면동,경기도 부천시 원종1동,24212,1700,2437,3707,3276,4074,4674,2528,1248,503,60,5,12226,893,1270,1974,1725,2024,2337,1305,524,157,15,2,11986,807,1167,1733,1551,2050,2337,1223,724,346,45,3
2017,04,읍면동,경기도 부천시 원종2동,24584,1817,2863,3856,3237,4505,4635,1964,1143,499,62,3,12271,932,1463,1989,1704,2248,2370,983,431,143,8,0,12313,885,1400,1867,1533,2257,2265,981,712,356,54,3
2017,04,읍면동,경기도 부천시 중1동,35072,3011,3656,5746,6191,6258,6021,2603,1019,505,61,1,17000,1535,1844,2771,3000,2956,2905,1394,433,145,17,0,18072,1476,1812,2975,3191,3302,3116,1209,586,360,44,1
2017,04,읍면동,경기도 부천시 중2동,33251,2767,3651,5364,4930,5319,6249,3194,1136,558,82,1,16235,1449,1856,2717,2385,2492,2928,1711,521,155,21,0,17016,1318,1795,2647,2545,2827,3321,1483,615,403,61,1
2017,04,읍면동,경기도 부천시 중3동,25894,2362,2641,3854,4520,3996,4615,2212,1073,554,67,0,12436,1182,1346,1900,2214,1876,2215,1086,470,135,12,0,13458,1180,1295,1954,2306,2120,2400,1126,603,419,55,0
2017,04,읍면동,경기도 부천시 중4동,20506,1827,2059,3004,3851,3331,3430,1764,793,383,61,3,9801,918,1041,1482,1926,1538,1632,812,333,105,14,0,10705,909,1018,1522,1925,1793,1798,952,460,278,47,3
2017,04,읍면동,경기도 부천시 중동,25039,2244,2573,3827,3581,4296,4658,2370,1007,427,50,6,12311,1130,1353,1948,1772,2100,2234,1185,455,124,9,1,12728,1114,1220,1879,1809,2196,2424,1185,552,303,41,5
2017,04,읍면동,경기도 부천시 춘의동,14953,1098,1168,2164,2602,2213,2839,1684,815,328,40,2,7551,575,609,1112,1420,1169,1432,809,336,83,5,1,7402,523,559,1052,1182,1044,1407,875,479,245,35,1
2017,04,시군,경기도 성남시 ,974035,82355,102502,136762,153664,173298,157638,93100,51098,20089,3133,396,482804,42219,52855,69528,77229,86018,79005,45316,22962,6817,759,96,491231,40136,49647,67234,76435,87280,78633,47784,28136,13272,2374,300
2017,04,구,경기도 성남시 분당구 ,503254,47180,60700,69746,79351,94575,75085,40723,23271,10835,1716,72,244100,24198,31297,34512,37749,44520,37349,19770,10460,3798,437,10,259154,22982,29403,35234,41602,50055,37736,20953,12811,7037,1279,62
2017,04,읍면동,경기도 성남시 분당구 구미1동,18675,1517,2143,2906,2939,3429,2962,1441,847,422,69,0,9023,790,1107,1401,1407,1609,1472,708,351,163,15,0,9652,727,1036,1505,1532,1820,1490,733,496,259,54,0
2017,04,읍면동,경기도 성남시 분당구 구미동,33332,2653,3461,4733,5117,5900,5252,2983,1996,1044,183,10,16128,1355,1779,2391,2503,2756,2620,1394,883,400,47,0,17204,1298,1682,2342,2614,3144,2632,1589,1113,644,136,10
2017,04,읍면동,경기도 성남시 분당구 금곡동,30129,2317,2898,4338,5095,4930,4715,2962,1832,911,129,2,14259,1184,1479,2061,2457,2307,2243,1410,783,302,33,0,15870,1133,1419,2277,2638,2623,2472,1552,1049,609,96,2
2017,04,읍면동,경기도 성남시 분당구 백현동,29508,4062,3549,3865,5168,5158,4358,1969,900,424,51,4,14381,2118,1860,1865,2398,2456,2168,950,423,128,14,1,15127,1944,1689,2000,2770,2702,2190,1019,477,296,37,3
2017,04,읍면동,경기도 성남시 분당구 분당동,28105,2442,3482,4094,4073,5446,4258,2341,1274,598,92,5,13729,1270,1815,2046,1938,2585,2078,1147,599,221,28,2,14376,1172,1667,2048,2135,2861,2180,1194,675,377,64,3
2017,04,읍면동,경기도 성남시 분당구 삼평동,25775,3327,3289,3116,4018,5062,3790,1854,902,368,46,3,12538,1688,1687,1546,1833,2470,1862,922,415,106,8,1,13237,1639,1602,1570,2185,2592,1928,932,487,262,38,2
2017,04,읍면동,경기도 성남시 분당구 서현1동,32652,2866,4549,4623,4633,6683,4633,2280,1504,757,119,5,15701,1449,2320,2280,2102,3076,2384,1106,657,300,27,0,16951,1417,2229,2343,2531,3607,2249,1174,847,457,92,5
2017,04,읍면동,경기도 성남시 분당구 서현2동,19657,1639,2775,3009,2460,3876,3267,1449,732,390,57,3,9626,853,1434,1554,1176,1736,1644,743,339,134,12,1,10031,786,1341,1455,1284,2140,1623,706,393,256,45,2
2017,04,읍면동,경기도 성남시 분당구 수내1동,18206,1383,2510,2365,2666,3954,2462,1270,950,567,75,4,8721,699,1348,1177,1194,1791,1267,586,417,217,25,0,9485,684,1162,1188,1472,2163,1195,684,533,350,50,4
2017,04,읍면동,경기도 성남시 분당구 수내2동,10968,1161,2053,1113,993,2789,1412,720,458,224,43,2,5346,573,1050,581,409,1310,781,344,210,75,13,0,5622,588,1003,532,584,1479,631,376,248,149,30,2
2017,04,읍면동,경기도 성남시 분당구 수내3동,15036,1244,2648,2074,1804,3592,2066,910,463,190,44,1,7444,648,1369,1052,861,1712,1067,444,220,56,15,0,7592,596,1279,1022,943,1880,999,466,243,134,29,1
2017,04,읍면동,경기도 성남시 분당구 야탑1동,18499,1598,1594,2961,3291,2958,2862,1878,944,341,70,2,9074,779,826,1495,1609,1470,1352,947,448,127,21,0,9425,819,768,1466,1682,1488,1510,931,496,214,49,2
2017,04,읍면동,경기도 성남시 분당구 야탑2동,17741,1413,1994,2457,2531,2961,2777,1984,1110,448,63,3,8457,715,1017,1217,1153,1363,1311,986,532,149,14,0,9284,698,977,1240,1378,1598,1466,998,578,299,49,3
2017,04,읍면동,경기도 성남시 분당구 야탑3동,31468,2812,2802,4660,6213,4979,4972,2844,1481,592,107,6,15483,1451,1403,2408,3274,2450,2324,1374,611,169,18,1,15985,1361,1399,2252,2939,2529,2648,1470,870,423,89,5
2017,04,읍면동,경기도 성남시 분당구 운중동,21034,2433,2323,2623,3194,3979,3454,1903,716,339,70,0,10279,1230,1204,1296,1460,1931,1726,969,354,97,12,0,10755,1203,1119,1327,1734,2048,1728,934,362,242,58,0
2017,04,읍면동,경기도 성남시 분당구 이매1동,27405,2656,3670,3716,3951,5257,4124,2167,1239,532,89,4,13398,1372,1893,1908,1855,2464,2077,1069,563,175,22,0,14007,1284,1777,1808,2096,2793,2047,1098,676,357,67,4
2017,04,읍면동,경기도 성남시 분당구 이매2동,14538,1126,2073,2035,1542,2758,2365,1422,781,379,54,3,7117,602,1111,1049,690,1234,1204,715,364,134,14,0,7421,524,962,986,852,1524,1161,707,417,245,40,3
2017,04,읍면동,경기도 성남시 분당구 정자1동,30950,2315,3513,4608,5704,5972,4204,2313,1607,620,91,3,14680,1160,1782,2040,2596,2721,2195,1091,771,297,25,2,16270,1155,1731,2568,3108,3251,2009,1222,836,323,66,1
2017,04,읍면동,경기도 성남시 분당구 정자2동,17543,1287,1783,2313,3526,2950,2536,1418,1032,595,97,6,8287,682,955,1067,1826,1328,1247,621,378,151,31,1,9256,605,828,1246,1700,1622,1289,797,654,444,66,5
2017,04,읍면동,경기도 성남시 분당구 정자3동,16578,1557,2154,2282,2508,3200,2444,1149,781,438,65,0,7995,819,1075,1150,1206,1459,1212,553,337,164,20,0,8583,738,1079,1132,1302,1741,1232,596,444,274,45,0
2017,04,읍면동,경기도 성남시 분당구 정자동,21226,1862,2237,3314,4139,3628,2954,1798,913,326,54,1,10549,948,1133,1648,2153,1746,1460,887,436,123,15,0,10677,914,1104,1666,1986,1882,1494,911,477,203,39,1
2017,04,읍면동,경기도 성남시 분당구 판교동,24229,3510,3200,2541,3786,5114,3218,1668,809,330,48,5,11885,1813,1650,1280,1649,2546,1655,804,369,110,8,1,12344,1697,1550,1261,2137,2568,1563,864,440,220,40,4
2017,04,구,경기도 성남시 수정구 ,236036,17324,20474,33817,37537,39387,40726,26772,14424,4707,699,169,119797,8822,10586,17751,20115,20916,20505,12884,6440,1565,169,44,116239,8502,9888,16066,17422,18471,20221,13888,7984,3142,530,125
2017,04,읍면동,경기도 성남시 수정구 고등동,1746,94,73,211,268,231,346,311,150,50,12,0,920,45,34,127,146,138,181,151,74,20,4,0,826,49,39,84,122,93,165,160,76,30,8,0
2017,04,읍면동,경기도 성남시 수정구 단대동,16969,1484,1507,2360,2810,2750,2797,1834,1021,337,61,8,8429,775,816,1209,1462,1384,1359,841,452,114,15,2,8540,709,691,1151,1348,1366,1438,993,569,223,46,6
2017,04,읍면동,경기도 성남시 수정구 복정동,12726,1278,919,2176,3796,1991,1170,852,378,137,25,4,6770,668,396,1134,2145,1203,581,401,192,41,8,1,5956,610,523,1042,1651,788,589,451,186,96,17,3
2017,04,읍면동,경기도 성남시 수정구 산성동,14552,1046,1292,1872,2244,2590,2402,1703,1021,313,45,24,7476,548,678,981,1224,1419,1226,801,462,116,12,9,7076,498,614,891,1020,1171,1176,902,559,197,33,15
2017,04,읍면동,경기도 성남시 수정구 수진1동,13857,607,1039,1841,1788,2342,2795,1907,1102,359,60,17,7112,323,553,972,1021,1252,1445,930,480,114,15,7,6745,284,486,869,767,1090,1350,977,622,245,45,10
2017,04,읍면동,경기도 성남시 수정구 수진2동,17980,1123,1489,2635,2657,2829,3318,2267,1247,350,50,15,9052,557,815,1341,1450,1458,1641,1071,575,127,14,3,8928,566,674,1294,1207,1371,1677,1196,672,223,36,12
2017,04,읍면동,경기도 성남시 수정구 시흥동,3263,231,196,410,536,434,571,516,253,97,17,2,1687,137,106,221,281,241,274,265,123,36,3,0,1576,94,90,189,255,193,297,251,130,61,14,2
2017,04,읍면동,경기도 성남시 수정구 신촌동,4653,630,445,689,928,737,525,424,192,71,12,0,2434,324,233,411,499,410,251,196,86,21,3,0,2219,306,212,278,429,327,274,228,106,50,9,0
2017,04,읍면동,경기도 성남시 수정구 신흥1동,14436,688,964,2117,2225,2405,2831,1813,1035,296,44,18,7436,352,492,1153,1254,1356,1432,850,437,94,13,3,7000,336,472,964,971,1049,1399,963,598,202,31,15
2017,04,읍면동,경기도 성남시 수정구 신흥2동,21393,1448,2185,2940,3016,3642,3961,2527,1202,395,63,14,10874,713,1137,1571,1587,1908,2007,1262,544,129,11,5,10519,735,1048,1369,1429,1734,1954,1265,658,266,52,9
2017,04,읍면동,경기도 성남시 수정구 신흥3동,11093,503,797,1656,1658,1917,2092,1398,812,216,37,7,5740,249,418,883,934,1079,1081,654,358,72,12,0,5353,254,379,773,724,838,1011,744,454,144,25,7
2017,04,읍면동,경기도 성남시 수정구 양지동,10581,776,1140,1435,1444,1878,1768,1185,695,225,30,5,5281,397,608,726,773,966,876,544,308,73,9,1,5300,379,532,709,671,912,892,641,387,152,21,4
2017,04,읍면동,경기도 성남시 수정구 위례동,28455,3554,2723,3886,4900,4694,4680,2551,972,440,54,1,13967,1775,1346,2020,2285,2351,2273,1327,450,128,12,0,14488,1779,1377,1866,2615,2343,2407,1224,522,312,42,1
2017,04,읍면동,경기도 성남시 수정구 태평1동,17542,878,1213,2942,2918,2687,3036,2213,1209,393,43,10,8893,453,613,1478,1645,1466,1504,1050,536,137,10,1,8649,425,600,1464,1273,1221,1532,1163,673,256,33,9
2017,04,읍면동,경기도 성남시 수정구 태평2동,16679,963,1530,2478,2270,2921,3016,1939,1107,386,57,12,8455,526,794,1301,1233,1522,1527,924,482,131,11,4,8224,437,736,1177,1037,1399,1489,1015,625,255,46,8
2017,04,읍면동,경기도 성남시 수정구 태평3동,14978,914,1339,2113,2059,2584,2808,1737,1014,342,50,18,7603,424,718,1136,1102,1338,1474,838,439,118,12,4,7375,490,621,977,957,1246,1334,899,575,224,38,14
2017,04,읍면동,경기도 성남시 수정구 태평4동,15133,1107,1623,2056,2020,2755,2610,1595,1014,300,39,14,7668,556,829,1087,1074,1425,1373,779,442,94,5,4,7465,551,794,969,946,1330,1237,816,572,206,34,10
2017,04,구,경기도 성남시 중원구 ,234745,17851,21328,33199,36776,39336,41827,25605,13403,4547,718,155,118907,9199,10972,17265,19365,20582,21151,12662,6062,1454,153,42,115838,8652,10356,15934,17411,18754,20676,12943,7341,3093,565,113
2017,04,읍면동,경기도 성남시 중원구 금광1동,11200,713,897,1570,1752,1815,2238,1300,653,202,31,29,5872,383,447,820,965,998,1214,658,314,63,5,5,5328,330,450,750,787,817,1024,642,339,139,26,24
2017,04,읍면동,경기도 성남시 중원구 금광2동,27822,1792,2559,4422,4243,4610,4878,3084,1618,528,78,10,13526,905,1229,2149,2112,2284,2412,1521,724,170,18,2,14296,887,1330,2273,2131,2326,2466,1563,894,358,60,8
2017,04,읍면동,경기도 성남시 중원구 도촌동,27859,3535,2860,3374,5066,4901,4082,2393,1123,447,78,0,13657,1808,1488,1755,2428,2493,1904,1123,514,131,13,0,14202,1727,1372,1619,2638,2408,2178,1270,609,316,65,0
2017,04,읍면동,경기도 성남시 중원구 상대원1동,28184,2198,2392,3930,4756,4817,5034,3041,1433,506,65,12,14585,1148,1203,2130,2583,2620,2563,1532,640,146,17,3,13599,1050,1189,1800,2173,2197,2471,1509,793,360,48,9
2017,04,읍면동,경기도 성남시 중원구 상대원2동,15946,860,1360,2203,2115,2755,3219,1961,1055,340,67,11,8239,450,684,1186,1184,1508,1685,976,460,93,12,1,7707,410,676,1017,931,1247,1534,985,595,247,55,10
2017,04,읍면동,경기도 성남시 중원구 상대원3동,14076,862,1244,2050,2004,2383,2783,1601,820,281,40,8,7313,460,662,1084,1124,1255,1442,828,371,78,6,3,6763,402,582,966,880,1128,1341,773,449,203,34,5
2017,04,읍면동,경기도 성남시 중원구 성남동,30922,1834,2377,4755,5300,4755,5480,3586,2009,692,107,27,15886,923,1251,2449,2910,2547,2758,1809,956,254,18,11,15036,911,1126,2306,2390,2208,2722,1777,1053,438,89,16
2017,04,읍면동,경기도 성남시 중원구 은행1동,12118,979,1498,1706,1651,2254,1931,1172,670,221,34,2,5981,497,736,855,857,1138,978,545,300,67,7,1,6137,482,762,851,794,1116,953,627,370,154,27,1
2017,04,읍면동,경기도 성남시 중원구 은행2동,27382,2057,2745,3716,3888,4844,4675,2931,1826,594,88,18,13601,1062,1413,1951,2083,2446,2327,1335,765,195,21,3,13781,995,1332,1765,1805,2398,2348,1596,1061,399,67,15
2017,04,읍면동,경기도 성남시 중원구 중앙동,16835,1235,1226,1966,2671,2769,3174,2160,1173,364,64,33,8822,642,664,1035,1392,1545,1748,1070,548,140,25,13,8013,593,562,931,1279,1224,1426,1090,625,224,39,20
2017,04,읍면동,경기도 성남시 중원구 하대원동,22401,1786,2170,3507,3330,3433,4333,2376,1023,372,66,5,11425,921,1195,1851,1727,1748,2120,1265,470,117,11,0,10976,865,975,1656,1603,1685,2213,1111,553,255,55,5
2017,04,시군,경기도 수원시 ,1196330,116364,135760,184035,197145,215090,186028,90520,48523,19768,2846,251,602339,59906,70466,96709,101046,107230,94638,44231,21097,6286,657,73,593991,56458,65294,87326,96099,107860,91390,46289,27426,13482,2189,178
2017,04,구,경기도 수원시 권선구 ,359126,36169,37309,53766,62653,61776,58019,28537,14300,5740,790,67,181081,18540,19455,27766,32462,31202,29200,14118,6302,1845,167,24,178045,17629,17854,26000,30191,30574,28819,14419,7998,3895,623,43
2017,04,읍면동,경기도 수원시 권선구 곡선동,29883,2479,2857,5999,6661,5351,4138,1397,644,310,42,5,15619,1241,1464,3050,3738,2838,2194,726,268,87,11,2,14264,1238,1393,2949,2923,2513,1944,671,376,223,31,3
2017,04,읍면동,경기도 수원시 권선구 구운동,27348,2065,2762,4459,4012,4627,5052,2529,1266,515,57,4,13848,1047,1405,2343,2174,2313,2528,1295,548,180,14,1,13500,1018,1357,2116,1838,2314,2524,1234,718,335,43,3
2017,04,읍면동,경기도 수원시 권선구 권선1동,25347,1790,2311,4546,4726,4160,4417,2007,922,408,54,6,12849,899,1266,2267,2512,2079,2261,1021,406,124,12,2,12498,891,1045,2279,2214,2081,2156,986,516,284,42,4
2017,04,읍면동,경기도 수원시 권선구 권선2동,51172,6897,6076,7310,9604,8943,7613,3000,1146,491,89,3,25338,3590,3236,3712,4591,4288,3711,1543,508,142,15,2,25834,3307,2840,3598,5013,4655,3902,1457,638,349,74,1
2017,04,읍면동,경기도 수원시 권선구 금곡동,37024,4473,4608,4789,5755,6879,5834,2551,1411,654,68,2,18383,2359,2454,2451,2796,3324,2925,1241,589,232,11,1,18641,2114,2154,2338,2959,3555,2909,1310,822,422,57,1
2017,04,읍면동,경기도 수원시 권선구 서둔동,41425,3431,4155,6348,6801,6962,6917,3910,2077,717,98,9,21009,1753,2161,3278,3672,3610,3473,1918,900,224,17,3,20416,1678,1994,3070,3129,3352,3444,1992,1177,493,81,6
2017,04,읍면동,경기도 수원시 권선구 세류1동,11028,1070,758,1695,2135,1565,1888,1102,553,216,35,11,5551,574,397,868,1149,797,921,507,247,80,8,3,5477,496,361,827,986,768,967,595,306,136,27,8
2017,04,읍면동,경기도 수원시 권선구 세류2동,26091,1632,2151,4115,4327,4244,4704,2825,1477,537,74,5,13337,815,1142,2166,2406,2211,2345,1386,674,169,20,3,12754,817,1009,1949,1921,2033,2359,1439,803,368,54,2
2017,04,읍면동,경기도 수원시 권선구 세류3동,23586,1629,2189,3375,3638,4009,4178,2619,1358,504,79,8,11792,755,1154,1798,1942,2063,2027,1245,613,175,19,1,11794,874,1035,1577,1696,1946,2151,1374,745,329,60,7
2017,04,읍면동,경기도 수원시 권선구 입북동,18507,2562,2243,2057,3123,3700,2631,1249,658,251,33,0,9299,1283,1129,1118,1475,1935,1355,611,303,80,10,0,9208,1279,1114,939,1648,1765,1276,638,355,171,23,0
2017,04,읍면동,경기도 수원시 권선구 평동,37529,3418,4079,5496,5646,6436,6535,3382,1713,705,107,12,19082,1809,2072,2948,2916,3215,3396,1688,795,223,16,4,18447,1609,2007,2548,2730,3221,3139,1694,918,482,91,8
2017,04,읍면동,경기도 수원시 권선구 호매실동,30186,4723,3120,3577,6225,4900,4112,1966,1075,432,54,2,14974,2415,1575,1767,3091,2529,2064,937,451,129,14,2,15212,2308,1545,1810,3134,2371,2048,1029,624,303,40,0
2017,04,구,경기도 수원시 영통구 ,343432,39862,44353,54447,62452,65893,45749,17556,8761,3798,539,22,172948,20493,22925,28447,31564,32357,23621,8632,3668,1121,115,5,170484,19369,21428,26000,30888,33536,22128,8924,5093,2677,424,17
2017,04,읍면동,경기도 수원시 영통구 광교1동,46933,6318,6721,6348,8890,10080,5461,1810,861,380,62,2,23186,3261,3362,3036,4178,5009,2950,915,351,106,18,0,23747,3057,3359,3312,4712,5071,2511,895,510,274,44,2
2017,04,읍면동,경기도 수원시 영통구 광교2동,25856,4071,2574,2672,5833,4386,3216,1814,930,312,48,0,12517,2063,1315,1281,2833,2158,1531,834,406,86,10,0,13339,2008,1259,1391,3000,2228,1685,980,524,226,38,0
2017,04,읍면동,경기도 수원시 영통구 매탄1동,20708,1896,2560,3355,3190,3806,3186,1597,761,310,44,3,10414,957,1337,1895,1600,1832,1595,742,342,106,8,0,10294,939,1223,1460,1590,1974,1591,855,419,204,36,3
2017,04,읍면동,경기도 수원시 영통구 매탄2동,16640,1348,2074,2593,2380,3030,2813,1376,708,278,38,2,8291,707,1075,1310,1237,1479,1396,677,313,89,8,0,8349,641,999,1283,1143,1551,1417,699,395,189,30,2
2017,04,읍면동,경기도 수원시 영통구 매탄3동,38637,3934,5275,6986,6441,7458,5136,1985,913,453,54,2,19964,2008,2720,3857,3502,3644,2713,998,387,122,13,0,18673,1926,2555,3129,2939,3814,2423,987,526,331,41,2
2017,04,읍면동,경기도 수원시 영통구 매탄4동,24422,2180,3044,3984,4030,4520,3729,1697,806,370,58,4,12139,1147,1549,2110,2055,2173,1822,839,332,93,17,2,12283,1033,1495,1874,1975,2347,1907,858,474,277,41,2
2017,04,읍면동,경기도 수원시 영통구 영통1동,42177,4964,5735,6559,7333,8563,5682,1834,1001,438,66,2,21171,2559,2996,3416,3606,4186,2957,900,387,149,13,2,21006,2405,2739,3143,3727,4377,2725,934,614,289,53,0
2017,04,읍면동,경기도 수원시 영통구 영통2동,47005,6048,6666,6599,8890,9470,6090,1698,971,509,61,3,23446,3097,3477,3279,4408,4588,3228,833,378,147,11,0,23559,2951,3189,3320,4482,4882,2862,865,593,362,50,3
2017,04,읍면동,경기도 수원시 영통구 원천동,24818,2655,2312,5037,5657,4018,2808,1391,648,252,39,1,13000,1364,1288,2672,3094,2142,1413,663,284,72,7,1,11818,1291,1024,2365,2563,1876,1395,728,364,180,32,0
2017,04,읍면동,경기도 수원시 영통구 태장동,56236,6448,7392,10314,9808,10562,7628,2354,1162,496,69,3,28820,3330,3806,5591,5051,5146,4016,1231,488,151,10,0,27416,3118,3586,4723,4757,5416,3612,1123,674,345,59,3
2017,04,구,경기도 수원시 장안구 ,296168,25888,35552,45751,41211,53944,48464,24142,14150,6083,904,79,148926,13360,18586,24835,20837,26573,24651,11745,6114,1981,222,22,147242,12528,16966,20916,20374,27371,23813,12397,8036,4102,682,57
2017,04,읍면동,경기도 수원시 장안구 송죽동,19952,1502,2057,2963,3183,3411,3472,1899,991,408,63,3,9897,772,1047,1518,1635,1692,1705,947,431,134,15,1,10055,730,1010,1445,1548,1719,1767,952,560,274,48,2
2017,04,읍면동,경기도 수원시 장안구 연무동,19847,1099,1673,3007,2561,3026,3643,2426,1624,671,99,18,10103,593,842,1679,1476,1611,1816,1138,712,211,22,3,9744,506,831,1328,1085,1415,1827,1288,912,460,77,15
2017,04,읍면동,경기도 수원시 장안구 영화동,21878,1281,1605,3039,3299,3487,4242,2789,1516,515,86,19,10969,637,798,1565,1814,1830,2087,1329,693,193,17,6,10909,644,807,1474,1485,1657,2155,1460,823,322,69,13
2017,04,읍면동,경기도 수원시 장안구 율천동,44504,4070,5407,9574,6638,7431,6194,2816,1545,723,97,9,23454,2063,2931,5874,3417,3720,3152,1374,642,249,27,5,21050,2007,2476,3700,3221,3711,3042,1442,903,474,70,4
2017,04,읍면동,경기도 수원시 장안구 정자1동,34822,3733,4314,4895,4984,6674,5517,2613,1370,629,84,9,17342,1919,2325,2593,2394,3266,2810,1258,582,173,19,3,17480,1814,1989,2302,2590,3408,2707,1355,788,456,65,6
2017,04,읍면동,경기도 수원시 장안구 정자2동,32362,2785,4024,4574,4600,5949,5283,2737,1693,628,87,2,16067,1449,2095,2420,2281,2889,2661,1279,740,228,24,1,16295,1336,1929,2154,2319,3060,2622,1458,953,400,63,1
2017,04,읍면동,경기도 수원시 장안구 정자3동,45306,5065,7888,6009,5693,10479,6348,1929,1244,564,85,2,22499,2624,3985,3104,2578,5036,3508,962,514,166,22,0,22807,2441,3903,2905,3115,5443,2840,967,730,398,63,2
2017,04,읍면동,경기도 수원시 장안구 조원1동,31812,2426,3687,4727,4156,5586,5501,2931,1825,849,119,5,15997,1303,1927,2458,2204,2751,2793,1465,797,272,27,0,15815,1123,1760,2269,1952,2835,2708,1466,1028,577,92,5
2017,04,읍면동,경기도 수원시 장안구 조원2동,20388,1867,2576,3227,2359,3613,3716,1457,940,529,99,5,9852,965,1370,1633,1070,1603,1871,732,385,187,35,1,10536,902,1206,1594,1289,2010,1845,725,555,342,64,4
2017,04,읍면동,경기도 수원시 장안구 파장동,25297,2060,2321,3736,3738,4288,4548,2545,1402,567,85,7,12746,1035,1266,1991,1968,2175,2248,1261,618,168,14,2,12551,1025,1055,1745,1770,2113,2300,1284,784,399,71,5
2017,04,구,경기도 수원시 팔달구 ,197604,14445,18546,30071,30829,33477,33796,20285,11312,4147,613,83,99384,7513,9500,15661,16183,17098,17166,9736,5013,1339,153,22,98220,6932,9046,14410,14646,16379,16630,10549,6299,2808,460,61
2017,04,읍면동,경기도 수원시 팔달구 고등동,10408,520,808,1415,1452,1704,1910,1395,886,260,49,9,5304,287,399,719,833,893,984,657,420,92,14,6,5104,233,409,696,619,811,926,738,466,168,35,3
2017,04,읍면동,경기도 수원시 팔달구 매교동,10503,508,685,1422,1561,1600,2128,1383,876,289,45,6,5484,267,359,801,873,902,1096,681,389,102,10,4,5019,241,326,621,688,698,1032,702,487,187,35,2
2017,04,읍면동,경기도 수원시 팔달구 매산동,11277,576,687,2040,1959,1658,1992,1360,706,250,44,5,5806,275,354,1032,1069,884,1040,705,338,94,13,2,5471,301,333,1008,890,774,952,655,368,156,31,3
2017,04,읍면동,경기도 수원시 팔달구 우만1동,22736,1521,2053,3540,3672,3720,3835,2438,1359,523,67,8,11305,807,1085,1882,2004,1858,1830,1137,534,148,17,3,11431,714,968,1658,1668,1862,2005,1301,825,375,50,5
2017,04,읍면동,경기도 수원시 팔달구 우만2동,18487,1678,2241,3485,2810,3188,2748,1325,689,278,43,2,9293,879,1197,1976,1357,1531,1356,608,298,79,11,1,9194,799,1044,1509,1453,1657,1392,717,391,199,32,1
2017,04,읍면동,경기도 수원시 팔달구 인계동,44128,3613,3796,7182,8425,7605,6914,3854,1945,675,103,16,22362,1830,2005,3634,4414,4015,3491,1878,878,194,20,3,21766,1783,1791,3548,4011,3590,3423,1976,1067,481,83,13
2017,04,읍면동,경기도 수원시 팔달구 지동,14190,722,1138,1749,1892,2303,2684,1986,1222,441,44,9,7228,395,593,941,1038,1260,1367,939,551,136,7,1,6962,327,545,808,854,1043,1317,1047,671,305,37,8
2017,04,읍면동,경기도 수원시 팔달구 행궁동,11292,406,680,1327,1353,1721,2373,1884,1075,397,65,11,5979,213,345,715,794,1007,1309,926,510,138,22,0,5313,193,335,612,559,714,1064,958,565,259,43,11
2017,04,읍면동,경기도 수원시 팔달구 화서1동,25581,2133,2728,3485,3585,4518,4347,2686,1445,559,84,11,12417,1082,1327,1743,1810,2224,2123,1264,624,197,22,1,13164,1051,1401,1742,1775,2294,2224,1422,821,362,62,10
2017,04,읍면동,경기도 수원시 팔달구 화서2동,29002,2768,3730,4426,4120,5460,4865,1974,1109,475,69,6,14206,1478,1836,2218,1991,2524,2570,941,471,159,17,1,14796,1290,1894,2208,2129,2936,2295,1033,638,316,52,5
2017,04,시군,경기도 시흥시 ,405712,39144,49514,56732,60378,80962,69055,27843,15126,6073,822,63,212820,20105,25601,30853,32400,42700,38102,14547,6392,1923,178,19,192892,19039,23913,25879,27978,38262,30953,13296,8734,4150,644,44
2017,04,읍면동,경기도 시흥시 과림동,2151,63,68,196,219,248,572,477,208,88,10,2,1304,33,35,121,140,184,345,288,117,36,3,2,847,30,33,75,79,64,227,189,91,52,7,0
2017,04,읍면동,경기도 시흥시 군자동,25459,2507,2909,3347,4050,4582,4250,2182,1118,453,52,9,13280,1292,1521,1813,2231,2466,2254,1076,483,130,12,2,12179,1215,1388,1534,1819,2116,1996,1106,635,323,40,7
2017,04,읍면동,경기도 시흥시 능곡동,16072,1739,2524,1832,1821,3498,2557,1089,693,271,47,1,7960,898,1242,969,828,1726,1385,536,282,87,7,0,8112,841,1282,863,993,1772,1172,553,411,184,40,1
2017,04,읍면동,경기도 시흥시 대야동,32593,2174,3641,5131,3802,5630,6816,3020,1530,729,115,5,16615,1136,1879,2699,2031,2790,3598,1622,615,222,22,1,15978,1038,1762,2432,1771,2840,3218,1398,915,507,93,4
2017,04,읍면동,경기도 시흥시 매화동,13610,1060,1696,1785,1511,2633,2449,1249,826,351,48,2,7058,540,905,956,778,1388,1357,642,371,104,17,0,6552,520,791,829,733,1245,1092,607,455,247,31,2
2017,04,읍면동,경기도 시흥시 목감동,20165,2557,1757,2299,3714,3198,3232,1898,997,444,61,8,10209,1263,910,1202,1901,1707,1665,986,435,128,9,3,9956,1294,847,1097,1813,1491,1567,912,562,316,52,5
2017,04,읍면동,경기도 시흥시 신천동,41913,2768,5053,6690,4837,7749,8592,3570,1847,700,96,11,21533,1420,2611,3551,2589,3868,4623,1895,746,212,17,1,20380,1348,2442,3139,2248,3881,3969,1675,1101,488,79,10
2017,04,읍면동,경기도 시흥시 신현동,11506,817,1111,1644,1298,1943,2407,1242,688,304,46,6,5978,408,570,910,691,1008,1292,674,297,107,17,4,5528,409,541,734,607,935,1115,568,391,197,29,2
2017,04,읍면동,경기도 시흥시 연성동,24843,2367,3888,3316,2899,5574,3943,1449,998,355,48,6,12662,1187,2059,1742,1411,2758,2249,704,421,119,10,2,12181,1180,1829,1574,1488,2816,1694,745,577,236,38,4
2017,04,읍면동,경기도 시흥시 월곶동,16379,2031,1564,1660,3125,3317,2419,1284,708,241,29,1,8497,1038,822,854,1625,1813,1266,651,340,83,5,0,7882,993,742,806,1500,1504,1153,633,368,158,24,1
2017,04,읍면동,경기도 시흥시 은행동,30153,2662,4399,4586,3460,5986,5569,1946,1043,447,48,7,15121,1367,2268,2437,1672,2862,2952,1020,404,129,8,2,15032,1295,2131,2149,1788,3124,2617,926,639,318,40,5
2017,04,읍면동,경기도 시흥시 장곡동,18906,2333,3517,2248,2366,4488,2603,645,489,188,28,1,9495,1218,1805,1145,1052,2202,1510,310,178,61,13,1,9411,1115,1712,1103,1314,2286,1093,335,311,127,15,0
2017,04,읍면동,경기도 시흥시 정왕1동,27310,2348,2643,3949,5286,5942,4476,1653,737,244,31,1,15789,1178,1339,2362,3280,3614,2694,911,329,75,6,1,11521,1170,1304,1587,2006,2328,1782,742,408,169,25,0
2017,04,읍면동,경기도 시흥시 정왕2동,34575,3815,4827,5214,5105,7229,5394,1621,962,376,32,0,17903,1999,2496,2801,2586,3700,2957,845,378,135,6,0,16672,1816,2331,2413,2519,3529,2437,776,584,241,26,0
2017,04,읍면동,경기도 시흥시 정왕3동,26347,2660,2858,3539,4652,5496,4397,1615,763,314,52,1,14698,1349,1504,2006,2756,3188,2572,876,337,98,12,0,11649,1311,1354,1533,1896,2308,1825,739,426,216,40,1
2017,04,읍면동,경기도 시흥시 정왕4동,39024,5320,5625,5112,6423,8252,5429,1571,883,361,48,0,19651,2806,2887,2659,3008,4069,2956,773,353,133,7,0,19373,2514,2738,2453,3415,4183,2473,798,530,228,41,0
2017,04,읍면동,경기도 시흥시 정왕본동,24706,1923,1434,4184,5810,5197,3950,1332,636,207,31,2,15067,973,748,2626,3821,3357,2427,738,306,64,7,0,9639,950,686,1558,1989,1840,1523,594,330,143,24,2
2017,04,시군,경기도 안산시 ,686802,57636,82059,107855,97883,129603,121736,50443,26385,11511,1595,96,351893,29314,42488,57203,52173,65110,64534,25940,11150,3616,345,20,334909,28322,39571,50652,45710,64493,57202,24503,15235,7895,1250,76
2017,04,구,경기도 안산시 단원구 ,312161,26411,37743,47834,44549,59346,56486,23244,10988,4886,626,48,161027,13398,19607,25514,23814,30077,30101,12121,4745,1505,133,12,151134,13013,18136,22320,20735,29269,26385,11123,6243,3381,493,36
2017,04,읍면동,경기도 안산시 단원구 고잔1동,20939,1529,2557,3458,2802,3826,3788,1679,869,386,42,3,10549,762,1324,1851,1509,1860,1931,833,350,124,5,0,10390,767,1233,1607,1293,1966,1857,846,519,262,37,3
2017,04,읍면동,경기도 안산시 단원구 고잔2동,21718,1746,2531,3793,3476,3924,3759,1568,588,281,48,4,10787,873,1295,1944,1735,1915,1860,827,245,81,10,2,10931,873,1236,1849,1741,2009,1899,741,343,200,38,2
2017,04,읍면동,경기도 안산시 단원구 대부동,8285,340,481,803,714,980,1905,1596,947,437,76,6,4333,185,257,455,424,558,972,828,489,145,17,3,3952,155,224,348,290,422,933,768,458,292,59,3
2017,04,읍면동,경기도 안산시 단원구 선부1동,12316,1057,1161,1810,2037,2092,2273,1080,510,266,29,1,6351,538,602,1028,1170,1095,1123,553,173,59,9,1,5965,519,559,782,867,997,1150,527,337,207,20,0
2017,04,읍면동,경기도 안산시 단원구 선부2동,22457,1580,2664,3381,3044,4564,4294,1689,843,340,55,3,12137,823,1411,1812,1740,2504,2495,853,376,107,15,1,10320,757,1253,1569,1304,2060,1799,836,467,233,40,2
2017,04,읍면동,경기도 안산시 단원구 선부3동,35423,3051,4492,5728,5275,6759,6303,2250,1025,493,41,6,18095,1529,2356,3025,2789,3342,3300,1198,403,145,7,1,17328,1522,2136,2703,2486,3417,3003,1052,622,348,34,5
2017,04,읍면동,경기도 안산시 단원구 와동,44506,3733,5378,6837,6954,8836,7532,2941,1569,647,77,2,23361,1965,2811,3670,3862,4658,4079,1479,618,204,15,0,21145,1768,2567,3167,3092,4178,3453,1462,951,443,62,2
2017,04,읍면동,경기도 안산시 단원구 원곡1동,5652,243,430,699,673,867,1299,856,433,130,20,2,2982,130,227,390,406,486,669,422,198,49,5,0,2670,113,203,309,267,381,630,434,235,81,15,2
2017,04,읍면동,경기도 안산시 단원구 원곡2동,16420,1445,2031,2571,2154,2890,3250,1401,469,179,26,4,8253,709,1059,1364,1077,1364,1635,757,232,49,7,0,8167,736,972,1207,1077,1526,1615,644,237,130,19,4
2017,04,읍면동,경기도 안산시 단원구 원곡본동,32801,3076,3289,4232,4925,6344,6083,2807,1402,577,60,6,17797,1569,1684,2374,2772,3548,3471,1491,683,188,16,1,15004,1507,1605,1858,2153,2796,2612,1316,719,389,44,5
2017,04,읍면동,경기도 안산시 단원구 초지동,42884,4404,5887,5983,6627,8770,6623,2603,1296,596,89,6,21898,2190,3041,3251,3465,4350,3549,1313,532,188,17,2,20986,2214,2846,2732,3162,4420,3074,1290,764,408,72,4
2017,04,읍면동,경기도 안산시 단원구 호수동,48760,4207,6842,8539,5868,9494,9377,2774,1037,554,63,5,24484,2125,3540,4350,2865,4397,5017,1567,446,166,10,1,24276,2082,3302,4189,3003,5097,4360,1207,591,388,53,4
2017,04,구,경기도 안산시 상록구 ,374641,31225,44316,60021,53334,70257,65250,27199,15397,6625,969,48,190866,15916,22881,31689,28359,35033,34433,13819,6405,2111,212,8,183775,15309,21435,28332,24975,35224,30817,13380,8992,4514,757,40
2017,04,읍면동,경기도 안산시 상록구 반월동,20099,1705,1712,2618,2901,3231,3717,2399,1277,482,53,4,10175,855,853,1401,1563,1678,1870,1192,596,158,7,2,9924,850,859,1217,1338,1553,1847,1207,681,324,46,2
2017,04,읍면동,경기도 안산시 상록구 본오1동,43466,3996,5553,6361,6425,8736,7072,2798,1773,668,82,2,22302,2021,2842,3404,3432,4468,3824,1345,741,207,17,1,21164,1975,2711,2957,2993,4268,3248,1453,1032,461,65,1
2017,04,읍면동,경기도 안산시 상록구 본오2동,30425,2366,4031,4779,3822,6077,5255,2066,1378,586,64,1,15018,1211,2019,2406,1922,2946,2689,1055,568,186,16,0,15407,1155,2012,2373,1900,3131,2566,1011,810,400,48,1
2017,04,읍면동,경기도 안산시 상록구 본오3동,23333,1683,2550,3938,3406,4247,4242,1675,1062,456,73,1,11602,839,1291,1987,1826,2094,2089,867,427,164,18,0,11731,844,1259,1951,1580,2153,2153,808,635,292,55,1
2017,04,읍면동,경기도 안산시 상록구 부곡동,24307,2080,2886,3784,3159,4713,4376,1758,1083,418,48,2,12420,1067,1458,2009,1613,2391,2430,891,419,134,7,1,11887,1013,1428,1775,1546,2322,1946,867,664,284,41,1
2017,04,읍면동,경기도 안산시 상록구 사1동,38650,3093,4303,6571,6316,7368,6113,2193,1577,940,165,11,20093,1590,2284,3512,3563,3789,3341,1114,570,282,46,2,18557,1503,2019,3059,2753,3579,2772,1079,1007,658,119,9
2017,04,읍면동,경기도 안산시 상록구 사2동,35654,3506,4735,5506,4971,6785,6044,2360,1172,493,80,2,18036,1753,2472,2881,2588,3294,3175,1219,485,151,18,0,17618,1753,2263,2625,2383,3491,2869,1141,687,342,62,2
2017,04,읍면동,경기도 안산시 상록구 사3동,19647,1706,2641,3525,2466,3665,3591,1337,473,203,39,1,10170,903,1352,1977,1252,1752,1905,742,226,56,5,0,9477,803,1289,1548,1214,1913,1686,595,247,147,34,1
2017,04,읍면동,경기도 안산시 상록구 성포동,26646,2083,3402,4653,3115,4489,5364,2053,896,504,82,5,13111,1063,1775,2449,1493,1981,2706,1084,383,151,25,1,13535,1020,1627,2204,1622,2508,2658,969,513,353,57,4
2017,04,읍면동,경기도 안산시 상록구 안산동,10101,825,930,1366,1298,1644,1967,1234,573,221,39,4,5238,417,485,732,699,888,1046,629,252,82,7,1,4863,408,445,634,599,756,921,605,321,139,32,3
2017,04,읍면동,경기도 안산시 상록구 월피동,45218,3536,5950,7686,5793,8600,8281,2952,1562,749,103,6,23143,1874,3162,4104,3080,4085,4443,1532,624,219,20,0,22075,1662,2788,3582,2713,4515,3838,1420,938,530,83,6
2017,04,읍면동,경기도 안산시 상록구 이동,28822,2003,2356,5309,5275,5146,4763,2223,1228,439,73,7,15231,1028,1260,2788,3010,2734,2571,1124,542,163,11,0,13591,975,1096,2521,2265,2412,2192,1099,686,276,62,7
2017,04,읍면동,경기도 안산시 상록구 일동,28273,2643,3267,3925,4387,5556,4465,2151,1343,466,68,2,14327,1295,1628,2039,2318,2933,2344,1025,572,158,15,0,13946,1348,1639,1886,2069,2623,2121,1126,771,308,53,2
2017,04,시군,경기도 안성시 ,182761,17389,19472,20912,26279,30691,29407,19223,12569,6019,758,42,93467,8894,10167,11391,13924,16352,15433,9623,5520,1974,180,9,89294,8495,9305,9521,12355,14339,13974,9600,7049,4045,578,33
2017,04,읍면동,경기도 안성시 고삼면,2065,70,118,225,161,252,432,362,279,151,15,0,1084,32,63,139,96,155,217,193,132,54,3,0,981,38,55,86,65,97,215,169,147,97,12,0
2017,04,읍면동,경기도 안성시 공도읍,56971,7841,7585,5670,10154,11332,7010,3995,2276,1009,99,0,28533,3979,3929,2945,5028,5896,3583,1894,941,317,21,0,28438,3862,3656,2725,5126,5436,3427,2101,1335,692,78,0
2017,04,읍면동,경기도 안성시 금광면,8332,807,863,800,1078,1284,1357,1028,709,357,45,4,4095,412,462,413,529,696,676,498,287,111,10,1,4237,395,401,387,549,588,681,530,422,246,35,3
2017,04,읍면동,경기도 안성시 대덕면,16613,1746,1237,2284,3545,2700,2414,1442,816,366,61,2,9218,932,642,1272,2130,1594,1371,738,383,138,18,0,7395,814,595,1012,1415,1106,1043,704,433,228,43,2
2017,04,읍면동,경기도 안성시 미양면,6871,504,472,684,965,944,1190,1002,697,361,47,5,3616,242,245,384,570,572,629,546,310,109,7,2,3255,262,227,300,395,372,561,456,387,252,40,3
2017,04,읍면동,경기도 안성시 보개면,5964,257,437,646,552,750,1204,932,750,388,44,4,3148,135,271,357,336,446,643,485,339,128,8,0,2816,122,166,289,216,304,561,447,411,260,36,4
2017,04,읍면동,경기도 안성시 삼죽면,3549,131,215,388,321,406,742,610,487,228,20,1,1877,72,115,228,195,236,404,314,217,94,2,0,1672,59,100,160,126,170,338,296,270,134,18,1
2017,04,읍면동,경기도 안성시 서운면,3840,151,240,446,333,491,767,651,486,248,25,2,2050,86,143,266,195,297,429,318,221,87,7,1,1790,65,97,180,138,194,338,333,265,161,18,1
2017,04,읍면동,경기도 안성시 안성1동,12264,760,1244,1655,1339,1778,2353,1524,1066,471,68,6,6135,389,614,888,733,896,1208,746,472,167,20,2,6129,371,630,767,606,882,1145,778,594,304,48,4
2017,04,읍면동,경기도 안성시 안성2동,19096,1876,2346,2388,2720,3478,3081,1716,976,459,54,2,9540,961,1206,1282,1357,1778,1570,832,412,126,15,1,9556,915,1140,1106,1363,1700,1511,884,564,333,39,1
2017,04,읍면동,경기도 안성시 안성3동,21221,1845,2877,3035,2456,3833,3625,1832,1167,479,67,5,10615,943,1531,1667,1212,1816,1887,904,492,149,14,0,10606,902,1346,1368,1244,2017,1738,928,675,330,53,5
2017,04,읍면동,경기도 안성시 양성면,5517,235,328,564,491,692,1151,926,643,419,66,2,2875,116,166,347,289,394,638,490,300,122,13,0,2642,119,162,217,202,298,513,436,343,297,53,2
2017,04,읍면동,경기도 안성시 원곡면,5045,361,392,530,636,754,1021,656,446,210,37,2,2679,185,213,304,350,444,548,351,201,71,11,1,2366,176,179,226,286,310,473,305,245,139,26,1
2017,04,읍면동,경기도 안성시 일죽면,8056,445,571,796,796,999,1569,1411,932,464,71,2,4144,236,290,437,467,571,821,724,418,158,21,1,3912,209,281,359,329,428,748,687,514,306,50,1
2017,04,읍면동,경기도 안성시 죽산면,7357,360,547,801,732,998,1491,1136,839,409,39,5,3858,174,277,462,437,561,809,590,395,143,10,0,3499,186,270,339,295,437,682,546,444,266,29,5
2017,04,시군,경기도 안양시 ,598166,49977,64834,87481,89024,103597,104791,56839,28387,11527,1565,144,297149,25642,33615,45423,45364,50516,51556,28545,12424,3640,386,38,301017,24335,31219,42058,43660,53081,53235,28294,15963,7887,1179,106
2017,04,구,경기도 안양시 동안구 ,343085,30328,41154,49551,50549,62708,58310,29246,14028,6284,860,67,169020,15561,21321,25693,25141,29803,28598,14764,5987,1930,206,16,174065,14767,19833,23858,25408,32905,29712,14482,8041,4354,654,51
2017,04,읍면동,경기도 안양시 동안구 갈산동,11804,884,1578,1763,1314,2104,2110,1149,556,297,42,7,5755,437,824,929,617,963,1042,582,250,96,12,3,6049,447,754,834,697,1141,1068,567,306,201,30,4
2017,04,읍면동,경기도 안양시 동안구 관양1동,39449,3176,3860,6335,5744,6270,7216,3864,2010,861,106,7,19432,1664,1978,3349,2998,3007,3413,1867,851,276,28,1,20017,1512,1882,2986,2746,3263,3803,1997,1159,585,78,6
2017,04,읍면동,경기도 안양시 동안구 관양2동,20227,1683,1824,3037,3495,3441,3454,1835,1021,392,41,4,10238,831,911,1648,1869,1753,1722,904,450,139,11,0,9989,852,913,1389,1626,1688,1732,931,571,253,30,4
2017,04,읍면동,경기도 안양시 동안구 귀인동,17541,1635,3478,2215,1491,4207,2665,1002,563,253,31,1,8652,865,1836,1096,620,1941,1421,529,238,100,6,0,8889,770,1642,1119,871,2266,1244,473,325,153,25,1
2017,04,읍면동,경기도 안양시 동안구 달안동,12150,1201,936,1638,2899,2130,1618,885,533,281,29,0,5649,628,487,761,1450,976,689,400,187,64,7,0,6501,573,449,877,1449,1154,929,485,346,217,22,0
2017,04,읍면동,경기도 안양시 동안구 범계동,16290,1381,2556,2231,2023,3420,2576,1048,664,334,54,3,7876,703,1354,1095,933,1556,1319,507,280,116,13,0,8414,678,1202,1136,1090,1864,1257,541,384,218,41,3
2017,04,읍면동,경기도 안양시 동안구 부림동,25736,2826,2773,3118,5442,5168,3541,1613,858,355,42,0,12443,1444,1420,1483,2681,2481,1679,795,329,121,10,0,13293,1382,1353,1635,2761,2687,1862,818,529,234,32,0
2017,04,읍면동,경기도 안양시 동안구 부흥동,18499,1792,2495,2334,2642,3692,2790,1599,708,387,58,2,8950,926,1320,1190,1268,1754,1309,785,287,95,16,0,9549,866,1175,1144,1374,1938,1481,814,421,292,42,2
2017,04,읍면동,경기도 안양시 동안구 비산1동,25365,2411,3000,3488,3550,4556,4344,2452,1063,417,68,16,12450,1250,1535,1783,1761,2187,2079,1237,475,129,13,1,12915,1161,1465,1705,1789,2369,2265,1215,588,288,55,15
2017,04,읍면동,경기도 안양시 동안구 비산2동,13876,1098,1513,2200,1877,2310,2603,1400,575,237,55,8,6769,547,781,1143,912,1071,1255,712,257,75,14,2,7107,551,732,1057,965,1239,1348,688,318,162,41,6
2017,04,읍면동,경기도 안양시 동안구 비산3동,24829,1724,2575,3978,3392,3944,4733,2511,1243,641,85,3,12397,894,1327,2176,1800,1886,2312,1263,541,175,21,2,12432,830,1248,1802,1592,2058,2421,1248,702,466,64,1
2017,04,읍면동,경기도 안양시 동안구 신촌동,13918,1070,1970,2183,1701,2558,2627,1149,441,195,24,0,6874,523,1032,1131,839,1143,1312,626,207,56,5,0,7044,547,938,1052,862,1415,1315,523,234,139,19,0
2017,04,읍면동,경기도 안양시 동안구 평안동,25309,2917,4158,2874,3644,5871,3271,1407,737,384,42,4,12455,1481,2198,1478,1657,2819,1671,739,277,120,11,4,12854,1436,1960,1396,1987,3052,1600,668,460,264,31,0
2017,04,읍면동,경기도 안양시 동안구 평촌동,16384,1762,2126,2355,2133,3250,2794,1091,588,258,25,2,8123,925,1090,1253,984,1504,1453,561,245,99,8,1,8261,837,1036,1102,1149,1746,1341,530,343,159,17,1
2017,04,읍면동,경기도 안양시 동안구 호계1동,10896,752,985,1592,1704,1801,2089,1196,548,199,27,3,5624,403,517,850,940,945,1089,591,242,43,3,1,5272,349,468,742,764,856,1000,605,306,156,24,2
2017,04,읍면동,경기도 안양시 동안구 호계2동,25578,1955,2653,4212,3807,3946,4957,2580,984,418,61,5,12610,983,1348,2187,1930,1859,2385,1344,438,126,10,0,12968,972,1305,2025,1877,2087,2572,1236,546,292,51,5
2017,04,읍면동,경기도 안양시 동안구 호계3동,25234,2061,2674,3998,3691,4040,4922,2465,936,375,70,2,12723,1057,1363,2141,1882,1958,2448,1322,433,100,18,1,12511,1004,1311,1857,1809,2082,2474,1143,503,275,52,1
2017,04,구,경기도 안양시 만안구 ,255081,19649,23680,37930,38475,40889,46481,27593,14359,5243,705,77,128129,10081,12294,19730,20223,20713,22958,13781,6437,1710,180,22,126952,9568,11386,18200,18252,20176,23523,13812,7922,3533,525,55
2017,04,읍면동,경기도 안양시 만안구 박달1동,16903,1115,1520,2434,2193,2907,3301,1881,1117,379,48,8,8492,550,756,1271,1176,1524,1668,933,480,115,16,3,8411,565,764,1163,1017,1383,1633,948,637,264,32,5
2017,04,읍면동,경기도 안양시 만안구 박달2동,23269,2296,2617,3627,3666,3724,4060,2011,835,388,43,2,11692,1208,1365,1906,1854,1803,2002,1049,375,118,12,0,11577,1088,1252,1721,1812,1921,2058,962,460,270,31,2
2017,04,읍면동,경기도 안양시 만안구 석수1동,20743,1856,1860,2874,3178,3343,3703,2202,1173,469,76,9,10232,955,972,1503,1553,1673,1767,1094,547,149,16,3,10511,901,888,1371,1625,1670,1936,1108,626,320,60,6
2017,04,읍면동,경기도 안양시 만안구 석수2동,33871,2816,3283,4824,4970,5666,6071,3496,1959,686,92,8,17003,1453,1748,2456,2545,2875,3089,1722,872,224,18,1,16868,1363,1535,2368,2425,2791,2982,1774,1087,462,74,7
2017,04,읍면동,경기도 안양시 만안구 석수3동,15220,1364,1778,2164,2049,2668,2769,1369,737,284,36,2,7643,691,940,1189,1018,1343,1398,673,307,77,7,0,7577,673,838,975,1031,1325,1371,696,430,207,29,2
2017,04,읍면동,경기도 안양시 만안구 안양1동,18201,1596,1861,2748,2910,3022,3151,1806,767,291,47,2,9029,802,918,1447,1455,1471,1541,915,357,106,17,0,9172,794,943,1301,1455,1551,1610,891,410,185,30,2
2017,04,읍면동,경기도 안양시 만안구 안양2동,22763,1372,1931,3653,3254,3449,4381,2719,1467,474,56,7,11446,704,1012,1810,1755,1752,2190,1378,668,159,15,3,11317,668,919,1843,1499,1697,2191,1341,799,315,41,4
2017,04,읍면동,경기도 안양시 만안구 안양3동,17687,1140,1599,2723,2529,2759,3354,2154,1034,344,43,8,8849,598,839,1417,1387,1396,1582,1046,465,110,8,1,8838,542,760,1306,1142,1363,1772,1108,569,234,35,7
2017,04,읍면동,경기도 안양시 만안구 안양4동,7342,377,572,1162,1018,1101,1344,912,596,235,25,0,3696,187,298,563,580,597,667,456,247,92,9,0,3646,190,274,599,438,504,677,456,349,143,16,0
2017,04,읍면동,경기도 안양시 만안구 안양5동,13938,758,1168,1992,1895,2150,2645,1755,1096,425,51,3,7000,428,623,1023,1042,1095,1306,861,476,135,10,1,6938,330,545,969,853,1055,1339,894,620,290,41,2
2017,04,읍면동,경기도 안양시 만안구 안양6동,18927,1206,1336,2777,3380,2914,3357,2337,1159,407,44,10,9801,602,665,1487,1890,1566,1701,1179,531,158,18,4,9126,604,671,1290,1490,1348,1656,1158,628,249,26,6
2017,04,읍면동,경기도 안양시 만안구 안양7동,15622,1697,1497,2216,2940,2614,2566,1339,536,167,41,9,7857,868,778,1109,1521,1293,1284,678,260,52,10,4,7765,829,719,1107,1419,1321,1282,661,276,115,31,5
2017,04,읍면동,경기도 안양시 만안구 안양8동,12106,687,971,1934,1891,1821,2296,1464,726,268,46,2,6253,355,511,1067,1100,959,1080,749,346,76,10,0,5853,332,460,867,791,862,1216,715,380,192,36,2
2017,04,읍면동,경기도 안양시 만안구 안양9동,18489,1369,1687,2802,2602,2751,3483,2148,1157,426,57,7,9136,680,869,1482,1347,1366,1683,1048,506,139,14,2,9353,689,818,1320,1255,1385,1800,1100,651,287,43,5
2017,04,시군,경기도 양주시 ,207327,20471,24275,23447,27320,38033,33761,21112,13251,4947,670,40,105174,10396,12472,12528,13799,19700,17806,10462,6049,1792,160,10,102153,10075,11803,10919,13521,18333,15955,10650,7202,3155,510,30
2017,04,읍면동,경기도 양주시 광적면,11861,756,1027,1433,1228,1925,2523,1536,981,403,45,4,6381,376,556,829,705,1057,1419,829,447,151,12,0,5480,380,471,604,523,868,1104,707,534,252,33,4
2017,04,읍면동,경기도 양주시 남면,7547,485,552,930,873,1018,1543,1095,647,340,61,3,4168,259,284,570,516,634,873,618,295,103,14,2,3379,226,268,360,357,384,670,477,352,237,47,1
2017,04,읍면동,경기도 양주시 백석읍,28369,2206,3209,3527,3104,4901,5333,3218,2010,757,98,6,14362,1129,1662,1847,1625,2468,2813,1620,894,279,24,1,14007,1077,1547,1680,1479,2433,2520,1598,1116,478,74,5
2017,04,읍면동,경기도 양주시 양주1동,6198,311,436,709,588,878,1294,1024,645,274,38,1,3231,174,225,364,338,481,688,556,292,106,6,1,2967,137,211,345,250,397,606,468,353,168,32,0
2017,04,읍면동,경기도 양주시 양주2동,53963,7581,7537,4683,8221,11424,6372,4357,2838,828,117,5,26486,3858,3746,2428,3795,5867,3201,1957,1316,297,21,0,27477,3723,3791,2255,4426,5557,3171,2400,1522,531,96,5
2017,04,읍면동,경기도 양주시 은현면,6737,259,470,800,669,920,1556,1084,648,287,41,3,3769,139,241,481,407,565,891,608,316,110,11,0,2968,120,229,319,262,355,665,476,332,177,30,3
2017,04,읍면동,경기도 양주시 장흥면,10155,597,646,1136,1255,1259,1997,1828,972,392,68,5,5171,293,346,628,702,692,980,880,488,140,19,3,4984,304,300,508,553,567,1017,948,484,252,49,2
2017,04,읍면동,경기도 양주시 회천1동,10327,773,990,1577,1319,1686,1916,1097,667,262,32,8,5331,386,491,913,694,851,1042,558,301,86,7,2,4996,387,499,664,625,835,874,539,366,176,25,6
2017,04,읍면동,경기도 양주시 회천2동,28591,2410,3291,3810,3537,5177,5372,2728,1641,560,61,4,14518,1242,1743,1978,1829,2644,2820,1335,717,199,11,0,14073,1168,1548,1832,1708,2533,2552,1393,924,361,50,4
2017,04,읍면동,경기도 양주시 회천3동,29525,3122,4676,3389,3762,6311,4080,1918,1562,633,71,1,14611,1539,2422,1744,1787,3125,2171,896,661,242,23,1,14914,1583,2254,1645,1975,3186,1909,1022,901,391,48,0
2017,04,읍면동,경기도 양주시 회천4동,14054,1971,1441,1453,2764,2534,1775,1227,640,211,38,0,7146,1001,756,746,1401,1316,908,605,322,79,12,0,6908,970,685,707,1363,1218,867,622,318,132,26,0
2017,04,시군,경기도 양평군 ,112408,8306,9930,10731,11900,16497,20586,17249,11498,4952,714,45,56705,4249,5315,5947,6014,8735,10505,8543,5449,1744,194,10,55703,4057,4615,4784,5886,7762,10081,8706,6049,3208,520,35
2017,04,읍면동,경기도 양평군 강상면,8964,900,799,772,1166,1428,1532,1237,762,311,52,5,4481,453,422,420,574,732,763,605,377,120,14,1,4483,447,377,352,592,696,769,632,385,191,38,4
2017,04,읍면동,경기도 양평군 강하면,4460,207,306,368,378,565,915,947,543,194,37,0,2242,111,170,204,204,295,439,450,278,80,11,0,2218,96,136,164,174,270,476,497,265,114,26,0
2017,04,읍면동,경기도 양평군 개군면,4965,286,343,435,440,649,974,870,655,282,30,1,2503,136,178,260,229,361,506,411,326,90,5,1,2462,150,165,175,211,288,468,459,329,192,25,0
2017,04,읍면동,경기도 양평군 단월면,3662,155,230,297,322,441,716,707,550,220,23,1,1868,71,145,160,183,258,342,374,255,76,4,0,1794,84,85,137,139,183,374,333,295,144,19,1
2017,04,읍면동,경기도 양평군 서종면,8738,636,727,648,850,1355,1701,1631,799,322,66,3,4400,322,406,354,416,699,833,828,407,113,21,1,4338,314,321,294,434,656,868,803,392,209,45,2
2017,04,읍면동,경기도 양평군 양동면,4619,182,229,363,340,470,919,991,696,373,50,6,2294,95,128,189,179,272,493,494,311,122,11,0,2325,87,101,174,161,198,426,497,385,251,39,6
2017,04,읍면동,경기도 양평군 양서면,12242,793,1066,1159,1315,1803,2275,1962,1256,532,77,4,6173,372,595,640,664,951,1137,958,637,196,21,2,6069,421,471,519,651,852,1138,1004,619,336,56,2
2017,04,읍면동,경기도 양평군 양평읍,30451,2751,3446,3509,3861,5105,5206,3367,2198,868,129,11,15260,1426,1767,1923,1899,2571,2691,1660,995,285,40,3,15191,1325,1679,1586,1962,2534,2515,1707,1203,583,89,8
2017,04,읍면동,경기도 양평군 옥천면,7402,556,515,739,799,1050,1399,1237,762,304,37,4,3788,286,282,423,407,600,696,599,378,109,8,0,3614,270,233,316,392,450,703,638,384,195,29,4
2017,04,읍면동,경기도 양평군 용문면,16566,1423,1607,1689,1735,2435,2814,2272,1715,772,99,5,8440,751,864,939,874,1303,1474,1134,790,282,27,2,8126,672,743,750,861,1132,1340,1138,925,490,72,3
2017,04,읍면동,경기도 양평군 지평면,6639,284,463,502,449,788,1373,1240,986,488,65,1,3368,163,248,290,244,452,712,641,429,165,24,0,3271,121,215,212,205,336,661,599,557,323,41,1
2017,04,읍면동,경기도 양평군 청운면,3700,133,199,250,245,408,762,788,576,286,49,4,1888,63,110,145,141,241,419,389,266,106,8,0,1812,70,89,105,104,167,343,399,310,180,41,4
2017,04,시군,경기도 여주시 ,111970,8959,11180,12206,13486,17290,19988,14288,9622,4309,600,42,56581,4678,5688,6644,6918,9076,10398,7162,4381,1511,109,16,55389,4281,5492,5562,6568,8214,9590,7126,5241,2798,491,26
2017,04,읍면동,경기도 여주시 가남읍,16101,1390,1537,1713,2297,2456,2749,2022,1277,570,83,7,8269,707,785,932,1233,1317,1443,1032,593,205,19,3,7832,683,752,781,1064,1139,1306,990,684,365,64,4
2017,04,읍면동,경기도 여주시 강천면,3984,166,305,372,318,527,791,701,498,264,39,3,2041,94,163,202,180,294,420,352,241,91,3,1,1943,72,142,170,138,233,371,349,257,173,36,2
2017,04,읍면동,경기도 여주시 금사면,3056,140,197,251,236,349,645,617,402,187,30,2,1560,66,114,140,137,186,347,303,190,72,5,0,1496,74,83,111,99,163,298,314,212,115,25,2
2017,04,읍면동,경기도 여주시 능서면,6643,350,574,620,624,788,1358,1054,805,406,64,0,3435,165,305,365,340,467,721,560,366,128,18,0,3208,185,269,255,284,321,637,494,439,278,46,0
2017,04,읍면동,경기도 여주시 대신면,7725,277,565,688,567,931,1660,1382,1088,503,61,3,3854,147,293,393,323,498,813,693,484,194,14,2,3871,130,272,295,244,433,847,689,604,309,47,1
2017,04,읍면동,경기도 여주시 북내면,5212,219,499,498,362,754,1036,775,676,346,44,3,2656,110,254,277,200,409,564,408,298,126,9,1,2556,109,245,221,162,345,472,367,378,220,35,2
2017,04,읍면동,경기도 여주시 산북면,2579,128,198,221,209,328,490,458,367,156,22,2,1258,54,92,120,102,179,240,233,173,61,3,1,1321,74,106,101,107,149,250,225,194,95,19,1
2017,04,읍면동,경기도 여주시 여흥동,21900,2078,2244,2684,3041,3688,3757,2370,1426,522,80,10,11046,1079,1132,1485,1517,1899,1937,1168,653,163,9,4,10854,999,1112,1199,1524,1789,1820,1202,773,359,71,6
2017,04,읍면동,경기도 여주시 오학동,15079,1910,1583,1689,2588,2653,2336,1259,733,279,43,6,7532,1033,793,892,1242,1353,1190,608,321,92,6,2,7547,877,790,797,1346,1300,1146,651,412,187,37,4
2017,04,읍면동,경기도 여주시 점동면,4873,196,452,488,335,552,966,891,618,329,46,0,2508,108,246,278,186,305,521,451,286,115,12,0,2365,88,206,210,149,247,445,440,332,214,34,0
2017,04,읍면동,경기도 여주시 중앙동,19658,1856,2671,2522,2513,3658,3120,1809,1040,420,46,3,9761,975,1337,1294,1242,1825,1625,855,456,144,6,2,9897,881,1334,1228,1271,1833,1495,954,584,276,40,1
2017,04,읍면동,경기도 여주시 흥천면,5160,249,355,460,396,606,1080,950,692,327,42,3,2661,140,174,266,216,344,577,499,320,120,5,0,2499,109,181,194,180,262,503,451,372,207,37,3
2017,04,시군,경기도 연천군 ,45755,3523,3768,5982,4885,5723,7982,6268,5069,2201,323,31,24052,1814,2010,3853,2665,3169,4283,3138,2216,813,80,11,21703,1709,1758,2129,2220,2554,3699,3130,2853,1388,243,20
2017,04,읍면동,경기도 연천군 군남면,3600,169,230,390,272,391,692,620,557,244,33,2,1895,80,123,258,159,238,370,320,247,90,9,1,1705,89,107,132,113,153,322,300,310,154,24,1
2017,04,읍면동,경기도 연천군 미산면,1751,66,79,174,99,161,383,370,278,121,17,3,919,35,41,109,58,96,206,197,129,43,4,1,832,31,38,65,41,65,177,173,149,78,13,2
2017,04,읍면동,경기도 연천군 백학면,2846,154,205,280,215,314,571,469,449,172,17,0,1507,81,112,186,129,186,301,233,205,68,6,0,1339,73,93,94,86,128,270,236,244,104,11,0
2017,04,읍면동,경기도 연천군 신서면,3084,97,161,426,204,296,563,598,508,200,29,2,1677,48,84,328,124,185,306,282,228,82,9,1,1407,49,77,98,80,111,257,316,280,118,20,1
2017,04,읍면동,경기도 연천군 연천읍,8344,827,578,1439,1055,907,1229,961,905,384,57,2,4516,432,307,988,595,517,683,467,363,150,14,0,3828,395,271,451,460,390,546,494,542,234,43,2
2017,04,읍면동,경기도 연천군 왕징면,1090,41,56,93,59,111,188,246,210,71,13,2,575,28,30,58,37,71,104,120,96,27,3,1,515,13,26,35,22,40,84,126,114,44,10,1
2017,04,읍면동,경기도 연천군 장남면,744,32,39,61,45,89,146,140,133,47,11,1,373,14,25,37,24,50,74,68,65,16,0,0,371,18,14,24,21,39,72,72,68,31,11,1
2017,04,읍면동,경기도 연천군 전곡읍,19885,1941,2157,2568,2534,2960,3302,2135,1449,719,105,15,10243,1008,1136,1500,1308,1541,1741,1096,631,249,27,6,9642,933,1021,1068,1226,1419,1561,1039,818,470,78,9
2017,04,읍면동,경기도 연천군 중면,220,11,14,65,20,14,35,30,17,12,2,0,130,5,6,54,11,7,19,17,7,4,0,0,90,6,8,11,9,7,16,13,10,8,2,0
2017,04,읍면동,경기도 연천군 청산면,4191,185,249,486,382,480,873,699,563,231,39,4,2217,83,146,335,220,278,479,338,245,84,8,1,1974,102,103,151,162,202,394,361,318,147,31,3
2017,04,시군,경기도 오산시 ,210222,27068,24424,26807,40410,39210,27418,13796,7878,2797,381,33,107865,13948,12521,14250,21106,20621,14279,6708,3374,965,86,7,102357,13120,11903,12557,19304,18589,13139,7088,4504,1832,295,26
2017,04,읍면동,경기도 오산시 남촌동,22271,1533,1580,4407,5923,3836,2637,1374,710,232,34,5,12782,799,807,2498,3706,2304,1530,717,339,74,7,1,9489,734,773,1909,2217,1532,1107,657,371,158,27,4
2017,04,읍면동,경기도 오산시 대원동,66648,8917,8208,8603,12553,12734,8449,4024,2273,769,112,6,34088,4586,4348,4557,6388,6587,4442,1929,953,269,29,0,32560,4331,3860,4046,6165,6147,4007,2095,1320,500,83,6
2017,04,읍면동,경기도 오산시 세마동,19550,2980,2261,2158,3585,3708,2558,1343,681,229,41,6,9940,1589,1133,1140,1712,1976,1317,666,316,80,10,1,9610,1391,1128,1018,1873,1732,1241,677,365,149,31,5
2017,04,읍면동,경기도 오산시 신장동,56953,8354,6298,6323,11067,10030,7600,4077,2279,810,108,7,28467,4271,3144,3311,5628,5181,3716,1963,962,271,20,0,28486,4083,3154,3012,5439,4849,3884,2114,1317,539,88,7
2017,04,읍면동,경기도 오산시 중앙동,27770,3050,3788,3483,4182,5569,3929,1945,1258,506,56,4,13960,1533,1932,1810,2118,2812,2099,938,524,180,13,1,13810,1517,1856,1673,2064,2757,1830,1007,734,326,43,3
2017,04,읍면동,경기도 오산시 초평동,17030,2234,2289,1833,3100,3333,2245,1033,677,251,30,5,8628,1170,1157,934,1554,1761,1175,495,280,91,7,4,8402,1064,1132,899,1546,1572,1070,538,397,160,23,1
2017,04,시군,경기도 용인시 ,994592,110677,124862,118391,150375,196089,135532,82483,53537,19604,2888,154,494398,56796,64645,61063,72717,98030,69782,38226,24887,7496,732,24,500194,53881,60217,57328,77658,98059,65750,44257,28650,12108,2156,130
2017,04,구,경기도 용인시 기흥구 ,418177,51291,52538,47759,66645,84469,53236,32501,21128,7439,1124,47,206965,26338,27077,24584,31869,42264,26999,14800,9852,2888,288,6,211212,24953,25461,23175,34776,42205,26237,17701,11276,4551,836,41
2017,04,읍면동,경기도 용인시 기흥구 구갈동,27044,2275,3050,4365,4562,4971,4146,2080,1128,404,60,3,13597,1143,1536,2197,2410,2497,2138,1012,522,130,12,0,13447,1132,1514,2168,2152,2474,2008,1068,606,274,48,3
2017,04,읍면동,경기도 용인시 기흥구 구성동,40750,4917,5076,3764,5884,8537,4873,3873,2789,906,125,6,19740,2514,2586,1933,2683,4262,2361,1673,1308,398,21,1,21010,2403,2490,1831,3201,4275,2512,2200,1481,508,104,5
2017,04,읍면동,경기도 용인시 기흥구 기흥동,22750,2755,2396,2514,3774,4213,3234,2127,1230,438,65,4,11283,1381,1274,1314,1857,2138,1560,1007,584,148,20,0,11467,1374,1122,1200,1917,2075,1674,1120,646,290,45,4
2017,04,읍면동,경기도 용인시 기흥구 동백동,80644,11715,13016,7296,12039,19112,8670,4627,3017,995,148,9,39566,5990,6718,3720,5200,9570,4557,2022,1362,384,41,2,41078,5725,6298,3576,6839,9542,4113,2605,1655,611,107,7
2017,04,읍면동,경기도 용인시 기흥구 마북동,32515,3319,3566,3817,4757,5779,4465,3388,2448,856,115,5,15947,1718,1807,2000,2294,2810,2224,1494,1208,358,34,0,16568,1601,1759,1817,2463,2969,2241,1894,1240,498,81,5
2017,04,읍면동,경기도 용인시 기흥구 보정동,36611,4229,4463,3859,5462,7382,4440,3395,2522,739,119,1,18007,2197,2272,1950,2525,3616,2269,1540,1272,339,27,0,18604,2032,2191,1909,2937,3766,2171,1855,1250,400,92,1
2017,04,읍면동,경기도 용인시 기흥구 상갈동,46626,5205,6100,5148,6986,9625,6034,3836,2685,882,118,7,23489,2731,3191,2620,3480,4910,3129,1756,1285,351,34,2,23137,2474,2909,2528,3506,4715,2905,2080,1400,531,84,5
2017,04,읍면동,경기도 용인시 기흥구 상하동,25354,2818,3278,2973,3637,5125,3633,2075,1290,459,63,3,12389,1441,1677,1548,1725,2486,1821,948,575,156,12,0,12965,1377,1601,1425,1912,2639,1812,1127,715,303,51,3
2017,04,읍면동,경기도 용인시 기흥구 서농동,24132,3807,2150,4439,5375,3674,2680,1198,578,191,39,1,12382,1973,1127,2388,2794,1895,1313,565,256,62,9,0,11750,1834,1023,2051,2581,1779,1367,633,322,129,30,1
2017,04,읍면동,경기도 용인시 기흥구 신갈동,36570,3859,4247,4497,5648,7177,5327,2981,1991,732,106,5,18131,1956,2175,2273,2795,3611,2767,1388,859,281,25,1,18439,1903,2072,2224,2853,3566,2560,1593,1132,451,81,4
2017,04,읍면동,경기도 용인시 기흥구 영덕동,45181,6392,5196,5087,8521,8874,5734,2921,1450,837,166,3,22434,3294,2714,2641,4106,4469,2860,1395,621,281,53,0,22747,3098,2482,2446,4415,4405,2874,1526,829,556,113,3
2017,04,구,경기도 용인시 수지구 ,348457,38701,46087,41030,51394,71332,45195,27974,19292,6445,965,42,170481,19902,23533,20646,23887,34733,23251,12501,9198,2579,245,6,177976,18799,22554,20384,27507,36599,21944,15473,10094,3866,720,36
2017,04,읍면동,경기도 용인시 수지구 동천동,36540,4076,4630,4439,5415,7581,4962,3035,1762,538,97,5,18042,2101,2367,2243,2525,3740,2535,1450,859,207,15,0,18498,1975,2263,2196,2890,3841,2427,1585,903,331,82,5
2017,04,읍면동,경기도 용인시 수지구 상현1동,47872,5490,6496,5641,7221,9781,6047,3798,2443,816,135,4,23300,2826,3310,2789,3298,4752,3137,1650,1190,320,28,0,24572,2664,3186,2852,3923,5029,2910,2148,1253,496,107,4
2017,04,읍면동,경기도 용인시 수지구 상현2동,33204,3587,4625,3585,4346,6833,4333,2976,2163,654,99,3,16131,1885,2333,1792,1958,3292,2224,1312,1049,258,28,0,17073,1702,2292,1793,2388,3541,2109,1664,1114,396,71,3
2017,04,읍면동,경기도 용인시 수지구 성복동,37866,3919,4559,3861,4654,7160,5046,4559,3093,852,154,9,18182,1975,2293,1994,1956,3444,2476,1980,1631,388,43,2,19684,1944,2266,1867,2698,3716,2570,2579,1462,464,111,7
2017,04,읍면동,경기도 용인시 수지구 신봉동,37235,4264,5301,3680,4815,8261,4622,3108,2342,748,90,4,18112,2133,2706,1873,2121,3994,2432,1347,1147,341,18,0,19123,2131,2595,1807,2694,4267,2190,1761,1195,407,72,4
2017,04,읍면동,경기도 용인시 수지구 죽전1동,59282,6870,7936,7336,8988,12108,7590,4197,3026,1061,163,7,28951,3522,4051,3687,4196,5903,3858,1891,1379,415,48,1,30331,3348,3885,3649,4792,6205,3732,2306,1647,646,115,6
2017,04,읍면동,경기도 용인시 수지구 죽전2동,19500,1973,1928,2883,3759,3388,2739,1482,907,395,45,1,9614,1032,1002,1402,1889,1661,1349,696,425,150,8,0,9886,941,926,1481,1870,1727,1390,786,482,245,37,1
2017,04,읍면동,경기도 용인시 수지구 풍덕천1동,37297,3718,4443,5113,6355,7159,5071,2731,1923,680,102,2,18660,1908,2336,2650,3269,3539,2602,1252,832,240,32,0,18637,1810,2107,2463,3086,3620,2469,1479,1091,440,70,2
2017,04,읍면동,경기도 용인시 수지구 풍덕천2동,39661,4804,6169,4492,5841,9061,4785,2088,1633,701,80,7,19489,2520,3135,2216,2675,4408,2638,923,686,260,25,3,20172,2284,3034,2276,3166,4653,2147,1165,947,441,55,4
2017,04,구,경기도 용인시 처인구 ,227958,20685,26237,29602,32336,40288,37101,22008,13117,5720,799,65,116952,10556,14035,15833,16961,21033,19532,10925,5837,2029,199,12,111006,10129,12202,13769,15375,19255,17569,11083,7280,3691,600,53
2017,04,읍면동,경기도 용인시 처인구 남사면,6972,304,539,731,652,1030,1432,1068,748,408,55,5,3701,161,266,410,371,610,819,552,334,162,16,0,3271,143,273,321,281,420,613,516,414,246,39,5
2017,04,읍면동,경기도 용인시 처인구 동부동,14228,1051,1535,1996,1889,2502,2577,1522,793,314,43,6,7241,527,836,1055,1008,1258,1309,774,356,109,9,0,6987,524,699,941,881,1244,1268,748,437,205,34,6
2017,04,읍면동,경기도 용인시 처인구 모현면,26395,2522,2629,3268,3827,4606,4387,2832,1598,635,83,8,13884,1333,1377,1795,2017,2487,2396,1466,751,240,20,2,12511,1189,1252,1473,1810,2119,1991,1366,847,395,63,6
2017,04,읍면동,경기도 용인시 처인구 백암면,8807,349,654,989,807,1193,1797,1407,993,528,82,8,4605,177,356,553,482,678,985,723,431,194,23,3,4202,172,298,436,325,515,812,684,562,334,59,5
2017,04,읍면동,경기도 용인시 처인구 양지면,18690,1524,2634,2255,2552,3046,3135,1890,1052,508,89,5,9978,820,1568,1244,1386,1620,1668,983,496,168,24,1,8712,704,1066,1011,1166,1426,1467,907,556,340,65,4
2017,04,읍면동,경기도 용인시 처인구 역삼동,30565,3330,3532,4612,5221,5392,4378,2269,1287,472,65,7,15354,1669,1826,2431,2681,2655,2214,1096,593,171,17,1,15211,1661,1706,2181,2540,2737,2164,1173,694,301,48,6
2017,04,읍면동,경기도 용인시 처인구 원삼면,7872,436,566,760,773,1135,1550,1317,859,422,49,5,4093,232,288,428,445,648,804,686,400,146,15,1,3779,204,278,332,328,487,746,631,459,276,34,4
2017,04,읍면동,경기도 용인시 처인구 유림동,33070,3661,4678,3965,4910,6826,4704,2304,1434,526,60,2,16709,1801,2486,2060,2483,3433,2519,1105,604,200,18,0,16361,1860,2192,1905,2427,3393,2185,1199,830,326,42,2
2017,04,읍면동,경기도 용인시 처인구 이동면,21453,2161,2152,2228,3012,3709,3738,2306,1367,666,106,8,10899,1087,1145,1249,1552,2004,1949,1093,579,212,28,1,10554,1074,1007,979,1460,1705,1789,1213,788,454,78,7
2017,04,읍면동,경기도 용인시 처인구 중앙동,24848,2009,2688,3991,3538,4326,4126,2321,1246,522,72,9,12537,1028,1412,2062,1853,2232,2070,1132,542,186,17,3,12311,981,1276,1929,1685,2094,2056,1189,704,336,55,6
2017,04,읍면동,경기도 용인시 처인구 포곡읍,35058,3338,4630,4807,5155,6523,5277,2772,1740,719,95,2,17951,1721,2475,2546,2683,3408,2799,1315,751,241,12,0,17107,1617,2155,2261,2472,3115,2478,1457,989,478,83,2
2017,04,시군,경기도 의왕시 ,155599,13948,16330,22018,22168,26427,27813,15280,7634,3425,515,41,77766,7218,8372,11608,11427,13032,13725,7726,3442,1084,122,10,77833,6730,7958,10410,10741,13395,14088,7554,4192,2341,393,31
2017,04,읍면동,경기도 의왕시 고천동,12439,988,1143,1619,1816,1855,2297,1615,733,326,45,2,6283,506,591,866,962,944,1101,841,363,96,12,1,6156,482,552,753,854,911,1196,774,370,230,33,1
2017,04,읍면동,경기도 의왕시 내손1동,22543,1937,2633,3547,2877,3924,4363,1909,867,418,59,9,11069,992,1360,1825,1389,1840,2165,972,378,135,12,1,11474,945,1273,1722,1488,2084,2198,937,489,283,47,8
2017,04,읍면동,경기도 의왕시 내손2동,33056,3204,3179,5069,4968,5556,5884,2979,1387,707,117,6,16419,1640,1690,2660,2502,2694,2918,1517,573,203,21,1,16637,1564,1489,2409,2466,2862,2966,1462,814,504,96,5
2017,04,읍면동,경기도 의왕시 부곡동,26380,2091,2622,3744,3729,4344,4588,2630,1732,801,90,9,13486,1098,1303,2028,2108,2230,2333,1309,769,277,28,3,12894,993,1319,1716,1621,2114,2255,1321,963,524,62,6
2017,04,읍면동,경기도 의왕시 오전동,39764,3581,4646,5313,5469,7015,7144,4043,1752,669,126,6,19844,1866,2379,2801,2745,3429,3499,2070,825,203,25,2,19920,1715,2267,2512,2724,3586,3645,1973,927,466,101,4
2017,04,읍면동,경기도 의왕시 청계동,21417,2147,2107,2726,3309,3733,3537,2104,1163,504,78,9,10665,1116,1049,1428,1721,1895,1709,1017,534,170,24,2,10752,1031,1058,1298,1588,1838,1828,1087,629,334,54,7
2017,04,시군,경기도 의정부시 ,438321,36799,47527,59264,60015,77569,74909,43421,27228,10138,1267,184,216387,18918,24479,30305,30464,38363,37485,20571,11892,3547,324,39,221934,17881,23048,28959,29551,39206,37424,22850,15336,6591,943,145
2017,04,읍면동,경기도 의정부시 가능1동,24846,1493,2341,3531,3113,4096,4902,2847,1777,667,68,11,12504,775,1193,1872,1693,2088,2472,1360,787,249,14,1,12342,718,1148,1659,1420,2008,2430,1487,990,418,54,10
2017,04,읍면동,경기도 의정부시 녹양동,23422,2193,2662,3162,3216,4181,4008,2142,1286,509,60,3,11706,1181,1400,1643,1643,2065,1986,1027,570,172,19,0,11716,1012,1262,1519,1573,2116,2022,1115,716,337,41,3
2017,04,읍면동,경기도 의정부시 송산1동,33774,2792,3925,4535,4351,6152,5968,3186,1912,823,119,11,16789,1391,2045,2416,2243,3009,3048,1542,804,263,28,0,16985,1401,1880,2119,2108,3143,2920,1644,1108,560,91,11
2017,04,읍면동,경기도 의정부시 송산2동,57759,6915,7734,6766,8621,11681,8175,4071,2619,1042,132,3,28201,3517,3895,3438,4118,5702,4171,1870,1099,366,23,2,29558,3398,3839,3328,4503,5979,4004,2201,1520,676,109,1
2017,04,읍면동,경기도 의정부시 신곡1동,44251,3546,5053,6203,5733,7920,7911,4304,2541,933,97,10,21855,1844,2562,3232,2931,3755,3964,2111,1106,319,29,2,22396,1702,2491,2971,2802,4165,3947,2193,1435,614,68,8
2017,04,읍면동,경기도 의정부시 신곡2동,47261,4055,6248,6756,5700,8742,8262,3998,2386,973,133,8,22931,2081,3261,3408,2753,4062,4086,1924,1004,310,41,1,24330,1974,2987,3348,2947,4680,4176,2074,1382,663,92,7
2017,04,읍면동,경기도 의정부시 의정부1동,20555,1003,1395,3209,2948,3248,4097,2534,1455,554,85,27,10630,530,682,1622,1676,1790,2155,1280,662,203,25,5,9925,473,713,1587,1272,1458,1942,1254,793,351,60,22
2017,04,읍면동,경기도 의정부시 의정부2동,28253,1789,2379,4577,4318,4754,4955,2861,1888,647,77,8,14023,929,1255,2265,2306,2395,2467,1317,820,235,31,3,14230,860,1124,2312,2012,2359,2488,1544,1068,412,46,5
2017,04,읍면동,경기도 의정부시 의정부3동,12745,599,886,2047,1788,1982,2467,1554,972,389,41,20,6426,317,474,1022,941,1099,1294,738,389,138,10,4,6319,282,412,1025,847,883,1173,816,583,251,31,16
2017,04,읍면동,경기도 의정부시 자금동,30253,2739,3408,3970,4035,5460,5209,2799,1812,705,97,19,14851,1390,1792,2000,2008,2642,2612,1353,777,245,22,10,15402,1349,1616,1970,2027,2818,2597,1446,1035,460,75,9
2017,04,읍면동,경기도 의정부시 장암동,20750,1856,2233,2405,2830,3624,3387,2273,1466,598,68,10,9969,933,1147,1250,1382,1793,1642,1023,613,175,10,1,10781,923,1086,1155,1448,1831,1745,1250,853,423,58,9
2017,04,읍면동,경기도 의정부시 호원1동,35549,2945,2964,4488,5538,5687,5550,4558,2844,848,107,20,17443,1568,1501,2170,2824,2919,2621,2129,1351,329,26,5,18106,1377,1463,2318,2714,2768,2929,2429,1493,519,81,15
2017,04,읍면동,경기도 의정부시 호원2동,37349,3403,4113,4665,5079,6451,6003,3924,2716,889,99,7,18251,1727,2104,2403,2478,3174,2930,1808,1246,355,24,2,19098,1676,2009,2262,2601,3277,3073,2116,1470,534,75,5
2017,04,읍면동,경기도 의정부시 흥선동,21554,1471,2186,2950,2745,3591,4015,2370,1554,561,84,27,10808,735,1168,1564,1468,1870,2037,1089,664,188,22,3,10746,736,1018,1386,1277,1721,1978,1281,890,373,62,24
2017,04,시군,경기도 이천시 ,211066,21939,24251,26912,31774,35301,33223,19376,12085,5413,744,48,107485,11303,12639,14233,16494,18166,17423,9785,5400,1841,190,11,103581,10636,11612,12679,15280,17135,15800,9591,6685,3572,554,37
2017,04,읍면동,경기도 이천시 관고동,10592,766,1060,1585,1520,1685,1986,1116,601,239,32,2,5308,419,505,813,815,834,1019,568,252,73,9,1,5284,347,555,772,705,851,967,548,349,166,23,1
2017,04,읍면동,경기도 이천시 대월면,14019,1563,1398,2053,2494,2103,1928,1260,834,322,58,6,6976,807,704,972,1238,1113,1031,632,356,108,13,2,7043,756,694,1081,1256,990,897,628,478,214,45,4
2017,04,읍면동,경기도 이천시 마장면,10444,1030,971,1405,1563,1511,1605,1167,775,353,60,4,5623,538,515,828,884,876,877,612,355,121,17,0,4821,492,456,577,679,635,728,555,420,232,43,4
2017,04,읍면동,경기도 이천시 모가면,4675,211,321,485,433,572,1019,747,571,270,45,1,2497,117,192,286,258,322,565,386,262,98,11,0,2178,94,129,199,175,250,454,361,309,172,34,1
2017,04,읍면동,경기도 이천시 백사면,10471,786,979,1311,1199,1614,1990,1259,851,422,56,4,5348,409,527,677,654,826,1051,646,393,147,18,0,5123,377,452,634,545,788,939,613,458,275,38,4
2017,04,읍면동,경기도 이천시 부발읍,37871,4979,4965,4643,6774,6890,4884,2573,1459,617,83,4,19307,2530,2574,2364,3410,3588,2653,1306,654,212,16,0,18564,2449,2391,2279,3364,3302,2231,1267,805,405,67,4
2017,04,읍면동,경기도 이천시 설성면,5174,261,334,521,464,612,1038,889,676,339,38,2,2706,120,161,306,269,377,567,464,306,126,9,1,2468,141,173,215,195,235,471,425,370,213,29,1
2017,04,읍면동,경기도 이천시 신둔면,11583,899,1066,1379,1439,1836,2298,1397,834,364,67,4,6075,483,563,728,781,1001,1237,742,399,125,15,1,5508,416,503,651,658,835,1061,655,435,239,52,3
2017,04,읍면동,경기도 이천시 율면,2906,94,170,247,203,305,554,552,452,290,37,2,1460,52,77,146,121,181,297,269,209,98,9,1,1446,42,93,101,82,124,257,283,243,192,28,1
2017,04,읍면동,경기도 이천시 장호원읍,15770,1331,1690,1713,1893,2320,2736,1966,1338,693,81,9,7981,693,876,964,978,1218,1398,971,610,239,30,4,7789,638,814,749,915,1102,1338,995,728,454,51,5
2017,04,읍면동,경기도 이천시 중리동,14430,1233,1137,2315,2458,2116,2484,1479,831,323,52,2,7799,655,610,1381,1496,1116,1272,740,399,117,13,0,6631,578,527,934,962,1000,1212,739,432,206,39,2
2017,04,읍면동,경기도 이천시 증포동,48643,6975,7816,5622,7989,9882,6238,2240,1263,554,61,3,24186,3563,4122,2867,3781,4771,3296,1103,500,167,15,1,24457,3412,3694,2755,4208,5111,2942,1137,763,387,46,2
2017,04,읍면동,경기도 이천시 창전동,18632,1364,1955,2969,2617,2999,3363,1915,1049,364,33,4,9170,685,1017,1548,1390,1433,1567,945,450,129,6,0,9462,679,938,1421,1227,1566,1796,970,599,235,27,4
2017,04,읍면동,경기도 이천시 호법면,5856,447,389,664,728,856,1100,816,551,263,41,1,3049,232,196,353,419,510,593,401,255,81,9,0,2807,215,193,311,309,346,507,415,296,182,32,1
2017,04,시군,경기도 파주시 ,431712,47534,48555,52784,67362,77238,63294,37245,25657,10429,1449,165,219062,24241,25153,27580,35467,40113,33182,18000,11119,3786,372,49,212650,23293,23402,25204,31895,37125,30112,19245,14538,6643,1077,116
2017,04,읍면동,경기도 파주시 광탄면,12314,590,884,1552,1211,1653,2681,1788,1222,621,98,14,6615,315,466,911,717,943,1518,966,550,204,21,4,5699,275,418,641,494,710,1163,822,672,417,77,10
2017,04,읍면동,경기도 파주시 교하동,42594,5186,5910,4313,6470,9061,5708,3119,1886,822,107,12,21524,2664,3117,2285,3111,4637,3077,1513,822,274,22,2,21070,2522,2793,2028,3359,4424,2631,1606,1064,548,85,10
2017,04,읍면동,경기도 파주시 금촌1동,23398,1596,1954,3497,3482,3701,4257,2510,1629,664,98,10,12258,802,1050,1920,1976,2024,2283,1248,692,234,25,4,11140,794,904,1577,1506,1677,1974,1262,937,430,73,6
2017,04,읍면동,경기도 파주시 금촌2동,35736,4777,4889,4181,6126,6882,4503,2180,1541,566,83,8,17583,2462,2532,2002,3123,3383,2274,976,613,198,19,1,18153,2315,2357,2179,3003,3499,2229,1204,928,368,64,7
2017,04,읍면동,경기도 파주시 금촌3동,28966,3219,3318,3911,4663,4871,4316,2398,1578,615,75,2,14820,1623,1772,2032,2521,2491,2260,1173,696,227,25,0,14146,1596,1546,1879,2142,2380,2056,1225,882,388,50,2
2017,04,읍면동,경기도 파주시 문산읍,50712,6267,4860,6364,9258,7720,6847,4305,3430,1453,187,21,25847,3166,2549,3286,5111,4150,3485,2031,1443,563,54,9,24865,3101,2311,3078,4147,3570,3362,2274,1987,890,133,12
2017,04,읍면동,경기도 파주시 법원읍,11872,594,1035,1384,1167,1734,2393,1687,1259,535,76,8,6239,309,579,788,678,976,1293,854,553,184,23,2,5633,285,456,596,489,758,1100,833,706,351,53,6
2017,04,읍면동,경기도 파주시 운정1동,44778,6365,5822,4730,7607,9069,5758,2963,1758,624,76,6,21959,3242,2895,2330,3600,4554,2898,1430,772,220,17,1,22819,3123,2927,2400,4007,4515,2860,1533,986,404,59,5
2017,04,읍면동,경기도 파주시 운정2동,38433,5507,5469,3596,6346,8082,4550,2493,1713,600,74,3,18720,2801,2785,1769,3010,4021,2251,1106,723,235,18,1,19713,2706,2684,1827,3336,4061,2299,1387,990,365,56,2
2017,04,읍면동,경기도 파주시 운정3동,58991,8284,7506,6021,10076,12080,7578,3944,2477,905,116,4,28794,4234,3792,2989,4760,6089,3747,1776,1058,326,23,0,30197,4050,3714,3032,5316,5991,3831,2168,1419,579,93,4
2017,04,읍면동,경기도 파주시 월롱면,12239,297,376,4674,2613,1109,1392,931,556,253,34,4,7495,155,205,2537,2215,711,824,512,248,83,3,2,4744,142,171,2137,398,398,568,419,308,170,31,2
2017,04,읍면동,경기도 파주시 장단출장소,610,39,43,73,57,83,114,84,91,24,2,0,306,16,22,31,36,52,61,35,42,10,1,0,304,23,21,42,21,31,53,49,49,14,1,0
2017,04,읍면동,경기도 파주시 적성면,7920,697,657,923,994,992,1401,1039,849,323,45,0,4137,355,363,522,545,560,756,517,387,123,9,0,3783,342,294,401,449,432,645,522,462,200,36,0
2017,04,읍면동,경기도 파주시 조리읍,31239,2265,3468,3856,3525,5270,5891,3580,2305,921,146,12,15761,1117,1750,2069,1859,2638,3126,1769,1043,342,44,4,15478,1148,1718,1787,1666,2632,2765,1811,1262,579,102,8
2017,04,읍면동,경기도 파주시 진동면,171,8,8,3,10,24,30,39,34,13,2,0,93,2,4,2,6,12,19,20,21,6,1,0,78,6,4,1,4,12,11,19,13,7,1,0
2017,04,읍면동,경기도 파주시 탄현면,14031,998,1202,1649,1885,2522,2380,1595,1173,538,85,4,7547,535,645,914,1109,1433,1343,796,544,204,24,0,6484,463,557,735,776,1089,1037,799,629,334,61,4
2017,04,읍면동,경기도 파주시 파주읍,13625,696,890,1619,1599,1929,2613,1935,1524,685,88,47,7258,365,486,938,945,1161,1476,952,629,259,31,16,6367,331,404,681,654,768,1137,983,895,426,57,31
2017,04,읍면동,경기도 파주시 파평면,4083,149,264,438,273,456,882,655,632,267,57,10,2106,78,141,255,145,278,491,326,283,94,12,3,1977,71,123,183,128,178,391,329,349,173,45,7
2017,04,시군,경기도 평택시 ,475157,47974,53795,61588,73563,85882,74321,40212,25552,10681,1379,210,242977,24566,27966,33226,38911,44881,38970,19396,10977,3633,387,64,232180,23408,25829,28362,34652,41001,35351,20816,14575,7048,992,146
2017,04,읍면동,경기도 평택시 고덕면,11400,1159,1069,1452,1622,1844,1883,1187,791,342,46,5,5943,587,575,829,853,1003,1021,608,350,107,9,1,5457,572,494,623,769,841,862,579,441,235,37,4
2017,04,읍면동,경기도 평택시 비전1동,48541,5952,6109,6326,9100,9319,6551,2896,1556,643,80,9,24591,3075,3170,3230,4742,4704,3379,1393,669,206,21,2,23950,2877,2939,3096,4358,4615,3172,1503,887,437,59,7
2017,04,읍면동,경기도 평택시 비전2동,59866,6920,8150,8071,9411,11557,8745,3818,2202,870,108,14,30071,3598,4254,4217,4677,5663,4513,1839,955,331,22,2,29795,3322,3896,3854,4734,5894,4232,1979,1247,539,86,12
2017,04,읍면동,경기도 평택시 서정동,30307,2300,3283,4487,4258,5409,5247,2741,1813,674,77,18,15207,1202,1719,2382,2275,2715,2630,1237,784,227,28,8,15100,1098,1564,2105,1983,2694,2617,1504,1029,447,49,10
2017,04,읍면동,경기도 평택시 서탄면,4099,209,274,436,488,549,814,635,461,213,19,1,2224,102,160,238,304,337,475,328,204,73,3,0,1875,107,114,198,184,212,339,307,257,140,16,1
2017,04,읍면동,경기도 평택시 세교동,22062,1902,2897,3272,2703,4160,3839,1715,1083,428,59,4,11156,975,1507,1774,1413,2023,2009,836,444,153,21,1,10906,927,1390,1498,1290,2137,1830,879,639,275,38,3
2017,04,읍면동,경기도 평택시 송북동,23156,2132,2609,3179,3240,4077,4041,2017,1237,536,80,8,11476,1060,1377,1637,1610,2066,2059,962,499,177,25,4,11680,1072,1232,1542,1630,2011,1982,1055,738,359,55,4
2017,04,읍면동,경기도 평택시 송탄동,15669,2006,1782,1806,2544,3017,2472,1082,626,289,39,6,8158,1028,923,962,1288,1646,1349,563,297,91,9,2,7511,978,859,844,1256,1371,1123,519,329,198,30,4
2017,04,읍면동,경기도 평택시 신장1동,6630,638,508,818,1119,1072,1046,707,490,193,30,9,3177,319,265,410,588,583,480,280,172,68,7,5,3453,319,243,408,531,489,566,427,318,125,23,4
2017,04,읍면동,경기도 평택시 신장2동,6498,289,470,777,729,990,1249,925,725,284,43,17,3193,145,237,426,388,561,630,408,285,95,11,7,3305,144,233,351,341,429,619,517,440,189,32,10
2017,04,읍면동,경기도 평택시 신평동,24545,1604,2500,3933,3431,4199,4393,2382,1484,552,57,10,12241,808,1323,2049,1854,2016,2200,1139,635,201,13,3,12304,796,1177,1884,1577,2183,2193,1243,849,351,44,7
2017,04,읍면동,경기도 평택시 안중읍,41792,4954,6379,4700,6279,8753,5411,2702,1751,739,114,10,21169,2438,3256,2541,3167,4497,2968,1304,726,240,31,1,20623,2516,3123,2159,3112,4256,2443,1398,1025,499,83,9
2017,04,읍면동,경기도 평택시 오성면,7198,455,640,808,738,1034,1421,950,737,366,46,3,3748,225,331,455,420,584,780,480,325,120,28,0,3450,230,309,353,318,450,641,470,412,246,18,3
2017,04,읍면동,경기도 평택시 원평동,12427,1001,1005,1847,1955,1952,2129,1307,850,322,45,14,6357,504,535,996,1081,1015,1111,598,395,107,10,5,6070,497,470,851,874,937,1018,709,455,215,35,9
2017,04,읍면동,경기도 평택시 중앙동,46069,4485,6370,6401,6219,8974,7314,3321,2037,829,105,14,23114,2292,3252,3478,3150,4433,3760,1612,833,268,31,5,22955,2193,3118,2923,3069,4541,3554,1709,1204,561,74,9
2017,04,읍면동,경기도 평택시 지산동,11396,925,1080,1861,2094,2000,1605,980,611,213,23,4,5863,475,549,1007,1175,1047,818,464,252,72,3,1,5533,450,531,854,919,953,787,516,359,141,20,3
2017,04,읍면동,경기도 평택시 진위면,12521,878,1052,1720,1784,1988,2219,1492,951,392,39,6,6627,450,541,963,1026,1100,1207,753,453,127,6,1,5894,428,511,757,758,888,1012,739,498,265,33,5
2017,04,읍면동,경기도 평택시 청북읍,25453,4809,2370,2134,6162,4024,2657,1730,985,495,82,5,13368,2530,1203,1179,3147,2371,1417,866,479,153,23,0,12085,2279,1167,955,3015,1653,1240,864,506,342,59,5
2017,04,읍면동,경기도 평택시 통복동,4402,188,360,542,436,732,895,675,413,139,20,2,2236,92,194,308,248,380,448,329,185,48,4,0,2166,96,166,234,188,352,447,346,228,91,16,2
2017,04,읍면동,경기도 평택시 팽성읍,28994,1963,2168,3184,3586,4631,5488,3799,2769,1213,151,42,14761,994,1137,1809,1999,2584,2833,1749,1142,450,48,16,14233,969,1031,1375,1587,2047,2655,2050,1627,763,103,26
2017,04,읍면동,경기도 평택시 포승읍,26130,2962,2296,3250,5120,4823,3750,2076,1214,566,66,7,15140,1547,1243,1991,3179,3066,2235,1104,560,195,20,0,10990,1415,1053,1259,1941,1757,1515,972,654,371,46,7
2017,04,읍면동,경기도 평택시 현덕면,6002,243,424,584,545,778,1152,1075,766,383,50,2,3157,120,215,345,327,487,648,544,333,124,14,0,2845,123,209,239,218,291,504,531,433,259,36,2
2017,04,시군,경기도 포천시 ,153903,11400,15662,18720,17149,24678,30397,18319,11826,4980,717,55,80885,5918,8233,10473,9292,13335,16837,9666,5166,1749,198,18,73018,5482,7429,8247,7857,11343,13560,8653,6660,3231,519,37
2017,04,읍면동,경기도 포천시 가산면,8210,307,600,896,731,1299,2076,1208,691,350,51,1,4721,154,317,521,462,792,1302,720,325,118,10,0,3489,153,283,375,269,507,774,488,366,232,41,1
2017,04,읍면동,경기도 포천시 관인면,3109,106,192,301,187,342,663,576,520,191,28,3,1608,46,91,175,113,197,363,295,245,72,8,3,1501,60,101,126,74,145,300,281,275,119,20,0
2017,04,읍면동,경기도 포천시 군내면,6494,311,481,709,593,868,1502,1022,658,305,44,1,3551,162,265,409,366,492,871,576,291,109,10,0,2943,149,216,300,227,376,631,446,367,196,34,1
2017,04,읍면동,경기도 포천시 내촌면,5138,190,325,590,429,754,1273,780,535,236,25,1,2924,93,181,359,270,473,763,449,236,91,9,0,2214,97,144,231,159,281,510,331,299,145,16,1
2017,04,읍면동,경기도 포천시 선단동,14615,946,1461,1922,1692,2686,3123,1585,802,354,41,3,7793,538,744,1041,938,1470,1750,849,346,112,4,1,6822,408,717,881,754,1216,1373,736,456,242,37,2
2017,04,읍면동,경기도 포천시 소흘읍,46807,4074,6131,6054,5521,8801,8717,4089,2297,976,140,7,23859,2059,3208,3197,2768,4426,4739,2098,1000,325,38,1,22948,2015,2923,2857,2753,4375,3978,1991,1297,651,102,6
2017,04,읍면동,경기도 포천시 신북면,13376,1031,1274,1614,1566,2013,2692,1714,981,418,68,5,7167,555,655,906,856,1148,1525,913,449,140,19,1,6209,476,619,708,710,865,1167,801,532,278,49,4
2017,04,읍면동,경기도 포천시 영북면,9309,810,613,1130,1155,1103,1637,1244,1080,445,79,13,4873,407,331,692,643,659,857,633,457,164,26,4,4436,403,282,438,512,444,780,611,623,281,53,9
2017,04,읍면동,경기도 포천시 영중면,5413,273,428,520,423,725,1184,906,699,219,33,3,2914,143,224,296,240,444,681,491,301,81,12,1,2499,130,204,224,183,281,503,415,398,138,21,2
2017,04,읍면동,경기도 포천시 이동면,6551,653,502,809,908,764,1063,879,663,271,37,2,3499,332,271,540,518,440,576,429,284,95,14,0,3052,321,231,269,390,324,487,450,379,176,23,2
2017,04,읍면동,경기도 포천시 일동면,10538,850,974,1115,1220,1446,1843,1507,1045,463,70,5,5475,456,525,639,680,805,975,765,438,168,21,3,5063,394,449,476,540,641,868,742,607,295,49,2
2017,04,읍면동,경기도 포천시 창수면,2358,72,155,209,166,284,517,440,376,124,13,2,1310,42,95,129,105,176,292,237,172,56,6,0,1048,30,60,80,61,108,225,203,204,68,7,2
2017,04,읍면동,경기도 포천시 포천동,19236,1579,2349,2573,2217,3280,3570,1938,1174,472,75,9,9732,831,1241,1403,1138,1637,1850,959,493,159,17,4,9504,748,1108,1170,1079,1643,1720,979,681,313,58,5
2017,04,읍면동,경기도 포천시 화현면,2749,198,177,278,341,313,537,431,305,156,13,0,1459,100,85,166,195,176,293,252,129,59,4,0,1290,98,92,112,146,137,244,179,176,97,9,0
2017,04,시군,경기도 하남시 ,219326,24568,20192,26051,37945,37025,34882,23356,10693,3834,688,92,110551,12601,10383,13531,19150,19418,17295,11653,5156,1183,156,25,108775,11967,9809,12520,18795,17607,17587,11703,5537,2651,532,67
2017,04,읍면동,경기도 하남시 감북동,3984,180,260,489,509,587,895,590,329,125,15,5,2219,98,150,280,302,352,504,318,163,46,5,1,1765,82,110,209,207,235,391,272,166,79,10,4
2017,04,읍면동,경기도 하남시 덕풍1동,17650,1282,1603,2479,2676,2782,3253,2161,1029,323,55,7,8898,658,850,1286,1452,1404,1553,1074,504,102,14,1,8752,624,753,1193,1224,1378,1700,1087,525,221,41,6
2017,04,읍면동,경기도 하남시 덕풍2동,20598,1342,1774,2939,3011,3160,3951,2636,1237,454,84,10,10342,699,918,1544,1633,1583,1979,1281,568,116,18,3,10256,643,856,1395,1378,1577,1972,1355,669,338,66,7
2017,04,읍면동,경기도 하남시 덕풍3동,27169,2629,3066,3295,3871,4927,4532,2885,1360,508,87,9,13519,1346,1609,1726,1934,2475,2204,1413,640,154,17,1,13650,1283,1457,1569,1937,2452,2328,1472,720,354,70,8
2017,04,읍면동,경기도 하남시 미사1동,21432,3658,2023,1995,4563,3948,2459,1797,694,250,43,2,10720,1900,1016,1024,2183,2135,1157,878,343,72,11,1,10712,1758,1007,971,2380,1813,1302,919,351,178,32,1
2017,04,읍면동,경기도 하남시 미사2동,38291,6818,3479,3313,8476,7181,4306,2948,1241,447,80,2,19072,3515,1777,1679,3963,3886,2100,1449,590,98,14,1,19219,3303,1702,1634,4513,3295,2206,1499,651,349,66,1
2017,04,읍면동,경기도 하남시 신장1동,6737,379,535,1045,1074,1019,1298,821,396,143,21,6,3486,188,290,564,639,534,646,410,163,45,5,2,3251,191,245,481,435,485,652,411,233,98,16,4
2017,04,읍면동,경기도 하남시 신장2동,43414,3976,4391,5320,6778,7015,7238,5182,2528,836,140,10,21567,2007,2262,2756,3420,3526,3485,2518,1249,304,39,1,21847,1969,2129,2564,3358,3489,3753,2664,1279,532,101,9
2017,04,읍면동,경기도 하남시 위례동,16287,2197,1396,2411,3218,2758,2564,1226,374,112,30,1,8025,1111,655,1198,1525,1401,1261,638,197,32,6,1,8262,1086,741,1213,1693,1357,1303,588,177,80,24,0
2017,04,읍면동,경기도 하남시 천현동,8061,512,533,1010,1170,1163,1583,1255,565,224,36,10,4348,247,280,540,700,696,849,672,279,77,6,2,3713,265,253,470,470,467,734,583,286,147,30,8
2017,04,읍면동,경기도 하남시 초이동,3841,196,254,445,469,613,853,556,318,119,17,1,2212,117,123,250,296,387,520,316,155,45,2,1,1629,79,131,195,173,226,333,240,163,74,15,0
2017,04,읍면동,경기도 하남시 춘궁동,3925,172,243,440,487,586,837,636,353,140,24,7,2219,92,144,246,304,363,488,347,171,56,7,1,1706,80,99,194,183,223,349,289,182,84,17,6
2017,04,읍면동,경기도 하남시 풍산동,7937,1227,635,870,1643,1286,1113,663,269,153,56,22,3924,623,309,438,799,676,549,339,134,36,12,9,4013,604,326,432,844,610,564,324,135,117,44,13
2017,04,시군,경기도 화성시 ,658730,92461,78411,73719,125552,124434,82622,44822,24775,10468,1381,85,340431,47288,40232,38881,64638,67182,44810,22422,11127,3505,318,28,318299,45173,38179,34838,60914,57252,37812,22400,13648,6963,1063,57
2017,04,읍면동,경기도 화성시 기배동,14627,1947,2155,1461,2308,3013,1905,1085,545,180,27,1,7446,1011,1155,727,1119,1575,992,551,250,61,5,0,7181,936,1000,734,1189,1438,913,534,295,119,22,1
2017,04,읍면동,경기도 화성시 남양읍,30159,3317,2965,3564,5278,5018,4813,2786,1589,719,108,2,16209,1723,1540,2015,2951,2859,2656,1465,718,262,20,0,13950,1594,1425,1549,2327,2159,2157,1321,871,457,88,2
2017,04,읍면동,경기도 화성시 동탄1동,53805,8510,7763,6662,11366,11444,5032,1809,867,312,38,2,27223,4361,4005,3261,5560,5854,2809,861,399,106,7,0,26582,4149,3758,3401,5806,5590,2223,948,468,206,31,2
2017,04,읍면동,경기도 화성시 동탄2동,37865,6135,6405,3495,6257,8889,3943,1561,835,300,44,1,18690,3106,3263,1808,2758,4481,2108,723,339,94,10,0,19175,3029,3142,1687,3499,4408,1835,838,496,206,34,1
2017,04,읍면동,경기도 화성시 동탄3동,43966,8283,5698,4441,10562,8638,3258,1781,947,315,41,2,21944,4207,2933,2140,5223,4504,1679,733,413,103,9,0,22022,4076,2765,2301,5339,4134,1579,1048,534,212,32,2
2017,04,읍면동,경기도 화성시 동탄4동,77927,15764,9387,7233,18981,15388,6581,2895,1195,440,61,2,38861,8088,4699,3461,9015,8121,3469,1337,516,140,15,0,39066,7676,4688,3772,9966,7267,3112,1558,679,300,46,2
2017,04,읍면동,경기도 화성시 동탄면,10180,1798,693,1154,2994,1412,1036,636,289,141,26,1,5369,934,374,559,1640,803,539,330,140,46,4,0,4811,864,319,595,1354,609,497,306,149,95,22,1
2017,04,읍면동,경기도 화성시 마도면,6675,365,462,731,774,990,1404,960,658,289,38,4,3812,204,250,447,494,628,835,510,330,108,5,1,2863,161,212,284,280,362,569,450,328,181,33,3
2017,04,읍면동,경기도 화성시 매송면,8202,581,668,1020,952,1264,1587,1082,721,293,32,2,4302,294,352,573,524,713,868,550,317,101,9,1,3900,287,316,447,428,551,719,532,404,192,23,1
2017,04,읍면동,경기도 화성시 반월동,30635,5355,3631,3765,6575,5392,3649,1459,535,238,35,1,15553,2739,1854,1938,3275,2781,1875,753,256,72,9,1,15082,2616,1777,1827,3300,2611,1774,706,279,166,26,0
2017,04,읍면동,경기도 화성시 병점1동,29206,3844,3719,3926,5534,5498,3534,1858,945,311,37,0,14663,1968,1896,2013,2798,2764,1842,881,399,92,10,0,14543,1876,1823,1913,2736,2734,1692,977,546,219,27,0
2017,04,읍면동,경기도 화성시 병점2동,26465,3783,4502,2580,4497,5905,2720,1348,783,312,35,0,12935,1920,2259,1260,2126,2957,1421,590,289,106,7,0,13530,1863,2243,1320,2371,2948,1299,758,494,206,28,0
2017,04,읍면동,경기도 화성시 봉담읍,73009,9789,9581,7970,12088,14574,9938,5191,2710,996,164,8,36921,4866,4882,4209,5932,7673,5213,2569,1235,305,33,4,36088,4923,4699,3761,6156,6901,4725,2622,1475,691,131,4
2017,04,읍면동,경기도 화성시 비봉면,5865,277,391,601,589,772,1304,933,610,344,43,1,3242,142,204,366,375,464,755,536,273,118,8,1,2623,135,187,235,214,308,549,397,337,226,35,0
2017,04,읍면동,경기도 화성시 서신면,7027,241,360,608,599,910,1676,1301,826,436,62,8,3865,127,193,371,371,582,947,693,382,174,22,3,3162,114,167,237,228,328,729,608,444,262,40,5
2017,04,읍면동,경기도 화성시 송산면,11257,638,900,1137,1070,1625,2248,1718,1204,619,89,9,5990,336,470,672,616,968,1248,871,565,221,23,0,5267,302,430,465,454,657,1000,847,639,398,66,9
2017,04,읍면동,경기도 화성시 양감면,4195,155,223,449,437,570,1017,688,414,221,19,2,2467,82,120,271,299,392,644,382,193,81,3,0,1728,73,103,178,138,178,373,306,221,140,16,2
2017,04,읍면동,경기도 화성시 우정읍,18085,1401,1647,1973,2239,2951,3315,2274,1464,731,86,4,9691,728,796,1194,1278,1782,1808,1171,656,255,21,2,8394,673,851,779,961,1169,1507,1103,808,476,65,2
2017,04,읍면동,경기도 화성시 장안면,10732,595,759,1085,1118,1617,2237,1649,1089,519,58,6,6048,316,400,655,695,1035,1344,889,498,195,17,4,4684,279,359,430,423,582,893,760,591,324,41,2
2017,04,읍면동,경기도 화성시 정남면,12155,682,1001,1408,1449,1985,2526,1547,991,498,61,7,6884,373,530,845,920,1242,1500,840,460,159,14,1,5271,309,471,563,529,743,1026,707,531,339,47,6
2017,04,읍면동,경기도 화성시 진안동,36644,4289,3568,6012,8564,6277,4169,2172,1135,386,71,1,19554,2243,1850,3139,4943,3504,2169,1064,499,123,19,1,17090,2046,1718,2873,3621,2773,2000,1108,636,263,52,0
2017,04,읍면동,경기도 화성시 팔탄면,10434,485,593,1223,1244,1725,2416,1425,841,424,50,8,6167,261,309,786,819,1165,1472,813,381,148,11,2,4267,224,284,437,425,560,944,612,460,276,39,6
2017,04,읍면동,경기도 화성시 향남읍,76306,11777,8801,8356,16453,14304,8531,4445,2503,1015,114,7,40342,6002,4560,4552,8931,8032,4610,2189,1128,307,26,5,35964,5775,4241,3804,7522,6272,3921,2256,1375,708,88,2
2017,04,읍면동,경기도 화성시 화산동,23309,2450,2539,2865,3624,4273,3783,2219,1079,429,42,6,12253,1257,1338,1619,1976,2303,2007,1121,491,128,11,2,11056,1193,1201,1246,1648,1970,1776,1098,588,301,31,4
2017,03,도,경기도  ,12753983,1245975,1428867,1692563,1948815,2307081,2046690,1130102,651550,262557,36486,3297,6414903,638991,738805,885281,990968,1168351,1049620,556186,287653,89250,8948,850,6339080,606984,690062,807282,957847,1138730,997070,573916,363897,173307,27538,2447
2017,03,시군,경기도 가평군 ,62373,4176,5331,6241,6437,8851,11832,9420,6651,2992,407,35,31958,2136,2861,3547,3400,4777,6211,4813,2989,1100,108,16,30415,2040,2470,2694,3037,4074,5621,4607,3662,1892,299,19
2017,03,읍면동,경기도 가평군 가평읍,19705,1408,1978,2234,1967,3039,3604,2517,1958,871,118,11,10031,720,1060,1240,1041,1611,1877,1258,869,314,38,3,9674,688,918,994,926,1428,1727,1259,1089,557,80,8
2017,03,읍면동,경기도 가평군 북면,3955,197,212,286,338,449,830,767,565,274,33,4,2025,97,122,163,197,272,421,392,248,103,8,2,1930,100,90,123,141,177,409,375,317,171,25,2
2017,03,읍면동,경기도 가평군 상면,5318,207,326,535,397,660,1149,984,694,317,45,4,2757,109,189,314,216,360,630,492,325,112,7,3,2561,98,137,221,181,300,519,492,369,205,38,1
2017,03,읍면동,경기도 가평군 설악면,9048,604,878,747,868,1158,1764,1488,980,497,60,4,4599,301,447,423,443,616,922,786,459,187,12,3,4449,303,431,324,425,542,842,702,521,310,48,1
2017,03,읍면동,경기도 가평군 조종면,9928,866,756,1061,1270,1323,1773,1432,976,403,61,7,5238,453,385,653,673,727,954,778,440,155,17,3,4690,413,371,408,597,596,819,654,536,248,44,4
2017,03,읍면동,경기도 가평군 청평면,14419,894,1181,1378,1597,2222,2712,2232,1478,630,90,5,7308,456,658,754,830,1191,1407,1107,648,229,26,2,7111,438,523,624,767,1031,1305,1125,830,401,64,3
2017,03,시군,경기도 고양시 ,1040482,91531,119984,145685,142542,195825,176580,85313,55229,24366,3177,250,511182,47046,61886,74250,69232,94743,89504,41919,23091,8597,854,60,529300,44485,58098,71435,73310,101082,87076,43394,32138,15769,2323,190
2017,03,구,경기도 고양시 덕양구 ,446598,40692,45695,59948,64582,80005,75687,41006,26708,10678,1441,156,221643,20898,23618,30856,32228,40121,38528,19927,11348,3718,367,34,224955,19794,22077,29092,32354,39884,37159,21079,15360,6960,1074,122
2017,03,읍면동,경기도 고양시 덕양구 고양동,32972,3216,3729,3673,4603,6249,4936,3514,2136,796,108,12,16536,1673,1918,1957,2296,3218,2570,1657,917,299,28,3,16436,1543,1811,1716,2307,3031,2366,1857,1219,497,80,9
2017,03,읍면동,경기도 고양시 덕양구 관산동,35248,2710,3217,4270,4901,5859,6408,4190,2603,911,149,30,17834,1395,1729,2222,2572,3114,3264,2061,1161,275,35,6,17414,1315,1488,2048,2329,2745,3144,2129,1442,636,114,24
2017,03,읍면동,경기도 고양시 덕양구 능곡동,19509,1452,1780,2686,2460,3304,3845,2121,1296,478,75,12,9956,796,944,1431,1245,1708,2023,1053,575,164,16,1,9553,656,836,1255,1215,1596,1822,1068,721,314,59,11
2017,03,읍면동,경기도 고양시 덕양구 대덕동,3220,242,233,380,453,500,652,385,254,99,19,3,1763,125,118,210,249,303,384,217,115,35,6,1,1457,117,115,170,204,197,268,168,139,64,13,2
2017,03,읍면동,경기도 고양시 덕양구 성사1동,24873,2079,2341,3383,3348,4527,4468,2417,1576,633,91,10,12283,1075,1218,1765,1635,2342,2255,1145,605,217,25,1,12590,1004,1123,1618,1713,2185,2213,1272,971,416,66,9
2017,03,읍면동,경기도 고양시 덕양구 성사2동,12270,975,1278,1603,1664,2079,2093,1200,937,394,47,0,6009,494,678,845,853,994,997,604,391,141,12,0,6261,481,600,758,811,1085,1096,596,546,253,35,0
2017,03,읍면동,경기도 고양시 덕양구 신도동,19561,2238,1244,2497,3709,2921,3031,2054,1316,479,63,9,9572,1149,651,1233,1836,1500,1434,991,602,161,11,4,9989,1089,593,1264,1873,1421,1597,1063,714,318,52,5
2017,03,읍면동,경기도 고양시 덕양구 원신동,19275,2663,1411,2330,3618,2983,3031,1825,976,374,58,6,9375,1342,702,1169,1783,1498,1410,883,451,125,11,1,9900,1321,709,1161,1835,1485,1621,942,525,249,47,5
2017,03,읍면동,경기도 고양시 덕양구 주교동,17485,933,1834,2472,1897,3098,3552,1895,1237,496,66,5,8962,508,985,1339,1018,1606,1895,925,498,165,21,2,8523,425,849,1133,879,1492,1657,970,739,331,45,3
2017,03,읍면동,경기도 고양시 덕양구 창릉동,13121,1671,1162,1436,2225,2199,1971,1415,731,260,41,10,6630,853,592,720,1056,1204,1027,727,343,104,3,1,6491,818,570,716,1169,995,944,688,388,156,38,9
2017,03,읍면동,경기도 고양시 덕양구 행신1동,24132,2108,2657,3447,3342,4408,4261,1987,1338,513,67,4,11823,1062,1354,1744,1663,2165,2129,961,544,180,19,2,12309,1046,1303,1703,1679,2243,2132,1026,794,333,48,2
2017,03,읍면동,경기도 고양시 덕양구 행신2동,35281,3074,3982,5350,5412,6439,5911,2482,1761,758,104,8,17465,1609,2042,2766,2734,3075,3041,1216,707,245,29,1,17816,1465,1940,2584,2678,3364,2870,1266,1054,513,75,7
2017,03,읍면동,경기도 고양시 덕양구 행신3동,49875,4164,6269,7159,5952,9932,8713,3763,2621,1150,146,6,24291,2132,3140,3667,2923,4706,4427,1808,1068,375,45,0,25584,2032,3129,3492,3029,5226,4286,1955,1553,775,101,6
2017,03,읍면동,경기도 고양시 덕양구 행주동,21719,1214,1798,3290,2990,3664,4380,2268,1439,605,65,6,11144,628,941,1757,1663,1911,2322,1130,589,196,6,1,10575,586,857,1533,1327,1753,2058,1138,850,409,59,5
2017,03,읍면동,경기도 고양시 덕양구 화전동,5911,527,439,738,857,790,959,819,535,203,29,15,3183,282,224,429,477,448,561,422,244,80,11,5,2728,245,215,309,380,342,398,397,291,123,18,10
2017,03,읍면동,경기도 고양시 덕양구 화정1동,40990,2962,4854,6431,5031,7666,7123,3203,2480,1097,137,6,19905,1507,2501,3184,2473,3568,3653,1522,1022,429,45,1,21085,1455,2353,3247,2558,4098,3470,1681,1458,668,92,5
2017,03,읍면동,경기도 고양시 덕양구 화정2동,35367,3631,4621,4546,5061,7484,5327,2225,1667,734,71,0,17259,1863,2422,2314,2312,3602,2717,1065,673,277,14,0,18108,1768,2199,2232,2749,3882,2610,1160,994,457,57,0
2017,03,읍면동,경기도 고양시 덕양구 효자동,2436,219,137,274,355,325,426,322,234,105,28,11,1275,115,83,138,189,182,229,166,108,45,16,4,1161,104,54,136,166,143,197,156,126,60,12,7
2017,03,읍면동,경기도 고양시 덕양구 흥도동,33353,4614,2709,3983,6704,5578,4600,2921,1571,593,77,3,16378,2290,1376,1966,3251,2977,2190,1374,735,205,14,0,16975,2324,1333,2017,3453,2601,2410,1547,836,388,63,3
2017,03,구,경기도 고양시 일산동구 ,293209,23807,34644,43597,40028,56539,50633,22581,13789,6639,908,44,143196,12306,17823,21953,19133,26822,25488,11335,5739,2333,250,14,150013,11501,16821,21644,20895,29717,25145,11246,8050,4306,658,30
2017,03,읍면동,경기도 고양시 일산동구 고봉동,19727,1480,1640,2496,2541,3367,3943,2322,1318,534,84,2,10383,766,870,1381,1387,1839,2121,1252,589,164,13,1,9344,714,770,1115,1154,1528,1822,1070,729,370,71,1
2017,03,읍면동,경기도 고양시 일산동구 마두1동,26493,1814,4002,4283,2538,5180,4901,1897,1165,637,69,7,12864,922,2066,2147,1158,2366,2505,959,506,218,14,3,13629,892,1936,2136,1380,2814,2396,938,659,419,55,4
2017,03,읍면동,경기도 고양시 일산동구 마두2동,17405,1497,2606,2421,1790,3444,3001,1142,873,554,76,1,8265,766,1313,1230,748,1539,1516,591,324,210,28,0,9140,731,1293,1191,1042,1905,1485,551,549,344,48,1
2017,03,읍면동,경기도 고양시 일산동구 백석1동,33234,2668,3856,5170,5395,6298,5510,2332,1326,602,72,5,16034,1373,1994,2553,2682,2863,2643,1166,531,212,15,2,17200,1295,1862,2617,2713,3435,2867,1166,795,390,57,3
2017,03,읍면동,경기도 고양시 일산동구 백석2동,22097,1257,1779,3522,4160,4377,3615,1720,1086,509,69,3,10702,669,924,1651,2067,2116,1799,863,425,166,21,1,11395,588,855,1871,2093,2261,1816,857,661,343,48,2
2017,03,읍면동,경기도 고양시 일산동구 식사동,32868,3983,4714,4188,4016,7184,5098,2027,1112,489,54,3,16049,2061,2355,2125,1661,3468,2698,1039,455,162,24,1,16819,1922,2359,2063,2355,3716,2400,988,657,327,30,2
2017,03,읍면동,경기도 고양시 일산동구 장항1동,3084,155,169,338,341,441,760,523,257,77,19,4,1734,85,86,188,185,283,442,287,143,29,5,1,1350,70,83,150,156,158,318,236,114,48,14,3
2017,03,읍면동,경기도 고양시 일산동구 장항2동,27153,1734,2063,4512,5388,5514,4279,1791,1159,625,86,2,13210,890,1066,2175,2543,2691,2178,897,485,246,39,0,13943,844,997,2337,2845,2823,2101,894,674,379,47,2
2017,03,읍면동,경기도 고양시 일산동구 정발산동,27113,1977,3107,4530,3561,4847,4765,2277,1359,604,84,2,13118,1011,1597,2307,1756,2222,2323,1094,568,218,20,2,13995,966,1510,2223,1805,2625,2442,1183,791,386,64,0
2017,03,읍면동,경기도 고양시 일산동구 중산동,44610,3305,5504,6844,5061,8174,8364,3643,2328,1188,188,11,21716,1723,2898,3535,2463,3768,4101,1794,964,417,50,3,22894,1582,2606,3309,2598,4406,4263,1849,1364,771,138,8
2017,03,읍면동,경기도 고양시 일산동구 풍산동,39425,3937,5204,5293,5237,7713,6397,2907,1806,820,107,4,19121,2040,2654,2661,2483,3667,3162,1393,749,291,21,0,20304,1897,2550,2632,2754,4046,3235,1514,1057,529,86,4
2017,03,구,경기도 고양시 일산서구 ,300675,27032,39645,42140,37932,59281,50260,21726,14732,7049,828,50,146343,13842,20445,21441,17871,27800,25488,10657,6004,2546,237,12,154332,13190,19200,20699,20061,31481,24772,11069,8728,4503,591,38
2017,03,읍면동,경기도 고양시 일산서구 대화동,33047,2188,3570,5991,4627,5786,5827,2615,1595,744,99,5,15984,1118,1893,2906,2316,2681,2859,1256,662,264,29,0,17063,1070,1677,3085,2311,3105,2968,1359,933,480,70,5
2017,03,읍면동,경기도 고양시 일산서구 송산동,48619,5332,6644,5804,6399,10134,7575,3613,2152,839,120,7,24060,2702,3342,3083,2955,4980,3928,1827,908,305,27,3,24559,2630,3302,2721,3444,5154,3647,1786,1244,534,93,4
2017,03,읍면동,경기도 고양시 일산서구 송포동,17907,1581,2523,2334,1941,3601,3086,1434,958,414,33,2,8928,813,1315,1256,898,1679,1640,715,438,167,7,0,8979,768,1208,1078,1043,1922,1446,719,520,247,26,2
2017,03,읍면동,경기도 고양시 일산서구 일산1동,30088,2866,3597,4208,4066,5510,5064,2397,1651,630,90,9,14678,1457,1838,2164,1967,2572,2542,1160,705,249,22,2,15410,1409,1759,2044,2099,2938,2522,1237,946,381,68,7
2017,03,읍면동,경기도 고양시 일산서구 일산2동,20917,1429,2150,3180,2458,3660,4281,1932,1213,555,56,3,10300,690,1144,1601,1237,1780,2160,963,507,195,23,0,10617,739,1006,1579,1221,1880,2121,969,706,360,33,3
2017,03,읍면동,경기도 고양시 일산서구 일산3동,38411,3323,6700,5343,3816,8671,6311,2142,1261,755,84,5,18606,1697,3430,2739,1689,3884,3267,1106,504,262,27,1,19805,1626,3270,2604,2127,4787,3044,1036,757,493,57,4
2017,03,읍면동,경기도 고양시 일산서구 주엽1동,30067,2546,4020,3953,3722,5891,4857,2218,1753,1004,97,6,14298,1285,2103,1987,1696,2708,2373,1081,659,374,31,1,15769,1261,1917,1966,2026,3183,2484,1137,1094,630,66,5
2017,03,읍면동,경기도 고양시 일산서구 주엽2동,31452,2614,3912,4272,3757,5881,5237,2459,2033,1131,146,10,14839,1339,1979,2138,1759,2654,2584,1178,768,393,43,4,16613,1275,1933,2134,1998,3227,2653,1281,1265,738,103,6
2017,03,읍면동,경기도 고양시 일산서구 탄현동,50167,5153,6529,7055,7146,10147,8022,2916,2116,977,103,3,24650,2741,3401,3567,3354,4862,4135,1371,853,337,28,1,25517,2412,3128,3488,3792,5285,3887,1545,1263,640,75,2
2017,03,시군,경기도 과천시 ,60587,4735,7484,8444,7476,10725,10606,5730,3381,1678,285,43,29484,2422,3889,4417,3697,5034,5193,2780,1422,558,68,4,31103,2313,3595,4027,3779,5691,5413,2950,1959,1120,217,39
2017,03,읍면동,경기도 과천시 갈현동,13273,1374,1762,1717,1630,2672,2172,1026,617,257,40,6,6432,674,908,908,722,1298,1074,503,256,83,6,0,6841,700,854,809,908,1374,1098,523,361,174,34,6
2017,03,읍면동,경기도 과천시 과천동,9422,717,745,1233,1674,1501,1531,1143,620,218,38,2,4846,369,377,665,946,800,740,562,305,74,8,0,4576,348,368,568,728,701,791,581,315,144,30,2
2017,03,읍면동,경기도 과천시 문원동,7960,707,1034,897,1012,1493,1264,800,509,196,40,8,3840,360,543,462,499,711,624,359,219,54,8,1,4120,347,491,435,513,782,640,441,290,142,32,7
2017,03,읍면동,경기도 과천시 별양동,11795,736,1583,1873,1150,2002,2243,1084,643,408,61,12,5607,378,846,957,543,864,1092,520,250,141,16,0,6188,358,737,916,607,1138,1151,564,393,267,45,12
2017,03,읍면동,경기도 과천시 부림동,11142,761,1521,1637,1271,1989,2068,945,571,326,50,3,5397,398,779,857,653,896,1017,462,217,103,15,0,5745,363,742,780,618,1093,1051,483,354,223,35,3
2017,03,읍면동,경기도 과천시 중앙동,6995,440,839,1087,739,1068,1328,732,421,273,56,12,3362,243,436,568,334,465,646,374,175,103,15,3,3633,197,403,519,405,603,682,358,246,170,41,9
2017,03,시군,경기도 광명시 ,336696,31949,37518,43011,52770,60769,53596,32822,16803,6498,842,118,166750,16372,19357,22571,26277,30375,26453,15834,7263,2029,192,27,169946,15577,18161,20440,26493,30394,27143,16988,9540,4469,650,91
2017,03,읍면동,경기도 광명시 광명1동,14406,948,1396,2062,2110,2342,2488,1688,970,357,42,3,7225,510,754,1136,1134,1167,1194,796,383,141,9,1,7181,438,642,926,976,1175,1294,892,587,216,33,2
2017,03,읍면동,경기도 광명시 광명2동,11271,654,979,1590,1605,1779,2059,1459,834,280,29,3,5525,321,487,815,872,897,1008,647,375,92,11,0,5746,333,492,775,733,882,1051,812,459,188,18,3
2017,03,읍면동,경기도 광명시 광명3동,10314,552,773,1486,1527,1616,1909,1402,764,249,31,5,5008,272,394,771,796,798,926,618,337,86,8,2,5306,280,379,715,731,818,983,784,427,163,23,3
2017,03,읍면동,경기도 광명시 광명4동,15289,1029,1188,2161,2545,2355,2633,1998,1019,294,51,16,7456,527,594,1130,1290,1152,1251,952,444,103,9,4,7833,502,594,1031,1255,1203,1382,1046,575,191,42,12
2017,03,읍면동,경기도 광명시 광명5동,15705,1316,1606,1902,2506,2773,2534,1734,940,353,36,5,7799,650,847,1030,1288,1421,1217,836,404,100,5,1,7906,666,759,872,1218,1352,1317,898,536,253,31,4
2017,03,읍면동,경기도 광명시 광명6동,15463,1449,1587,2016,2347,2633,2622,1656,804,300,42,7,7651,712,798,1036,1171,1337,1301,829,362,91,13,1,7812,737,789,980,1176,1296,1321,827,442,209,29,6
2017,03,읍면동,경기도 광명시 광명7동,22232,1594,2335,3144,3288,3546,3932,2606,1275,446,62,4,11205,789,1223,1677,1754,1813,1912,1284,594,146,13,0,11027,805,1112,1467,1534,1733,2020,1322,681,300,49,4
2017,03,읍면동,경기도 광명시 소하1동,32553,4024,4295,3658,4674,6425,4800,2821,1265,511,65,15,16069,2067,2239,1937,2151,3179,2373,1382,581,141,16,3,16484,1957,2056,1721,2523,3246,2427,1439,684,370,49,12
2017,03,읍면동,경기도 광명시 소하2동,33506,3412,3688,4351,5098,5851,5342,3336,1740,599,77,12,16910,1776,1878,2391,2572,3042,2659,1614,756,200,17,5,16596,1636,1810,1960,2526,2809,2683,1722,984,399,60,7
2017,03,읍면동,경기도 광명시 철산1동,13955,1479,1799,1800,2180,2736,2111,1073,530,214,32,1,6880,754,911,936,1050,1340,1054,519,237,73,6,0,7075,725,888,864,1130,1396,1057,554,293,141,26,1
2017,03,읍면동,경기도 광명시 철산2동,16446,1025,1636,2580,2596,2795,3068,1599,799,314,32,2,8371,534,875,1349,1367,1388,1616,780,363,87,11,1,8075,491,761,1231,1229,1407,1452,819,436,227,21,1
2017,03,읍면동,경기도 광명시 철산3동,37705,3941,4996,4943,5402,7176,6011,3142,1379,626,79,10,18593,2035,2570,2573,2505,3481,2958,1607,626,214,22,2,19112,1906,2426,2370,2897,3695,3053,1535,753,412,57,8
2017,03,읍면동,경기도 광명시 철산4동,14755,1513,1428,1909,2835,2613,2138,1413,674,207,24,1,7392,765,768,999,1445,1332,1049,682,279,69,4,0,7363,748,660,910,1390,1281,1089,731,395,138,20,1
2017,03,읍면동,경기도 광명시 하안1동,27888,3360,3469,3259,4095,5505,4340,2299,1053,432,70,6,13964,1744,1758,1764,1930,2794,2198,1170,469,124,12,1,13924,1616,1711,1495,2165,2711,2142,1129,584,308,58,5
2017,03,읍면동,경기도 광명시 하안2동,15829,1666,1640,1731,3368,3053,1985,1217,715,396,49,9,7605,845,834,824,1701,1538,925,548,277,101,10,2,8224,821,806,907,1667,1515,1060,669,438,295,39,7
2017,03,읍면동,경기도 광명시 하안3동,23003,2323,2558,2597,3902,4258,3247,2153,1289,592,78,6,10974,1199,1324,1271,1929,2078,1591,942,463,162,15,0,12029,1124,1234,1326,1973,2180,1656,1211,826,430,63,6
2017,03,읍면동,경기도 광명시 하안4동,13951,1563,2004,1584,2404,3035,1843,812,481,201,23,1,6804,822,1027,791,1164,1458,921,392,178,44,7,0,7147,741,977,793,1240,1577,922,420,303,157,16,1
2017,03,읍면동,경기도 광명시 학온동,2425,101,141,238,288,278,534,414,272,127,20,12,1319,50,76,141,158,160,300,236,135,55,4,4,1106,51,65,97,130,118,234,178,137,72,16,8
2017,03,시군,경기도 광주시 ,330984,34341,32768,38889,56455,58409,53637,33192,16443,5898,886,66,170024,17642,16960,20420,29579,31009,27584,16769,7806,2043,193,19,160960,16699,15808,18469,26876,27400,26053,16423,8637,3855,693,47
2017,03,읍면동,경기도 광주시 경안동,40787,3973,4535,5311,6332,7440,6876,3698,1864,651,95,12,20764,2045,2374,2760,3256,3834,3597,1822,841,217,13,5,20023,1928,2161,2551,3076,3606,3279,1876,1023,434,82,7
2017,03,읍면동,경기도 광주시 곤지암읍,23341,1802,2314,2804,3110,4143,4441,2582,1407,625,95,18,12394,954,1211,1542,1654,2288,2445,1375,677,220,24,4,10947,848,1103,1262,1456,1855,1996,1207,730,405,71,14
2017,03,읍면동,경기도 광주시 광남동,45327,5061,5037,5027,7530,8553,7042,4395,1964,623,93,2,23284,2591,2640,2611,3860,4542,3596,2216,987,219,21,1,22043,2470,2397,2416,3670,4011,3446,2179,977,404,72,1
2017,03,읍면동,경기도 광주시 남종면,1618,58,98,123,136,193,333,318,245,100,14,0,839,28,52,62,74,115,179,167,118,38,6,0,779,30,46,61,62,78,154,151,127,62,8,0
2017,03,읍면동,경기도 광주시 남한산성면,2931,254,236,269,275,484,520,450,271,141,29,2,1538,122,125,148,149,280,288,243,125,51,7,0,1393,132,111,121,126,204,232,207,146,90,22,2
2017,03,읍면동,경기도 광주시 도척면,8999,686,690,960,1097,1442,1725,1304,707,321,65,2,4906,370,377,549,626,843,969,702,331,125,13,1,4093,316,313,411,471,599,756,602,376,196,52,1
2017,03,읍면동,경기도 광주시 송정동,57929,5841,5900,7441,9482,10424,9908,5399,2531,860,133,10,29309,2935,2984,3931,4935,5364,4933,2753,1142,297,33,2,28620,2906,2916,3510,4547,5060,4975,2646,1389,563,100,8
2017,03,읍면동,경기도 광주시 오포읍,94755,11018,8150,11389,20261,15789,13631,8721,4175,1411,198,12,48303,5671,4199,5830,10758,8330,6721,4251,2015,477,46,5,46452,5347,3951,5559,9503,7459,6910,4470,2160,934,152,7
2017,03,읍면동,경기도 광주시 초월읍,41640,4487,4683,4433,6513,7750,6734,4059,2137,746,95,3,21702,2323,2412,2352,3368,4192,3670,2113,1002,252,18,0,19938,2164,2271,2081,3145,3558,3064,1946,1135,494,77,3
2017,03,읍면동,경기도 광주시 퇴촌면,13657,1161,1125,1132,1719,2191,2427,2266,1142,420,69,5,6985,603,586,635,899,1221,1186,1127,568,147,12,1,6672,558,539,497,820,970,1241,1139,574,273,57,4
2017,03,시군,경기도 구리시 ,194614,16886,21585,27011,27810,35296,33911,17954,10058,3533,507,63,96783,8684,11162,13934,13882,17231,17206,8891,4455,1195,123,20,97831,8202,10423,13077,13928,18065,16705,9063,5603,2338,384,43
2017,03,읍면동,경기도 구리시 갈매동,14245,1853,997,1707,2933,2033,2254,1507,679,241,39,2,7021,927,501,860,1498,1004,1054,775,323,71,7,1,7224,926,496,847,1435,1029,1200,732,356,170,32,1
2017,03,읍면동,경기도 구리시 교문1동,17512,1054,1488,2352,2485,2963,3427,2053,1210,393,65,22,8972,548,763,1262,1337,1567,1775,1005,550,136,21,8,8540,506,725,1090,1148,1396,1652,1048,660,257,44,14
2017,03,읍면동,경기도 구리시 교문2동,24140,2288,3387,3163,3052,4706,3959,2054,1074,400,53,4,11742,1151,1712,1632,1406,2205,1970,1021,491,140,13,1,12398,1137,1675,1531,1646,2501,1989,1033,583,260,40,3
2017,03,읍면동,경기도 구리시 동구동,41228,4013,5248,5722,5616,7957,6917,3071,1904,686,87,7,20362,2081,2721,2943,2730,3760,3509,1552,807,240,18,1,20866,1932,2527,2779,2886,4197,3408,1519,1097,446,69,6
2017,03,읍면동,경기도 구리시 수택1동,22434,1367,2011,3478,3063,3686,4506,2501,1300,452,64,6,11159,749,1018,1761,1606,1795,2296,1228,549,141,15,1,11275,618,993,1717,1457,1891,2210,1273,751,311,49,5
2017,03,읍면동,경기도 구리시 수택2동,26335,1616,2767,4098,3489,4374,5013,2810,1537,545,74,12,13160,841,1460,2106,1832,2162,2546,1332,685,176,16,4,13175,775,1307,1992,1657,2212,2467,1478,852,369,58,8
2017,03,읍면동,경기도 구리시 수택3동,23579,2302,2877,2988,3616,4828,3651,1844,1022,389,58,4,11903,1163,1530,1587,1743,2418,1923,937,444,145,12,1,11676,1139,1347,1401,1873,2410,1728,907,578,244,46,3
2017,03,읍면동,경기도 구리시 인창동,25141,2393,2810,3503,3556,4749,4184,2114,1332,427,67,6,12464,1224,1457,1783,1730,2320,2133,1041,606,146,21,3,12677,1169,1353,1720,1826,2429,2051,1073,726,281,46,3
2017,03,시군,경기도 군포시 ,283842,27462,31486,39077,44482,49980,47427,24030,13055,5981,814,48,141101,14096,16258,20250,22644,24445,23510,12022,5557,2094,213,12,142741,13366,15228,18827,21838,25535,23917,12008,7498,3887,601,36
2017,03,읍면동,경기도 군포시 광정동,26852,2471,3353,3614,3825,5098,4190,2057,1272,833,134,5,13023,1279,1727,1845,1854,2435,2080,1004,485,283,30,1,13829,1192,1626,1769,1971,2663,2110,1053,787,550,104,4
2017,03,읍면동,경기도 군포시 군포1동,34646,2668,3408,5138,5252,5954,6458,3432,1635,621,72,8,18173,1382,1809,2798,2985,3080,3365,1791,729,218,13,3,16473,1286,1599,2340,2267,2874,3093,1641,906,403,59,5
2017,03,읍면동,경기도 군포시 군포2동,56570,6616,6839,7764,8849,10078,9337,4167,1975,802,134,9,28232,3445,3448,4041,4400,4872,4689,2117,909,275,34,2,28338,3171,3391,3723,4449,5206,4648,2050,1066,527,100,7
2017,03,읍면동,경기도 군포시 궁내동,22316,2391,3564,2691,2596,4856,3330,1419,915,490,63,1,10892,1234,1815,1394,1174,2279,1709,710,369,187,21,0,11424,1157,1749,1297,1422,2577,1621,709,546,303,42,1
2017,03,읍면동,경기도 군포시 금정동,19335,1265,1618,3034,2952,3171,3733,2184,995,333,43,7,9980,657,834,1597,1631,1700,1853,1137,463,95,10,3,9355,608,784,1437,1321,1471,1880,1047,532,238,33,4
2017,03,읍면동,경기도 군포시 대야동,10064,1040,1062,1271,1344,1869,1763,947,520,218,26,4,5156,539,563,702,669,947,903,491,250,80,11,1,4908,501,499,569,675,922,860,456,270,138,15,3
2017,03,읍면동,경기도 군포시 산본1동,18807,1185,1344,2960,3071,2715,3630,2141,1184,502,68,7,9386,572,708,1583,1727,1370,1720,1030,506,152,18,0,9421,613,636,1377,1344,1345,1910,1111,678,350,50,7
2017,03,읍면동,경기도 군포시 산본2동,29886,3242,3399,4232,4529,5107,5115,2440,1186,545,89,2,14562,1665,1755,2155,2134,2422,2475,1240,494,203,19,0,15324,1577,1644,2077,2395,2685,2640,1200,692,342,70,2
2017,03,읍면동,경기도 군포시 수리동,19005,1743,2095,2402,3017,3267,3056,1602,1138,615,67,3,9150,859,1108,1159,1524,1548,1498,739,443,247,24,1,9855,884,987,1243,1493,1719,1558,863,695,368,43,2
2017,03,읍면동,경기도 군포시 오금동,24656,2891,2802,2907,4800,4470,3402,1719,1102,506,57,0,12157,1488,1481,1482,2360,2192,1627,852,465,196,14,0,12499,1403,1321,1425,2440,2278,1775,867,637,310,43,0
2017,03,읍면동,경기도 군포시 재궁동,21705,1950,2002,3064,4247,3395,3413,1922,1133,516,61,2,10390,976,1010,1494,2186,1600,1591,911,444,158,19,1,11315,974,992,1570,2061,1795,1822,1011,689,358,42,1
2017,03,시군,경기도 김포시 ,371842,45924,40231,40051,61785,67856,54482,33770,19308,7345,1044,46,186863,23486,20747,20816,30181,35348,28262,16430,8748,2569,261,15,184979,22438,19484,19235,31604,32508,26220,17340,10560,4776,783,31
2017,03,읍면동,경기도 김포시 고촌읍,26221,2811,2526,2891,3923,4542,4247,3098,1521,568,85,9,13224,1484,1317,1545,1885,2367,2102,1578,731,199,15,1,12997,1327,1209,1346,2038,2175,2145,1520,790,369,70,8
2017,03,읍면동,경기도 김포시 구래동,34719,6519,2743,2869,8697,5749,3482,2697,1462,443,56,2,16993,3282,1372,1354,4183,3134,1617,1185,693,158,14,1,17726,3237,1371,1515,4514,2615,1865,1512,769,285,42,1
2017,03,읍면동,경기도 김포시 김포1동,52218,4647,6903,7026,6426,9913,8833,4519,2760,1029,154,8,25817,2339,3626,3593,3113,4723,4597,2235,1167,372,50,2,26401,2308,3277,3433,3313,5190,4236,2284,1593,657,104,6
2017,03,읍면동,경기도 김포시 김포2동,36223,5900,4774,3113,6910,7524,3778,2378,1339,444,62,1,17677,2962,2419,1533,3152,3857,1877,1073,629,160,15,0,18546,2938,2355,1580,3758,3667,1901,1305,710,284,47,1
2017,03,읍면동,경기도 김포시 대곶면,10162,428,688,1076,983,1557,2402,1584,939,424,79,2,5808,237,374,631,609,997,1454,865,455,165,21,0,4354,191,314,445,374,560,948,719,484,259,58,2
2017,03,읍면동,경기도 김포시 사우동,21628,1599,2406,3181,2807,4010,3824,2011,1271,459,59,1,10887,836,1298,1626,1503,1953,2010,961,530,158,12,0,10741,763,1108,1555,1304,2057,1814,1050,741,301,47,1
2017,03,읍면동,경기도 김포시 양촌읍,26603,2610,2323,2779,4179,4419,4636,3080,1763,697,109,8,14018,1310,1201,1545,2273,2540,2505,1588,798,221,33,4,12585,1300,1122,1234,1906,1879,2131,1492,965,476,76,4
2017,03,읍면동,경기도 김포시 운양동,24971,4877,2340,2012,5950,4648,2597,1605,661,242,39,0,12338,2528,1190,1015,2685,2514,1260,745,321,70,10,0,12633,2349,1150,997,3265,2134,1337,860,340,172,29,0
2017,03,읍면동,경기도 김포시 월곶면,5753,207,338,597,519,748,1309,1081,611,292,48,3,3172,105,173,379,324,458,732,597,294,100,9,1,2581,102,165,218,195,290,577,484,317,192,39,2
2017,03,읍면동,경기도 김포시 장기동,45085,7193,5187,4380,8829,8917,5110,3067,1735,591,76,0,22075,3637,2602,2178,4171,4595,2549,1371,768,189,15,0,23010,3556,2585,2202,4658,4322,2561,1696,967,402,61,0
2017,03,읍면동,경기도 김포시 통진읍,27559,2308,2693,3523,3585,4593,5187,2966,1778,834,89,3,14501,1171,1411,2011,1977,2513,2823,1515,762,300,15,3,13058,1137,1282,1512,1608,2080,2364,1451,1016,534,74,0
2017,03,읍면동,경기도 김포시 풍무동,51942,6463,6707,5620,8178,10094,7136,4260,2463,884,131,6,25618,3376,3437,2848,3841,5014,3624,2004,1129,312,32,1,26324,3087,3270,2772,4337,5080,3512,2256,1334,572,99,5
2017,03,읍면동,경기도 김포시 하성면,8758,362,603,984,799,1142,1941,1424,1005,438,57,3,4735,219,327,558,465,683,1112,713,471,165,20,2,4023,143,276,426,334,459,829,711,534,273,37,1
2017,03,시군,경기도 남양주시 ,662582,70153,77411,77070,95905,124360,102896,62648,36905,13270,1806,158,330866,36052,39872,39999,46739,63272,52824,30265,16685,4662,454,42,331716,34101,37539,37071,49166,61088,50072,32383,20220,8608,1352,116
2017,03,읍면동,경기도 남양주시 금곡동,21751,1304,1837,3182,2810,3152,4532,2638,1564,652,68,12,11092,671,999,1731,1548,1628,2264,1322,683,220,21,5,10659,633,838,1451,1262,1524,2268,1316,881,432,47,7
2017,03,읍면동,경기도 남양주시 도농동,38979,3699,4504,5306,5475,6687,6284,4049,2112,750,102,11,18981,1875,2219,2744,2592,3212,3046,1982,999,284,27,1,19998,1824,2285,2562,2883,3475,3238,2067,1113,466,75,10
2017,03,읍면동,경기도 남양주시 별내동,66591,9224,5962,8354,13044,11044,9665,5699,2534,925,134,6,32666,4673,2960,4229,6299,5553,4613,2848,1180,282,28,1,33925,4551,3002,4125,6745,5491,5052,2851,1354,643,106,5
2017,03,읍면동,경기도 남양주시 별내면,21016,1702,2399,2543,2483,3881,3395,2385,1567,579,70,12,10471,892,1239,1294,1263,1941,1744,1144,704,228,19,3,10545,810,1160,1249,1220,1940,1651,1241,863,351,51,9
2017,03,읍면동,경기도 남양주시 수동면,9035,467,663,907,825,1320,1821,1533,932,458,103,6,4731,267,361,517,451,720,976,799,457,152,27,4,4304,200,302,390,374,600,845,734,475,306,76,2
2017,03,읍면동,경기도 남양주시 양정동,5154,262,294,625,657,659,1128,890,453,156,23,7,2864,130,148,360,394,403,644,485,227,69,4,0,2290,132,146,265,263,256,484,405,226,87,19,7
2017,03,읍면동,경기도 남양주시 오남읍,55031,5825,7436,5987,7226,11461,8075,4685,3130,1062,136,8,27532,3027,3834,3096,3465,5899,4265,2199,1367,343,34,3,27499,2798,3602,2891,3761,5562,3810,2486,1763,719,102,5
2017,03,읍면동,경기도 남양주시 와부읍,69048,6564,8729,8025,8717,13539,10741,6694,4334,1454,229,22,34132,3343,4478,4162,4167,6622,5557,3128,2040,559,70,6,34916,3221,4251,3863,4550,6917,5184,3566,2294,895,159,16
2017,03,읍면동,경기도 남양주시 조안면,4403,271,312,458,492,608,909,713,426,186,26,2,2300,151,159,242,252,343,485,380,211,72,4,1,2103,120,153,216,240,265,424,333,215,114,22,1
2017,03,읍면동,경기도 남양주시 지금동,19187,1986,2282,2199,2771,3767,3007,1848,942,320,52,13,9462,1006,1188,1113,1327,1914,1486,892,417,106,7,6,9725,980,1094,1086,1444,1853,1521,956,525,214,45,7
2017,03,읍면동,경기도 남양주시 진건읍,27214,1664,2740,3908,3069,4309,5670,3119,1865,751,106,13,14053,881,1444,2099,1638,2215,3097,1579,807,263,30,0,13161,783,1296,1809,1431,2094,2573,1540,1058,488,76,13
2017,03,읍면동,경기도 남양주시 진접읍,95909,11626,11832,9925,14131,18640,14140,8560,5071,1771,203,10,48441,6012,6142,5246,6786,9772,7382,4090,2308,648,52,3,47468,5614,5690,4679,7345,8868,6758,4470,2763,1123,151,7
2017,03,읍면동,경기도 남양주시 퇴계원면,32048,2602,3210,4683,4326,5034,6072,3482,1891,660,86,2,16027,1310,1669,2427,2249,2511,2988,1801,824,229,19,0,16021,1292,1541,2256,2077,2523,3084,1681,1067,431,67,2
2017,03,읍면동,경기도 남양주시 평내동,41606,4776,6005,4387,6093,8977,5581,3071,1926,694,90,6,20449,2411,3068,2212,2862,4471,2922,1440,814,228,21,0,21157,2365,2937,2175,3231,4506,2659,1631,1112,466,69,6
2017,03,읍면동,경기도 남양주시 호평동,50343,7031,6780,4809,8277,10935,5791,3561,2297,756,100,6,24684,3629,3476,2445,3788,5523,2957,1542,1039,261,21,3,25659,3402,3304,2364,4489,5412,2834,2019,1258,495,79,3
2017,03,읍면동,경기도 남양주시 화도읍,93343,9807,11424,10458,13465,18417,14134,8364,5200,1824,228,22,46865,5065,5955,5391,6618,9529,7429,3919,2281,616,56,6,46478,4742,5469,5067,6847,8888,6705,4445,2919,1208,172,16
2017,03,읍면동,경기도 남양주시 화도읍동부출장소,11924,1343,1002,1314,2044,1930,1951,1357,661,272,50,0,6116,709,533,691,1040,1016,969,715,327,102,14,0,5808,634,469,623,1004,914,982,642,334,170,36,0
2017,03,시군,경기도 동두천시 ,97795,8535,10165,11259,12554,16549,16253,10649,8154,3197,409,71,48684,4334,5237,5978,6386,8636,8445,5014,3343,1169,123,19,49111,4201,4928,5281,6168,7913,7808,5635,4811,2028,286,52
2017,03,읍면동,경기도 동두천시 보산동,3382,188,288,372,350,519,649,495,379,123,17,2,1631,101,155,208,170,269,336,212,143,33,4,0,1751,87,133,164,180,250,313,283,236,90,13,2
2017,03,읍면동,경기도 동두천시 불현동,27869,2459,3167,3449,3556,4718,4689,2810,2100,823,85,13,13744,1240,1557,1855,1804,2363,2400,1347,857,299,18,4,14125,1219,1610,1594,1752,2355,2289,1463,1243,524,67,9
2017,03,읍면동,경기도 동두천시 상패동,5503,292,351,581,575,863,1092,853,609,245,35,7,2883,155,187,315,325,493,608,428,273,84,13,2,2620,137,164,266,250,370,484,425,336,161,22,5
2017,03,읍면동,경기도 동두천시 생연1동,7387,578,692,880,955,1135,1345,836,687,246,30,3,3675,301,346,476,496,573,690,399,284,97,12,1,3712,277,346,404,459,562,655,437,403,149,18,2
2017,03,읍면동,경기도 동두천시 생연2동,12200,1115,1344,1244,1525,2109,1944,1308,1106,453,42,10,6012,588,735,637,734,1122,977,578,437,189,12,3,6188,527,609,607,791,987,967,730,669,264,30,7
2017,03,읍면동,경기도 동두천시 소요동,9242,548,620,1038,986,1338,1825,1382,1012,418,64,11,4789,268,340,585,534,759,997,677,460,150,16,3,4453,280,280,453,452,579,828,705,552,268,48,8
2017,03,읍면동,경기도 동두천시 송내동,26559,3149,3360,3062,4093,5073,3460,2075,1604,598,80,5,13049,1573,1727,1566,2013,2596,1759,930,639,217,26,3,13510,1576,1633,1496,2080,2477,1701,1145,965,381,54,2
2017,03,읍면동,경기도 동두천시 중앙동,5653,206,343,633,514,794,1249,890,657,291,56,20,2901,108,190,336,310,461,678,443,250,100,22,3,2752,98,153,297,204,333,571,447,407,191,34,17
2017,03,시군,경기도 부천시 ,849939,70150,85877,125897,131184,143457,153573,82923,38684,15869,2134,191,424261,35928,44413,65127,67207,71742,75899,41634,16920,4855,491,45,425678,34222,41464,60770,63977,71715,77674,41289,21764,11014,1643,146
2017,03,읍면동,경기도 부천시 고강1동,16365,1105,1634,2536,2131,2934,3142,1585,894,362,40,2,8163,531,854,1329,1119,1490,1587,770,357,114,11,1,8202,574,780,1207,1012,1444,1555,815,537,248,29,1
2017,03,읍면동,경기도 부천시 고강본동,30607,2031,3359,4186,4147,5590,5499,3177,1872,662,75,9,15460,1060,1755,2207,2240,2889,2759,1533,783,216,16,2,15147,971,1604,1979,1907,2701,2740,1644,1089,446,59,7
2017,03,읍면동,경기도 부천시 괴안동,22065,1705,2262,3229,3192,3703,3938,2237,1126,580,89,4,10856,871,1143,1694,1635,1819,1941,1088,455,183,26,1,11209,834,1119,1535,1557,1884,1997,1149,671,397,63,3
2017,03,읍면동,경기도 부천시 도당동,24506,1728,2743,3787,3242,4459,4890,2197,1044,376,38,2,12636,888,1453,2027,1713,2304,2569,1147,418,110,7,0,11870,840,1290,1760,1529,2155,2321,1050,626,266,31,2
2017,03,읍면동,경기도 부천시 범박동,34830,4668,3883,3994,6168,5967,5010,3122,1389,524,95,10,17250,2376,1974,2042,2951,3012,2460,1620,641,151,22,1,17580,2292,1909,1952,3217,2955,2550,1502,748,373,73,9
2017,03,읍면동,경기도 부천시 상1동,25930,2818,2623,3470,4932,4488,4068,2247,900,337,47,0,12775,1474,1352,1720,2442,2203,1876,1191,390,114,13,0,13155,1344,1271,1750,2490,2285,2192,1056,510,223,34,0
2017,03,읍면동,경기도 부천시 상2동,32065,3959,4408,4350,5303,6085,4989,1790,772,354,53,2,15764,1995,2316,2194,2477,2868,2584,914,306,98,10,2,16301,1964,2092,2156,2826,3217,2405,876,466,256,43,0
2017,03,읍면동,경기도 부천시 상3동,33393,3298,4935,5084,4106,6817,6032,1956,755,352,57,1,16608,1696,2531,2683,1833,3177,3191,1076,318,93,10,0,16785,1602,2404,2401,2273,3640,2841,880,437,259,47,1
2017,03,읍면동,경기도 부천시 상동,20441,1333,2113,3385,2690,3184,4034,2184,1007,440,64,7,10178,692,1128,1726,1363,1543,1969,1181,425,136,12,3,10263,641,985,1659,1327,1641,2065,1003,582,304,52,4
2017,03,읍면동,경기도 부천시 성곡동,44285,3224,5117,6589,5510,7899,8578,4135,2153,956,115,9,22331,1660,2633,3527,2849,3967,4369,2105,908,287,24,2,21954,1564,2484,3062,2661,3932,4209,2030,1245,669,91,7
2017,03,읍면동,경기도 부천시 소사동,9333,535,534,1229,1448,1371,1766,1387,744,255,58,6,4571,291,264,652,791,705,808,647,331,70,12,0,4762,244,270,577,657,666,958,740,413,185,46,6
2017,03,읍면동,경기도 부천시 소사본3동,33259,2841,3555,4815,4746,5236,6284,3607,1480,600,88,7,16381,1414,1806,2555,2369,2544,3055,1764,694,161,19,0,16878,1427,1749,2260,2377,2692,3229,1843,786,439,69,7
2017,03,읍면동,경기도 부천시 소사본동,24894,1619,1890,3680,3737,3677,4806,3246,1568,572,90,9,12541,822,963,1923,2018,1897,2361,1612,738,184,20,3,12353,797,927,1757,1719,1780,2445,1634,830,388,70,6
2017,03,읍면동,경기도 부천시 송내1동,24107,1988,2118,3689,3934,3699,4385,2627,1155,441,65,6,11962,1020,1118,1911,2012,1807,2092,1315,517,155,14,1,12145,968,1000,1778,1922,1892,2293,1312,638,286,51,5
2017,03,읍면동,경기도 부천시 송내2동,28323,2506,2945,4205,4396,4761,4958,2762,1225,499,61,5,14052,1289,1562,2200,2214,2350,2364,1349,556,147,19,2,14271,1217,1383,2005,2182,2411,2594,1413,669,352,42,3
2017,03,읍면동,경기도 부천시 신흥동,19556,1249,1734,3041,2801,3360,4088,2022,886,322,44,9,10523,680,948,1646,1580,1888,2236,1054,381,103,6,1,9033,569,786,1395,1221,1472,1852,968,505,219,38,8
2017,03,읍면동,경기도 부천시 심곡1동,13694,790,1042,2153,2404,2190,2515,1569,709,279,41,2,7055,415,551,1106,1376,1140,1265,772,330,87,13,0,6639,375,491,1047,1028,1050,1250,797,379,192,28,2
2017,03,읍면동,경기도 부천시 심곡2동,18874,978,1104,3416,3831,3128,3107,1943,967,345,43,12,9847,485,547,1691,2143,1799,1616,963,465,124,11,3,9027,493,557,1725,1688,1329,1491,980,502,221,32,9
2017,03,읍면동,경기도 부천시 심곡3동,13744,858,1289,2178,2051,2314,2745,1415,622,240,23,9,7050,443,700,1167,1123,1179,1382,708,259,81,5,3,6694,415,589,1011,928,1135,1363,707,363,159,18,6
2017,03,읍면동,경기도 부천시 심곡본1동,18701,1073,1509,2783,2892,3012,3556,2267,1135,416,47,11,9384,542,768,1459,1586,1546,1725,1089,504,153,9,3,9317,531,741,1324,1306,1466,1831,1178,631,263,38,8
2017,03,읍면동,경기도 부천시 심곡본동,18213,1175,1392,2543,2822,2929,3241,2352,1231,452,71,5,9070,629,723,1313,1498,1510,1530,1126,574,152,14,1,9143,546,669,1230,1324,1419,1711,1226,657,300,57,4
2017,03,읍면동,경기도 부천시 약대동,19269,1897,1822,2999,3300,3085,3609,1640,623,255,34,5,9727,980,936,1564,1681,1538,1778,882,278,77,11,2,9542,917,886,1435,1619,1547,1831,758,345,178,23,3
2017,03,읍면동,경기도 부천시 역곡1동,19698,1863,1785,2524,3329,3222,3239,2181,1043,444,62,6,9715,940,883,1271,1678,1687,1546,1076,478,140,16,0,9983,923,902,1253,1651,1535,1693,1105,565,304,46,6
2017,03,읍면동,경기도 부천시 역곡2동,20324,1805,1692,3011,3643,3275,3256,2128,1012,427,67,8,10018,908,867,1573,1839,1708,1525,992,440,150,14,2,10306,897,825,1438,1804,1567,1731,1136,572,277,53,6
2017,03,읍면동,경기도 부천시 역곡3동,24486,1869,2027,3420,4036,3879,4185,2828,1514,653,67,8,12079,936,1037,1751,2116,1988,1996,1333,676,220,23,3,12407,933,990,1669,1920,1891,2189,1495,838,433,44,5
2017,03,읍면동,경기도 부천시 오정동,23406,2187,2265,3396,3769,3833,4241,2339,960,369,40,7,12115,1149,1225,1806,2047,1992,2138,1221,421,105,10,1,11291,1038,1040,1590,1722,1841,2103,1118,539,264,30,6
2017,03,읍면동,경기도 부천시 원미1동,18039,1275,1766,2684,2553,3015,3509,2006,861,316,47,7,9220,671,944,1408,1364,1569,1742,994,398,111,15,4,8819,604,822,1276,1189,1446,1767,1012,463,205,32,3
2017,03,읍면동,경기도 부천시 원미2동,14057,883,1197,2042,1916,2268,2800,1784,829,301,34,3,7076,436,586,1089,1028,1160,1392,895,385,94,11,0,6981,447,611,953,888,1108,1408,889,444,207,23,3
2017,03,읍면동,경기도 부천시 원종1동,24201,1716,2439,3689,3287,4078,4677,2504,1246,500,61,4,12228,901,1270,1962,1739,2031,2338,1292,520,158,15,2,11973,815,1169,1727,1548,2047,2339,1212,726,342,46,2
2017,03,읍면동,경기도 부천시 원종2동,24579,1818,2877,3844,3234,4537,4616,1955,1135,502,58,3,12279,930,1483,1986,1702,2263,2355,980,429,145,6,0,12300,888,1394,1858,1532,2274,2261,975,706,357,52,3
2017,03,읍면동,경기도 부천시 중1동,35027,3021,3666,5746,6158,6263,6002,2599,1006,501,64,1,16996,1547,1852,2777,2983,2964,2890,1395,429,142,17,0,18031,1474,1814,2969,3175,3299,3112,1204,577,359,47,1
2017,03,읍면동,경기도 부천시 중2동,33237,2782,3669,5356,4922,5317,6264,3154,1131,558,83,1,16225,1454,1858,2714,2382,2497,2936,1690,518,155,21,0,17012,1328,1811,2642,2540,2820,3328,1464,613,403,62,1
2017,03,읍면동,경기도 부천시 중3동,25892,2375,2653,3841,4527,3999,4610,2198,1082,539,68,0,12445,1182,1353,1910,2204,1883,2216,1081,470,133,13,0,13447,1193,1300,1931,2323,2116,2394,1117,612,406,55,0
2017,03,읍면동,경기도 부천시 중4동,20486,1831,2061,2997,3857,3328,3426,1749,786,391,57,3,9792,921,1044,1482,1926,1535,1627,804,333,108,12,0,10694,910,1017,1515,1931,1793,1799,945,453,283,45,3
2017,03,읍면동,경기도 부천시 중동,25048,2243,2579,3838,3567,4319,4648,2361,1009,430,48,6,12314,1126,1359,1956,1767,2105,2232,1178,458,123,9,1,12734,1117,1220,1882,1800,2214,2416,1183,551,307,39,5
2017,03,읍면동,경기도 부천시 춘의동,15005,1104,1190,2168,2603,2236,2860,1670,813,319,40,2,7575,574,627,1106,1419,1185,1449,797,337,75,5,1,7430,530,563,1062,1184,1051,1411,873,476,244,35,1
2017,03,시군,경기도 성남시 ,974343,82583,102688,136593,154070,173559,157671,92766,50926,19995,3103,389,483117,42334,53029,69489,77445,86128,79072,45147,22846,6781,752,94,491226,40249,49659,67104,76625,87431,78599,47619,28080,13214,2351,295
2017,03,구,경기도 성남시 분당구 ,503305,47280,60964,69616,79420,94683,75033,40558,23201,10788,1694,68,244175,24278,31426,34438,37793,44563,37349,19686,10414,3785,434,9,259130,23002,29538,35178,41627,50120,37684,20872,12787,7003,1260,59
2017,03,읍면동,경기도 성남시 분당구 구미1동,18618,1522,2136,2893,2930,3423,2946,1433,848,421,66,0,9002,788,1108,1400,1397,1603,1470,703,354,167,12,0,9616,734,1028,1493,1533,1820,1476,730,494,254,54,0
2017,03,읍면동,경기도 성남시 분당구 구미동,33353,2653,3483,4723,5127,5920,5247,2986,1989,1037,179,9,16160,1357,1798,2378,2523,2757,2620,1403,878,401,45,0,17193,1296,1685,2345,2604,3163,2627,1583,1111,636,134,9
2017,03,읍면동,경기도 성남시 분당구 금곡동,30103,2338,2891,4318,5114,4918,4714,2953,1820,907,128,2,14271,1192,1472,2057,2481,2298,2251,1408,777,300,35,0,15832,1146,1419,2261,2633,2620,2463,1545,1043,607,93,2
2017,03,읍면동,경기도 성남시 분당구 백현동,29480,4058,3564,3871,5169,5153,4349,1943,897,423,50,3,14371,2117,1866,1870,2406,2451,2163,937,420,128,12,1,15109,1941,1698,2001,2763,2702,2186,1006,477,295,38,2
2017,03,읍면동,경기도 성남시 분당구 분당동,28100,2455,3480,4090,4093,5445,4257,2318,1266,601,90,5,13715,1280,1804,2051,1942,2586,2074,1135,595,219,27,2,14385,1175,1676,2039,2151,2859,2183,1183,671,382,63,3
2017,03,읍면동,경기도 성남시 분당구 삼평동,25790,3344,3299,3108,4021,5060,3786,1864,893,366,46,3,12549,1692,1698,1536,1838,2466,1867,925,412,106,8,1,13241,1652,1601,1572,2183,2594,1919,939,481,260,38,2
2017,03,읍면동,경기도 성남시 분당구 서현1동,32746,2894,4563,4629,4650,6701,4642,2275,1516,752,120,4,15766,1468,2338,2284,2112,3088,2383,1103,663,300,27,0,16980,1426,2225,2345,2538,3613,2259,1172,853,452,93,4
2017,03,읍면동,경기도 성남시 분당구 서현2동,19679,1635,2809,2996,2477,3903,3256,1432,733,376,59,3,9642,856,1444,1556,1184,1748,1640,733,338,129,13,1,10037,779,1365,1440,1293,2155,1616,699,395,247,46,2
2017,03,읍면동,경기도 성남시 분당구 수내1동,18169,1393,2515,2338,2668,3955,2440,1268,952,562,74,4,8696,708,1358,1151,1190,1796,1257,579,416,216,25,0,9473,685,1157,1187,1478,2159,1183,689,536,346,49,4
2017,03,읍면동,경기도 성남시 분당구 수내2동,10993,1165,2060,1121,992,2795,1409,726,459,221,43,2,5361,572,1057,588,405,1315,780,346,211,74,13,0,5632,593,1003,533,587,1480,629,380,248,147,30,2
2017,03,읍면동,경기도 성남시 분당구 수내3동,15076,1255,2674,2067,1823,3600,2061,900,464,186,45,1,7464,653,1381,1044,874,1714,1067,442,218,56,15,0,7612,602,1293,1023,949,1886,994,458,246,130,30,1
2017,03,읍면동,경기도 성남시 분당구 야탑1동,18497,1601,1609,2943,3297,2960,2857,1875,942,341,70,2,9073,786,829,1481,1611,1475,1356,942,445,127,21,0,9424,815,780,1462,1686,1485,1501,933,497,214,49,2
2017,03,읍면동,경기도 성남시 분당구 야탑2동,17756,1412,2006,2465,2534,2957,2793,1973,1102,449,62,3,8470,716,1027,1220,1157,1356,1326,977,523,154,14,0,9286,696,979,1245,1377,1601,1467,996,579,295,48,3
2017,03,읍면동,경기도 성남시 분당구 야탑3동,31476,2794,2842,4664,6205,4992,4982,2824,1468,593,107,5,15489,1459,1420,2400,3267,2456,2332,1359,603,172,21,0,15987,1335,1422,2264,2938,2536,2650,1465,865,421,86,5
2017,03,읍면동,경기도 성남시 분당구 운중동,21157,2437,2316,2634,3233,3994,3479,1913,731,348,72,0,10335,1234,1197,1302,1483,1934,1739,975,358,100,13,0,10822,1203,1119,1332,1750,2060,1740,938,373,248,59,0
2017,03,읍면동,경기도 성남시 분당구 이매1동,27415,2651,3696,3700,3936,5282,4137,2159,1234,529,87,4,13391,1360,1908,1900,1841,2482,2078,1066,560,174,22,0,14024,1291,1788,1800,2095,2800,2059,1093,674,355,65,4
2017,03,읍면동,경기도 성남시 분당구 이매2동,14522,1134,2083,2020,1546,2772,2351,1413,770,378,52,3,7113,612,1106,1048,689,1240,1205,710,359,130,14,0,7409,522,977,972,857,1532,1146,703,411,248,38,3
2017,03,읍면동,경기도 성남시 분당구 정자1동,30896,2325,3538,4602,5661,5974,4191,2304,1597,620,81,3,14643,1160,1795,2033,2572,2724,2192,1085,766,290,24,2,16253,1165,1743,2569,3089,3250,1999,1219,831,330,57,1
2017,03,읍면동,경기도 성남시 분당구 정자2동,17510,1287,1779,2312,3519,2939,2521,1421,1036,592,98,6,8276,685,951,1063,1827,1329,1231,628,380,150,31,1,9234,602,828,1249,1692,1610,1290,793,656,442,67,5
2017,03,읍면동,경기도 성남시 분당구 정자3동,16568,1558,2168,2272,2518,3194,2440,1140,774,439,65,0,7983,817,1085,1146,1209,1452,1205,549,335,165,20,0,8585,741,1083,1126,1309,1742,1235,591,439,274,45,0
2017,03,읍면동,경기도 성남시 분당구 정자동,21182,1851,2259,3298,4112,3646,2953,1784,901,325,52,1,10520,944,1144,1643,2128,1751,1460,881,433,122,14,0,10662,907,1115,1655,1984,1895,1493,903,468,203,38,1
2017,03,읍면동,경기도 성남시 분당구 판교동,24219,3518,3194,2552,3795,5100,3222,1654,809,322,48,5,11885,1822,1640,1287,1657,2542,1653,800,370,105,8,1,12334,1696,1554,1265,2138,2558,1569,854,439,217,40,4
2017,03,구,경기도 성남시 수정구 ,235638,17356,20279,33653,37640,39457,40707,26675,14327,4685,693,166,119705,8836,10556,17690,20169,20959,20489,12848,6389,1557,169,43,115933,8520,9723,15963,17471,18498,20218,13827,7938,3128,524,123
2017,03,읍면동,경기도 성남시 수정구 고등동,1739,96,74,210,264,234,337,314,148,50,12,0,919,46,34,127,143,141,179,152,73,20,4,0,820,50,40,83,121,93,158,162,75,30,8,0
2017,03,읍면동,경기도 성남시 수정구 단대동,17011,1495,1520,2359,2827,2770,2794,1828,1017,333,60,8,8442,776,826,1210,1463,1399,1353,834,451,113,15,2,8569,719,694,1149,1364,1371,1441,994,566,220,45,6
2017,03,읍면동,경기도 성남시 수정구 복정동,12282,1271,575,2097,3811,1979,1163,846,377,133,26,4,6598,658,277,1097,2153,1202,573,398,191,40,8,1,5684,613,298,1000,1658,777,590,448,186,93,18,3
2017,03,읍면동,경기도 성남시 수정구 산성동,14550,1047,1304,1869,2252,2586,2405,1689,1014,313,47,24,7477,547,680,982,1231,1415,1231,796,461,113,12,9,7073,500,624,887,1021,1171,1174,893,553,200,35,15
2017,03,읍면동,경기도 성남시 수정구 수진1동,13901,615,1056,1834,1797,2359,2808,1893,1105,355,62,17,7144,323,559,976,1029,1268,1445,929,478,114,16,7,6757,292,497,858,768,1091,1363,964,627,241,46,10
2017,03,읍면동,경기도 성남시 수정구 수진2동,18025,1123,1512,2627,2681,2850,3306,2277,1236,348,50,15,9102,566,828,1343,1466,1464,1640,1078,571,129,14,3,8923,557,684,1284,1215,1386,1666,1199,665,219,36,12
2017,03,읍면동,경기도 성남시 수정구 시흥동,3246,230,194,419,530,431,567,511,250,96,16,2,1678,137,106,224,279,239,272,261,122,35,3,0,1568,93,88,195,251,192,295,250,128,61,13,2
2017,03,읍면동,경기도 성남시 수정구 신촌동,4653,629,446,689,938,729,533,419,189,72,9,0,2432,324,235,409,504,405,254,192,85,21,3,0,2221,305,211,280,434,324,279,227,104,51,6,0
2017,03,읍면동,경기도 성남시 수정구 신흥1동,14449,688,963,2121,2217,2411,2850,1800,1038,299,45,17,7462,352,493,1161,1252,1362,1446,847,436,97,14,2,6987,336,470,960,965,1049,1404,953,602,202,31,15
2017,03,읍면동,경기도 성남시 수정구 신흥2동,21510,1451,2213,2957,3029,3687,3986,2526,1195,391,61,14,10919,716,1154,1574,1590,1931,2012,1262,537,128,10,5,10591,735,1059,1383,1439,1756,1974,1264,658,263,51,9
2017,03,읍면동,경기도 성남시 수정구 신흥3동,11129,509,803,1652,1671,1931,2085,1400,817,218,37,6,5759,252,422,888,933,1083,1078,658,361,72,12,0,5370,257,381,764,738,848,1007,742,456,146,25,6
2017,03,읍면동,경기도 성남시 수정구 양지동,10608,784,1133,1454,1454,1870,1781,1194,682,221,31,4,5296,403,608,730,780,961,879,553,302,70,9,1,5312,381,525,724,674,909,902,641,380,151,22,3
2017,03,읍면동,경기도 성남시 수정구 위례동,28102,3527,2734,3797,4863,4649,4609,2489,945,436,52,1,13789,1766,1350,1976,2271,2321,2238,1295,434,126,12,0,14313,1761,1384,1821,2592,2328,2371,1194,511,310,40,1
2017,03,읍면동,경기도 성남시 수정구 태평1동,17583,879,1233,2936,2936,2680,3057,2214,1201,396,41,10,8907,455,619,1474,1656,1463,1516,1045,532,137,9,1,8676,424,614,1462,1280,1217,1541,1169,669,259,32,9
2017,03,읍면동,경기도 성남시 수정구 태평2동,16702,976,1536,2456,2282,2926,3028,1946,1099,384,57,12,8470,531,798,1291,1239,1520,1533,933,477,133,11,4,8232,445,738,1165,1043,1406,1495,1013,622,251,46,8
2017,03,읍면동,경기도 성남시 수정구 태평3동,14992,925,1348,2105,2077,2601,2789,1731,1008,342,48,18,7616,430,721,1135,1111,1352,1459,839,435,118,12,4,7376,495,627,970,966,1249,1330,892,573,224,36,14
2017,03,읍면동,경기도 성남시 수정구 태평4동,15156,1111,1635,2071,2011,2764,2609,1598,1006,298,39,14,7695,554,846,1093,1069,1433,1381,776,443,91,5,4,7461,557,789,978,942,1331,1228,822,563,207,34,10
2017,03,구,경기도 성남시 중원구 ,235400,17947,21445,33324,37010,39419,41931,25533,13398,4522,716,155,119237,9220,11047,17361,19483,20606,21234,12613,6043,1439,149,42,116163,8727,10398,15963,17527,18813,20697,12920,7355,3083,567,113
2017,03,읍면동,경기도 성남시 중원구 금광1동,11474,729,925,1623,1788,1852,2300,1318,664,212,35,28,6005,390,462,849,984,1014,1251,663,316,66,5,5,5469,339,463,774,804,838,1049,655,348,146,30,23
2017,03,읍면동,경기도 성남시 중원구 금광2동,27855,1801,2569,4428,4275,4595,4895,3063,1622,521,76,10,13548,909,1238,2154,2132,2278,2418,1503,728,169,17,2,14307,892,1331,2274,2143,2317,2477,1560,894,352,59,8
2017,03,읍면동,경기도 성남시 중원구 도촌동,27911,3559,2853,3375,5120,4886,4089,2381,1122,445,80,1,13688,1820,1488,1758,2454,2489,1913,1115,508,130,13,0,14223,1739,1365,1617,2666,2397,2176,1266,614,315,67,1
2017,03,읍면동,경기도 성남시 중원구 상대원1동,28245,2224,2403,3945,4787,4829,5037,3018,1439,488,63,12,14626,1156,1214,2139,2605,2633,2564,1520,638,139,15,3,13619,1068,1189,1806,2182,2196,2473,1498,801,349,48,9
2017,03,읍면동,경기도 성남시 중원구 상대원2동,15981,873,1373,2213,2129,2752,3229,1941,1055,338,67,11,8240,454,689,1190,1188,1499,1690,969,458,91,11,1,7741,419,684,1023,941,1253,1539,972,597,247,56,10
2017,03,읍면동,경기도 성남시 중원구 상대원3동,14134,860,1257,2057,2012,2407,2791,1602,819,281,40,8,7343,463,664,1086,1132,1269,1446,824,374,76,6,3,6791,397,593,971,880,1138,1345,778,445,205,34,5
2017,03,읍면동,경기도 성남시 중원구 성남동,30843,1840,2362,4759,5294,4739,5473,3559,1997,688,105,27,15855,924,1248,2464,2901,2532,2751,1796,957,253,18,11,14988,916,1114,2295,2393,2207,2722,1763,1040,435,87,16
2017,03,읍면동,경기도 성남시 중원구 은행1동,12133,983,1520,1700,1649,2274,1915,1168,667,220,35,2,5984,497,745,854,853,1149,971,547,294,65,8,1,6149,486,775,846,796,1125,944,621,373,155,27,1
2017,03,읍면동,경기도 성남시 중원구 은행2동,27436,2064,2764,3707,3919,4856,4674,2937,1821,589,87,18,13622,1051,1429,1950,2094,2443,2339,1337,762,193,21,3,13814,1013,1335,1757,1825,2413,2335,1600,1059,396,66,15
2017,03,읍면동,경기도 성남시 중원구 중앙동,17005,1226,1240,1999,2713,2791,3204,2189,1174,373,63,33,8919,634,673,1051,1426,1557,1768,1084,542,146,25,13,8086,592,567,948,1287,1234,1436,1105,632,227,38,20
2017,03,읍면동,경기도 성남시 중원구 하대원동,22383,1788,2179,3518,3324,3438,4324,2357,1018,367,65,5,11407,922,1197,1866,1714,1743,2123,1255,466,111,10,0,10976,866,982,1652,1610,1695,2201,1102,552,256,55,5
2017,03,시군,경기도 수원시 ,1195163,116561,136112,183549,197108,215286,185468,90041,48367,19593,2828,250,601817,60022,70670,96452,101035,107271,94424,43991,21015,6213,652,72,593346,56539,65442,87097,96073,108015,91044,46050,27352,13380,2176,178
2017,03,구,경기도 수원시 권선구 ,358667,36121,37395,53788,62536,61855,57837,28390,14220,5667,790,68,180923,18526,19520,27781,32432,31218,29120,14054,6261,1821,166,24,177744,17595,17875,26007,30104,30637,28717,14336,7959,3846,624,44
2017,03,읍면동,경기도 수원시 권선구 곡선동,29935,2470,2867,6035,6660,5402,4108,1395,646,305,42,5,15651,1238,1474,3067,3728,2872,2177,726,267,88,12,2,14284,1232,1393,2968,2932,2530,1931,669,379,217,30,3
2017,03,읍면동,경기도 수원시 권선구 구운동,27399,2068,2770,4498,4029,4642,5049,2519,1256,508,56,4,13886,1056,1404,2362,2192,2319,2530,1289,542,177,14,1,13513,1012,1366,2136,1837,2323,2519,1230,714,331,42,3
2017,03,읍면동,경기도 수원시 권선구 권선1동,25325,1801,2315,4544,4717,4177,4405,1995,907,404,54,6,12838,904,1270,2264,2513,2082,2258,1012,402,121,10,2,12487,897,1045,2280,2204,2095,2147,983,505,283,44,4
2017,03,읍면동,경기도 수원시 권선구 권선2동,51151,6900,6087,7299,9624,8934,7607,2974,1144,490,89,3,25338,3593,3244,3705,4610,4274,3708,1541,507,139,15,2,25813,3307,2843,3594,5014,4660,3899,1433,637,351,74,1
2017,03,읍면동,경기도 수원시 권선구 금곡동,36555,4391,4574,4743,5630,6811,5771,2533,1393,640,67,2,18132,2308,2437,2437,2728,3278,2896,1232,576,229,10,1,18423,2083,2137,2306,2902,3533,2875,1301,817,411,57,1
2017,03,읍면동,경기도 수원시 권선구 서둔동,41478,3446,4175,6354,6806,6988,6921,3896,2068,712,103,9,21065,1768,2170,3288,3680,3625,3476,1908,905,223,19,3,20413,1678,2005,3066,3126,3363,3445,1988,1163,489,84,6
2017,03,읍면동,경기도 수원시 권선구 세류1동,11018,1058,761,1711,2122,1570,1883,1100,552,214,36,11,5552,570,398,873,1152,797,922,506,243,80,8,3,5466,488,363,838,970,773,961,594,309,134,28,8
2017,03,읍면동,경기도 수원시 권선구 세류2동,26068,1628,2165,4103,4325,4275,4684,2815,1470,527,71,5,13347,822,1148,2166,2407,2226,2334,1385,670,168,18,3,12721,806,1017,1937,1918,2049,2350,1430,800,359,53,2
2017,03,읍면동,경기도 수원시 권선구 세류3동,23601,1629,2215,3379,3621,4021,4187,2605,1357,500,79,8,11797,759,1169,1798,1927,2066,2039,1236,611,172,19,1,11804,870,1046,1581,1694,1955,2148,1369,746,328,60,7
2017,03,읍면동,경기도 수원시 권선구 입북동,18508,2569,2244,2059,3133,3702,2623,1234,668,243,33,0,9305,1287,1133,1120,1477,1942,1345,606,306,79,10,0,9203,1282,1111,939,1656,1760,1278,628,362,164,23,0
2017,03,읍면동,경기도 수원시 권선구 평동,37548,3447,4096,5488,5655,6451,6518,3374,1698,702,107,12,19100,1824,2092,2942,2917,3226,3387,1688,782,221,17,4,18448,1623,2004,2546,2738,3225,3131,1686,916,481,90,8
2017,03,읍면동,경기도 수원시 권선구 호매실동,30081,4714,3126,3575,6214,4882,4081,1950,1061,422,53,3,14912,2397,1581,1759,3101,2511,2048,925,450,124,14,2,15169,2317,1545,1816,3113,2371,2033,1025,611,298,39,1
2017,03,구,경기도 수원시 영통구 ,342626,39918,44341,54082,62399,65849,45549,17405,8759,3771,531,22,172514,20528,22903,28254,31545,32290,23545,8558,3661,1113,112,5,170112,19390,21438,25828,30854,33559,22004,8847,5098,2658,419,17
2017,03,읍면동,경기도 수원시 영통구 광교1동,46516,6300,6687,6271,8841,9994,5368,1772,847,373,61,2,23000,3250,3342,3007,4161,4975,2910,885,349,105,16,0,23516,3050,3345,3264,4680,5019,2458,887,498,268,45,2
2017,03,읍면동,경기도 수원시 영통구 광교2동,25826,4081,2568,2667,5839,4381,3209,1803,923,310,45,0,12491,2061,1307,1284,2836,2147,1536,824,403,83,10,0,13335,2020,1261,1383,3003,2234,1673,979,520,227,35,0
2017,03,읍면동,경기도 수원시 영통구 매탄1동,20711,1895,2578,3359,3188,3809,3185,1583,762,309,40,3,10424,953,1353,1900,1596,1831,1596,739,343,105,8,0,10287,942,1225,1459,1592,1978,1589,844,419,204,32,3
2017,03,읍면동,경기도 수원시 영통구 매탄2동,16710,1353,2097,2594,2390,3067,2821,1364,711,273,38,2,8315,706,1089,1307,1244,1489,1398,674,311,89,8,0,8395,647,1008,1287,1146,1578,1423,690,400,184,30,2
2017,03,읍면동,경기도 수원시 영통구 매탄3동,38590,3972,5294,6892,6481,7440,5118,1971,913,452,55,2,19911,2027,2724,3792,3528,3626,2699,990,390,121,14,0,18679,1945,2570,3100,2953,3814,2419,981,523,331,41,2
2017,03,읍면동,경기도 수원시 영통구 매탄4동,24409,2171,3060,3971,4016,4542,3726,1679,817,364,59,4,12134,1145,1564,2103,2045,2179,1822,832,337,88,17,2,12275,1026,1496,1868,1971,2363,1904,847,480,276,42,2
2017,03,읍면동,경기도 수원시 영통구 영통1동,42186,4993,5748,6567,7324,8552,5677,1823,999,435,66,2,21177,2585,2987,3434,3591,4179,2960,893,386,147,13,2,21009,2408,2761,3133,3733,4373,2717,930,613,288,53,0
2017,03,읍면동,경기도 수원시 영통구 영통2동,46992,6069,6703,6551,8886,9495,6055,1689,977,505,59,3,23458,3113,3502,3247,4416,4595,3218,832,377,149,9,0,23534,2956,3201,3304,4470,4900,2837,857,600,356,50,3
2017,03,읍면동,경기도 수원시 영통구 원천동,24596,2641,2221,4926,5654,4014,2806,1383,652,258,40,1,12847,1355,1236,2592,3094,2132,1407,664,283,76,7,1,11749,1286,985,2334,2560,1882,1399,719,369,182,33,0
2017,03,읍면동,경기도 수원시 영통구 태장동,56090,6443,7385,10284,9780,10555,7584,2338,1158,492,68,3,28757,3333,3799,5588,5034,5137,3999,1225,482,150,10,0,27333,3110,3586,4696,4746,5418,3585,1113,676,342,58,3
2017,03,구,경기도 수원시 장안구 ,296107,26021,35706,45616,41263,54047,48290,24039,14119,6031,897,78,148864,13425,18680,24743,20834,26622,24575,11689,6101,1953,220,22,147243,12596,17026,20873,20429,27425,23715,12350,8018,4078,677,56
2017,03,읍면동,경기도 수원시 장안구 송죽동,19462,1464,2005,2878,3084,3334,3386,1871,973,400,64,3,9669,763,1018,1473,1583,1650,1675,937,423,131,15,1,9793,701,987,1405,1501,1684,1711,934,550,269,49,2
2017,03,읍면동,경기도 수원시 장안구 연무동,19873,1104,1682,2999,2578,3030,3659,2413,1618,670,102,18,10106,596,852,1665,1486,1615,1812,1130,713,210,24,3,9767,508,830,1334,1092,1415,1847,1283,905,460,78,15
2017,03,읍면동,경기도 수원시 장안구 영화동,21889,1291,1621,3036,3301,3496,4248,2774,1505,515,83,19,10954,639,804,1561,1807,1831,2091,1314,695,189,17,6,10935,652,817,1475,1494,1665,2157,1460,810,326,66,13
2017,03,읍면동,경기도 수원시 장안구 율천동,44610,4095,5476,9576,6658,7455,6175,2811,1546,713,96,9,23508,2074,2975,5879,3415,3728,3146,1369,643,248,26,5,21102,2021,2501,3697,3243,3727,3029,1442,903,465,70,4
2017,03,읍면동,경기도 수원시 장안구 정자1동,34879,3769,4306,4897,5025,6688,5497,2611,1377,619,82,8,17355,1941,2304,2593,2413,3284,2788,1261,582,167,19,3,17524,1828,2002,2304,2612,3404,2709,1350,795,452,63,5
2017,03,읍면동,경기도 수원시 장안구 정자2동,32400,2794,4068,4545,4606,5995,5265,2724,1695,620,86,2,16089,1452,2115,2407,2297,2899,2656,1276,739,223,24,1,16311,1342,1953,2138,2309,3096,2609,1448,956,397,62,1
2017,03,읍면동,경기도 수원시 장안구 정자3동,45323,5118,7901,5995,5732,10470,6322,1904,1239,560,80,2,22505,2643,3996,3100,2586,5042,3494,949,510,163,22,0,22818,2475,3905,2895,3146,5428,2828,955,729,397,58,2
2017,03,읍면동,경기도 수원시 장안구 조원1동,31877,2443,3711,4720,4150,5630,5494,2934,1823,846,120,6,16026,1308,1946,2449,2201,2773,2790,1466,798,270,25,0,15851,1135,1765,2271,1949,2857,2704,1468,1025,576,95,6
2017,03,읍면동,경기도 수원시 장안구 조원2동,20431,1885,2586,3233,2377,3631,3691,1459,938,527,100,4,9883,980,1382,1630,1080,1612,1863,731,382,188,34,1,10548,905,1204,1603,1297,2019,1828,728,556,339,66,3
2017,03,읍면동,경기도 수원시 장안구 파장동,25363,2058,2350,3737,3752,4318,4553,2538,1405,561,84,7,12769,1029,1288,1986,1966,2188,2260,1256,616,164,14,2,12594,1029,1062,1751,1786,2130,2293,1282,789,397,70,5
2017,03,구,경기도 수원시 팔달구 ,197763,14501,18670,30063,30910,33535,33792,20207,11269,4124,610,82,99516,7543,9567,15674,16224,17141,17184,9690,4992,1326,154,21,98247,6958,9103,14389,14686,16394,16608,10517,6277,2798,456,61
2017,03,읍면동,경기도 수원시 팔달구 고등동,10480,532,821,1429,1469,1719,1912,1395,890,256,48,9,5342,298,404,728,841,896,989,657,420,89,14,6,5138,234,417,701,628,823,923,738,470,167,34,3
2017,03,읍면동,경기도 수원시 팔달구 매교동,10491,505,693,1420,1566,1602,2121,1374,869,292,43,6,5476,268,364,798,868,904,1095,674,388,102,11,4,5015,237,329,622,698,698,1026,700,481,190,32,2
2017,03,읍면동,경기도 수원시 팔달구 매산동,11323,578,696,2040,1970,1675,2006,1362,697,250,44,5,5823,276,355,1029,1078,893,1048,702,336,91,13,2,5500,302,341,1011,892,782,958,660,361,159,31,3
2017,03,읍면동,경기도 수원시 팔달구 우만1동,22756,1530,2083,3544,3669,3726,3838,2417,1362,513,66,8,11329,808,1103,1891,2006,1859,1832,1131,541,138,17,3,11427,722,980,1653,1663,1867,2006,1286,821,375,49,5
2017,03,읍면동,경기도 수원시 팔달구 우만2동,18503,1689,2253,3488,2820,3191,2732,1328,681,277,43,1,9293,881,1207,1970,1362,1536,1344,607,294,80,12,0,9210,808,1046,1518,1458,1655,1388,721,387,197,31,1
2017,03,읍면동,경기도 수원시 팔달구 인계동,44092,3621,3812,7146,8443,7611,6894,3841,1932,673,103,16,22360,1838,2014,3622,4422,4023,3484,1870,869,196,19,3,21732,1783,1798,3524,4021,3588,3410,1971,1063,477,84,13
2017,03,읍면동,경기도 수원시 팔달구 지동,14228,725,1141,1766,1903,2323,2679,1982,1216,440,44,9,7244,391,595,946,1047,1276,1362,938,546,135,7,1,6984,334,546,820,856,1047,1317,1044,670,305,37,8
2017,03,읍면동,경기도 수원시 팔달구 행궁동,11298,406,690,1318,1349,1725,2390,1879,1066,397,67,11,5991,210,352,715,791,1010,1325,924,504,138,22,0,5307,196,338,603,558,715,1065,955,562,259,45,11
2017,03,읍면동,경기도 수원시 팔달구 화서1동,25580,2128,2733,3497,3586,4505,4361,2672,1446,558,83,11,12434,1085,1330,1754,1816,2212,2136,1259,620,199,22,1,13146,1043,1403,1743,1770,2293,2225,1413,826,359,61,10
2017,03,읍면동,경기도 수원시 팔달구 화서2동,29012,2787,3748,4415,4135,5458,4859,1957,1110,468,69,6,14224,1488,1843,2221,1993,2532,2569,928,474,158,17,1,14788,1299,1905,2194,2142,2926,2290,1029,636,310,52,5
2017,03,시군,경기도 시흥시 ,405239,39213,49638,56550,60434,81069,68787,27602,15028,6049,805,64,212614,20155,25666,30764,32441,42739,37968,14436,6337,1911,178,19,192625,19058,23972,25786,27993,38330,30819,13166,8691,4138,627,45
2017,03,읍면동,경기도 시흥시 과림동,2146,63,66,197,219,244,568,482,207,88,10,2,1298,32,35,122,138,183,340,291,116,36,3,2,848,31,31,75,81,61,228,191,91,52,7,0
2017,03,읍면동,경기도 시흥시 군자동,25432,2495,2919,3350,4046,4571,4259,2160,1113,458,52,9,13257,1286,1520,1811,2229,2460,2257,1065,484,130,13,2,12175,1209,1399,1539,1817,2111,2002,1095,629,328,39,7
2017,03,읍면동,경기도 시흥시 능곡동,16062,1766,2523,1817,1832,3506,2538,1078,688,267,46,1,7949,911,1243,958,833,1725,1375,530,281,87,6,0,8113,855,1280,859,999,1781,1163,548,407,180,40,1
2017,03,읍면동,경기도 시흥시 대야동,32618,2183,3683,5101,3842,5642,6816,2983,1525,724,114,5,16635,1147,1904,2683,2052,2780,3611,1604,609,221,23,1,15983,1036,1779,2418,1790,2862,3205,1379,916,503,91,4
2017,03,읍면동,경기도 시흥시 매화동,13654,1077,1697,1781,1521,2668,2428,1250,833,349,48,2,7079,556,896,958,780,1407,1344,643,378,100,17,0,6575,521,801,823,741,1261,1084,607,455,249,31,2
2017,03,읍면동,경기도 시흥시 목감동,19542,2461,1713,2222,3583,3096,3148,1844,978,430,59,8,9912,1223,883,1159,1830,1663,1623,966,426,127,9,3,9630,1238,830,1063,1753,1433,1525,878,552,303,50,5
2017,03,읍면동,경기도 시흥시 신천동,41953,2787,5066,6684,4858,7782,8584,3544,1836,709,92,11,21567,1437,2617,3556,2601,3888,4610,1884,740,215,18,1,20386,1350,2449,3128,2257,3894,3974,1660,1096,494,74,10
2017,03,읍면동,경기도 시흥시 신현동,11513,820,1109,1651,1307,1944,2401,1244,680,307,44,6,5986,409,571,911,702,1001,1294,675,295,107,17,4,5527,411,538,740,605,943,1107,569,385,200,27,2
2017,03,읍면동,경기도 시흥시 연성동,24903,2383,3921,3295,2928,5602,3939,1441,984,354,50,6,12678,1197,2073,1731,1424,2771,2242,698,411,119,10,2,12225,1186,1848,1564,1504,2831,1697,743,573,235,40,4
2017,03,읍면동,경기도 시흥시 월곶동,16344,2038,1546,1666,3129,3314,2403,1276,701,241,29,1,8485,1045,813,851,1627,1824,1258,643,337,82,5,0,7859,993,733,815,1502,1490,1145,633,364,159,24,1
2017,03,읍면동,경기도 시흥시 은행동,30189,2668,4422,4589,3474,6002,5559,1937,1040,444,47,7,15149,1367,2283,2440,1677,2871,2958,1014,400,129,8,2,15040,1301,2139,2149,1797,3131,2601,923,640,315,39,5
2017,03,읍면동,경기도 시흥시 장곡동,18903,2349,3538,2232,2367,4506,2577,634,486,185,27,2,9490,1227,1816,1147,1048,2211,1490,302,177,59,12,1,9413,1122,1722,1085,1319,2295,1087,332,309,126,15,1
2017,03,읍면동,경기도 시흥시 정왕1동,27305,2349,2652,3940,5289,5964,4470,1636,733,240,31,1,15781,1175,1350,2356,3274,3630,2688,906,321,74,6,1,11524,1174,1302,1584,2015,2334,1782,730,412,166,25,0
2017,03,읍면동,경기도 시흥시 정왕2동,34542,3817,4860,5164,5121,7250,5352,1617,958,373,30,0,17895,1998,2514,2779,2597,3707,2942,843,377,132,6,0,16647,1819,2346,2385,2524,3543,2410,774,581,241,24,0
2017,03,읍면동,경기도 시흥시 정왕3동,26324,2677,2861,3528,4659,5498,4383,1592,765,311,49,1,14689,1357,1506,2000,2770,3185,2565,860,337,97,12,0,11635,1320,1355,1528,1889,2313,1818,732,428,214,37,1
2017,03,읍면동,경기도 시흥시 정왕4동,38956,5339,5626,5084,6417,8247,5397,1565,873,360,48,0,19617,2815,2889,2646,3006,4065,2938,772,347,132,7,0,19339,2524,2737,2438,3411,4182,2459,793,526,228,41,0
2017,03,읍면동,경기도 시흥시 정왕본동,24853,1941,1436,4249,5842,5233,3965,1319,628,209,29,2,15147,973,753,2656,3853,3368,2433,740,301,64,6,0,9706,968,683,1593,1989,1865,1532,579,327,145,23,2
2017,03,시군,경기도 안산시 ,687508,57908,82505,107805,98147,130018,121469,50203,26332,11467,1554,100,352203,29450,42737,57126,52327,65268,64409,25832,11106,3588,339,21,335305,28458,39768,50679,45820,64750,57060,24371,15226,7879,1215,79
2017,03,구,경기도 안산시 단원구 ,312633,26563,37984,47821,44690,59544,56395,23158,10950,4871,607,50,161230,13483,19750,25465,23879,30161,30067,12079,4717,1485,132,12,151403,13080,18234,22356,20811,29383,26328,11079,6233,3386,475,38
2017,03,읍면동,경기도 안산시 단원구 고잔1동,20924,1554,2571,3454,2800,3838,3752,1658,864,390,40,3,10531,774,1330,1837,1508,1877,1907,820,348,125,5,0,10393,780,1241,1617,1292,1961,1845,838,516,265,35,3
2017,03,읍면동,경기도 안산시 단원구 고잔2동,21749,1742,2543,3798,3489,3927,3761,1568,594,279,44,4,10811,877,1299,1944,1756,1911,1860,826,246,80,10,2,10938,865,1244,1854,1733,2016,1901,742,348,199,34,2
2017,03,읍면동,경기도 안산시 단원구 대부동,8255,339,484,804,702,984,1903,1578,942,437,76,6,4315,186,259,452,416,559,972,820,488,143,17,3,3940,153,225,352,286,425,931,758,454,294,59,3
2017,03,읍면동,경기도 안산시 단원구 선부1동,12593,1076,1199,1856,2075,2148,2338,1087,515,271,27,1,6501,546,626,1054,1194,1117,1163,553,180,59,8,1,6092,530,573,802,881,1031,1175,534,335,212,19,0
2017,03,읍면동,경기도 안산시 단원구 선부2동,22497,1586,2673,3389,3069,4591,4280,1674,842,336,54,3,12154,831,1415,1809,1752,2518,2487,847,372,107,15,1,10343,755,1258,1580,1317,2073,1793,827,470,229,39,2
2017,03,읍면동,경기도 안산시 단원구 선부3동,35401,3054,4537,5701,5296,6776,6257,2220,1024,489,41,6,18087,1533,2382,3012,2796,3349,3276,1181,406,143,8,1,17314,1521,2155,2689,2500,3427,2981,1039,618,346,33,5
2017,03,읍면동,경기도 안산시 단원구 와동,44545,3762,5403,6823,6967,8857,7516,2939,1563,638,75,2,23358,1976,2827,3658,3860,4674,4060,1477,616,195,15,0,21187,1786,2576,3165,3107,4183,3456,1462,947,443,60,2
2017,03,읍면동,경기도 안산시 단원구 원곡1동,5700,241,438,707,684,864,1313,865,442,125,19,2,3012,128,231,399,412,484,679,427,199,49,4,0,2688,113,207,308,272,380,634,438,243,76,15,2
2017,03,읍면동,경기도 안산시 단원구 원곡2동,16418,1445,2036,2574,2153,2893,3241,1395,465,186,26,4,8255,712,1064,1367,1067,1369,1632,759,227,51,7,0,8163,733,972,1207,1086,1524,1609,636,238,135,19,4
2017,03,읍면동,경기도 안산시 단원구 원곡본동,32852,3111,3292,4226,4945,6351,6081,2817,1392,575,55,7,17812,1581,1690,2358,2790,3553,3469,1493,677,186,14,1,15040,1530,1602,1868,2155,2798,2612,1324,715,389,41,6
2017,03,읍면동,경기도 안산시 단원구 초지동,42909,4431,5909,5977,6651,8764,6611,2597,1281,594,87,7,21906,2202,3051,3247,3476,4343,3553,1315,516,184,17,2,21003,2229,2858,2730,3175,4421,3058,1282,765,410,70,5
2017,03,읍면동,경기도 안산시 단원구 호수동,48790,4222,6899,8512,5859,9551,9342,2760,1026,551,63,5,24488,2137,3576,4328,2852,4407,5009,1561,442,163,12,1,24302,2085,3323,4184,3007,5144,4333,1199,584,388,51,4
2017,03,구,경기도 안산시 상록구 ,374875,31345,44521,59984,53457,70474,65074,27045,15382,6596,947,50,190973,15967,22987,31661,28448,35107,34342,13753,6389,2103,207,9,183902,15378,21534,28323,25009,35367,30732,13292,8993,4493,740,41
2017,03,읍면동,경기도 안산시 상록구 반월동,20157,1705,1725,2626,2918,3256,3719,2383,1289,480,52,4,10215,860,860,1402,1573,1697,1869,1189,597,158,8,2,9942,845,865,1224,1345,1559,1850,1194,692,322,44,2
2017,03,읍면동,경기도 안산시 상록구 본오1동,43528,4019,5599,6367,6431,8745,7068,2789,1762,664,82,2,22327,2029,2867,3401,3441,4468,3811,1343,739,210,17,1,21201,1990,2732,2966,2990,4277,3257,1446,1023,454,65,1
2017,03,읍면동,경기도 안산시 상록구 본오2동,30480,2366,4080,4773,3841,6111,5242,2060,1360,582,63,2,15042,1209,2047,2403,1934,2952,2686,1054,557,185,15,0,15438,1157,2033,2370,1907,3159,2556,1006,803,397,48,2
2017,03,읍면동,경기도 안산시 상록구 본오3동,23390,1702,2572,3941,3397,4268,4247,1662,1067,461,72,1,11638,853,1293,2004,1812,2104,2102,857,429,166,18,0,11752,849,1279,1937,1585,2164,2145,805,638,295,54,1
2017,03,읍면동,경기도 안산시 상록구 부곡동,24268,2078,2913,3756,3149,4746,4332,1754,1078,412,48,2,12403,1070,1472,1993,1611,2414,2397,889,414,136,6,1,11865,1008,1441,1763,1538,2332,1935,865,664,276,42,1
2017,03,읍면동,경기도 안산시 상록구 사1동,38652,3094,4316,6565,6341,7396,6064,2188,1586,929,162,11,20086,1588,2291,3505,3580,3799,3315,1104,577,279,46,2,18566,1506,2025,3060,2761,3597,2749,1084,1009,650,116,9
2017,03,읍면동,경기도 안산시 상록구 사2동,35676,3530,4734,5516,4986,6788,6044,2342,1168,490,76,2,18037,1767,2465,2878,2604,3292,3172,1214,482,145,18,0,17639,1763,2269,2638,2382,3496,2872,1128,686,345,58,2
2017,03,읍면동,경기도 안산시 상록구 사3동,19697,1721,2645,3536,2471,3692,3589,1329,476,199,38,1,10202,911,1352,1986,1261,1766,1907,734,227,53,5,0,9495,810,1293,1550,1210,1926,1682,595,249,146,33,1
2017,03,읍면동,경기도 안산시 상록구 성포동,26592,2085,3401,4661,3101,4486,5340,2034,890,508,80,6,13075,1063,1777,2450,1481,1976,2690,1084,377,152,23,2,13517,1022,1624,2211,1620,2510,2650,950,513,356,57,4
2017,03,읍면동,경기도 안산시 상록구 안산동,10086,823,928,1372,1301,1634,1966,1224,574,222,38,4,5228,417,484,732,703,884,1041,622,255,82,7,1,4858,406,444,640,598,750,925,602,319,140,31,3
2017,03,읍면동,경기도 안산시 상록구 월피동,45224,3564,5969,7656,5805,8618,8267,2927,1570,743,99,6,23154,1883,3177,4081,3088,4089,4452,1519,630,215,20,0,22070,1681,2792,3575,2717,4529,3815,1408,940,528,79,6
2017,03,읍면동,경기도 안산시 상록구 이동,28865,2026,2359,5295,5337,5169,4742,2201,1222,438,69,7,15238,1036,1261,2779,3046,2735,2562,1114,534,161,10,0,13627,990,1098,2516,2291,2434,2180,1087,688,277,59,7
2017,03,읍면동,경기도 안산시 상록구 일동,28260,2632,3280,3920,4379,5565,4454,2152,1340,468,68,2,14328,1281,1641,2047,2314,2931,2338,1030,571,161,14,0,13932,1351,1639,1873,2065,2634,2116,1122,769,307,54,2
2017,03,시군,경기도 안성시 ,182708,17447,19514,20902,26322,30699,29353,19140,12564,5972,753,42,93416,8936,10175,11389,13946,16355,15408,9559,5496,1965,179,8,89292,8511,9339,9513,12376,14344,13945,9581,7068,4007,574,34
2017,03,읍면동,경기도 안성시 고삼면,2062,70,120,222,164,249,432,359,280,151,15,0,1086,32,64,136,98,154,217,194,131,56,4,0,976,38,56,86,66,95,215,165,149,95,11,0
2017,03,읍면동,경기도 안성시 공도읍,56874,7866,7575,5629,10172,11320,6978,3967,2277,991,99,0,28449,3998,3914,2919,5029,5884,3563,1875,932,314,21,0,28425,3868,3661,2710,5143,5436,3415,2092,1345,677,78,0
2017,03,읍면동,경기도 안성시 금광면,8364,806,869,805,1083,1298,1363,1022,715,352,47,4,4121,410,467,420,529,708,680,495,289,111,11,1,4243,396,402,385,554,590,683,527,426,241,36,3
2017,03,읍면동,경기도 안성시 대덕면,16596,1748,1235,2298,3543,2689,2420,1431,810,358,62,2,9209,935,635,1276,2136,1591,1374,731,377,136,18,0,7387,813,600,1022,1407,1098,1046,700,433,222,44,2
2017,03,읍면동,경기도 안성시 미양면,6907,512,476,694,976,946,1195,997,700,360,47,4,3629,243,252,387,577,571,634,538,311,108,7,1,3278,269,224,307,399,375,561,459,389,252,40,3
2017,03,읍면동,경기도 안성시 보개면,5990,263,444,651,555,753,1201,928,755,395,41,4,3159,140,275,353,340,448,642,483,341,130,7,0,2831,123,169,298,215,305,559,445,414,265,34,4
2017,03,읍면동,경기도 안성시 삼죽면,3565,132,220,392,322,410,749,605,488,225,21,1,1880,72,115,231,196,237,405,308,218,95,3,0,1685,60,105,161,126,173,344,297,270,130,18,1
2017,03,읍면동,경기도 안성시 서운면,3853,151,249,442,339,498,763,654,486,244,25,2,2054,85,148,263,198,302,423,321,220,86,7,1,1799,66,101,179,141,196,340,333,266,158,18,1
2017,03,읍면동,경기도 안성시 안성1동,12279,765,1249,1662,1342,1783,2348,1524,1063,471,65,7,6155,400,619,891,732,905,1204,746,472,166,18,2,6124,365,630,771,610,878,1144,778,591,305,47,5
2017,03,읍면동,경기도 안성시 안성2동,19001,1868,2328,2383,2700,3456,3074,1707,974,455,54,2,9505,950,1197,1286,1355,1772,1570,822,412,125,15,1,9496,918,1131,1097,1345,1684,1504,885,562,330,39,1
2017,03,읍면동,경기도 안성시 안성3동,21228,1861,2900,3011,2469,3838,3617,1824,1161,478,64,5,10617,953,1538,1661,1217,1814,1888,899,487,146,14,0,10611,908,1362,1350,1252,2024,1729,925,674,332,50,5
2017,03,읍면동,경기도 안성시 양성면,5527,236,331,565,493,702,1148,931,637,416,66,2,2882,116,168,349,291,401,638,493,293,120,13,0,2645,120,163,216,202,301,510,438,344,296,53,2
2017,03,읍면동,경기도 안성시 원곡면,5068,370,394,541,638,755,1018,655,448,211,36,2,2685,187,216,310,347,441,547,349,204,72,11,1,2383,183,178,231,291,314,471,306,244,139,25,1
2017,03,읍면동,경기도 안성시 일죽면,8034,442,571,795,798,994,1563,1404,933,460,72,2,4127,239,288,436,468,565,816,717,417,159,21,1,3907,203,283,359,330,429,747,687,516,301,51,1
2017,03,읍면동,경기도 안성시 죽산면,7360,357,553,812,728,1008,1484,1132,837,405,39,5,3858,176,279,471,433,562,807,588,392,141,9,0,3502,181,274,341,295,446,677,544,445,264,30,5
2017,03,시군,경기도 안양시 ,598835,50210,65130,87536,89232,103861,104745,56579,28400,11440,1559,143,297533,25738,33774,45470,45471,50611,51613,28413,12419,3602,385,37,301302,24472,31356,42066,43761,53250,53132,28166,15981,7838,1174,106
2017,03,구,경기도 안양시 동안구 ,343963,30540,41355,49662,50779,62945,58305,29156,14054,6239,861,67,169500,15661,21447,25743,25266,29917,28635,14712,5990,1910,203,16,174463,14879,19908,23919,25513,33028,29670,14444,8064,4329,658,51
2017,03,읍면동,경기도 안양시 동안구 갈산동,11792,879,1574,1766,1312,2094,2112,1152,561,293,42,7,5743,436,820,931,615,954,1045,580,255,93,11,3,6049,443,754,835,697,1140,1067,572,306,200,31,4
2017,03,읍면동,경기도 안양시 동안구 관양1동,39361,3197,3866,6315,5754,6260,7174,3840,1989,852,107,7,19397,1668,1986,3343,3001,3001,3408,1847,844,270,28,1,19964,1529,1880,2972,2753,3259,3766,1993,1145,582,79,6
2017,03,읍면동,경기도 안양시 동안구 관양2동,20212,1701,1822,3004,3522,3461,3437,1816,1027,379,39,4,10245,843,909,1635,1883,1768,1711,896,460,130,10,0,9967,858,913,1369,1639,1693,1726,920,567,249,29,4
2017,03,읍면동,경기도 안양시 동안구 귀인동,17552,1635,3504,2216,1500,4208,2652,996,560,250,30,1,8663,863,1852,1096,627,1940,1416,526,240,97,6,0,8889,772,1652,1120,873,2268,1236,470,320,153,24,1
2017,03,읍면동,경기도 안양시 동안구 달안동,12125,1216,932,1632,2901,2128,1601,874,535,276,30,0,5637,634,491,756,1442,970,689,397,187,64,7,0,6488,582,441,876,1459,1158,912,477,348,212,23,0
2017,03,읍면동,경기도 안양시 동안구 범계동,16355,1397,2587,2238,2034,3457,2550,1036,667,334,52,3,7909,709,1373,1095,943,1573,1305,500,281,117,13,0,8446,688,1214,1143,1091,1884,1245,536,386,217,39,3
2017,03,읍면동,경기도 안양시 동안구 부림동,25784,2851,2788,3113,5487,5158,3545,1593,858,348,43,0,12491,1462,1428,1474,2697,2485,1691,791,332,121,10,0,13293,1389,1360,1639,2790,2673,1854,802,526,227,33,0
2017,03,읍면동,경기도 안양시 동안구 부흥동,18502,1799,2501,2348,2645,3692,2779,1582,706,389,59,2,8949,930,1329,1192,1269,1757,1301,780,282,93,16,0,9553,869,1172,1156,1376,1935,1478,802,424,296,43,2
2017,03,읍면동,경기도 안양시 동안구 비산1동,26020,2450,3056,3597,3646,4649,4466,2528,1109,437,66,16,12793,1274,1561,1850,1811,2233,2136,1282,493,140,12,1,13227,1176,1495,1747,1835,2416,2330,1246,616,297,54,15
2017,03,읍면동,경기도 안양시 동안구 비산2동,13844,1107,1510,2201,1879,2296,2606,1380,566,236,55,8,6739,551,779,1141,910,1057,1256,703,251,75,14,2,7105,556,731,1060,969,1239,1350,677,315,161,41,6
2017,03,읍면동,경기도 안양시 동안구 비산3동,24749,1720,2578,3960,3377,3946,4716,2498,1235,632,84,3,12361,892,1334,2170,1793,1886,2304,1256,528,175,21,2,12388,828,1244,1790,1584,2060,2412,1242,707,457,63,1
2017,03,읍면동,경기도 안양시 동안구 신촌동,13894,1067,1964,2178,1701,2570,2598,1158,444,189,25,0,6857,523,1032,1123,839,1148,1301,628,203,55,5,0,7037,544,932,1055,862,1422,1297,530,241,134,20,0
2017,03,읍면동,경기도 안양시 동안구 평안동,25351,2949,4155,2873,3656,5891,3267,1394,739,380,43,4,12471,1497,2191,1477,1665,2833,1671,730,277,115,11,4,12880,1452,1964,1396,1991,3058,1596,664,462,265,32,0
2017,03,읍면동,경기도 안양시 동안구 평촌동,16455,1779,2149,2358,2139,3290,2785,1083,591,254,25,2,8167,932,1101,1256,995,1523,1452,557,243,99,8,1,8288,847,1048,1102,1144,1767,1333,526,348,155,17,1
2017,03,읍면동,경기도 안양시 동안구 호계1동,11098,762,1011,1635,1727,1831,2133,1207,557,205,27,3,5731,409,531,875,952,965,1108,596,246,45,3,1,5367,353,480,760,775,866,1025,611,311,160,24,2
2017,03,읍면동,경기도 안양시 동안구 호계2동,25596,1972,2663,4202,3805,3972,4941,2581,980,413,62,5,12615,987,1357,2171,1940,1867,2382,1339,438,124,10,0,12981,985,1306,2031,1865,2105,2559,1242,542,289,52,5
2017,03,읍면동,경기도 안양시 동안구 호계3동,25273,2059,2695,4026,3694,4042,4943,2438,930,372,72,2,12732,1051,1373,2158,1884,1957,2459,1304,430,97,18,1,12541,1008,1322,1868,1810,2085,2484,1134,500,275,54,1
2017,03,구,경기도 안양시 만안구 ,254872,19670,23775,37874,38453,40916,46440,27423,14346,5201,698,76,128033,10077,12327,19727,20205,20694,22978,13701,6429,1692,182,21,126839,9593,11448,18147,18248,20222,23462,13722,7917,3509,516,55
2017,03,읍면동,경기도 안양시 만안구 박달1동,16875,1115,1533,2430,2191,2912,3296,1867,1100,376,47,8,8475,552,758,1266,1179,1521,1664,930,474,112,16,3,8400,563,775,1164,1012,1391,1632,937,626,264,31,5
2017,03,읍면동,경기도 안양시 만안구 박달2동,23226,2292,2620,3634,3643,3719,4057,1995,830,391,43,2,11648,1203,1364,1907,1834,1795,2002,1041,370,120,12,0,11578,1089,1256,1727,1809,1924,2055,954,460,271,31,2
2017,03,읍면동,경기도 안양시 만안구 석수1동,20698,1849,1869,2854,3184,3353,3678,2197,1172,460,73,9,10204,942,975,1496,1557,1677,1758,1091,545,144,16,3,10494,907,894,1358,1627,1676,1920,1106,627,316,57,6
2017,03,읍면동,경기도 안양시 만안구 석수2동,33839,2828,3302,4817,4974,5688,6023,3474,1957,678,90,8,16996,1456,1757,2454,2546,2893,3074,1703,872,222,18,1,16843,1372,1545,2363,2428,2795,2949,1771,1085,456,72,7
2017,03,읍면동,경기도 안양시 만안구 석수3동,15205,1362,1788,2155,2052,2664,2781,1349,733,282,37,2,7640,690,946,1186,1014,1350,1404,662,303,77,8,0,7565,672,842,969,1038,1314,1377,687,430,205,29,2
2017,03,읍면동,경기도 안양시 만안구 안양1동,18154,1596,1863,2743,2907,3011,3148,1791,759,287,47,2,9011,801,920,1449,1453,1466,1541,910,350,105,16,0,9143,795,943,1294,1454,1545,1607,881,409,182,31,2
2017,03,읍면동,경기도 안양시 만안구 안양2동,22947,1401,1960,3685,3251,3488,4422,2720,1484,473,56,7,11532,720,1023,1835,1756,1758,2218,1373,675,156,15,3,11415,681,937,1850,1495,1730,2204,1347,809,317,41,4
2017,03,읍면동,경기도 안양시 만안구 안양3동,17679,1151,1592,2716,2546,2761,3350,2137,1034,339,45,8,8849,600,840,1410,1385,1398,1584,1045,469,109,8,1,8830,551,752,1306,1161,1363,1766,1092,565,230,37,7
2017,03,읍면동,경기도 안양시 만안구 안양4동,7314,371,574,1158,1017,1092,1349,903,589,236,25,0,3687,184,299,569,580,589,666,455,242,94,9,0,3627,187,275,589,437,503,683,448,347,142,16,0
2017,03,읍면동,경기도 안양시 만안구 안양5동,13918,761,1166,1990,1900,2152,2637,1742,1103,415,49,3,6992,429,617,1018,1052,1090,1305,858,483,129,10,1,6926,332,549,972,848,1062,1332,884,620,286,39,2
2017,03,읍면동,경기도 안양시 만안구 안양6동,18997,1220,1340,2771,3401,2905,3396,2335,1167,409,43,10,9859,615,672,1487,1908,1556,1728,1176,537,158,18,4,9138,605,668,1284,1493,1349,1668,1159,630,251,25,6
2017,03,읍면동,경기도 안양시 만안구 안양7동,15390,1672,1486,2176,2890,2585,2521,1316,529,167,39,9,7752,857,767,1099,1499,1281,1260,668,256,51,10,4,7638,815,719,1077,1391,1304,1261,648,273,116,29,5
2017,03,읍면동,경기도 안양시 만안구 안양8동,12108,691,977,1936,1891,1818,2302,1453,726,266,46,2,6238,355,512,1064,1094,952,1085,744,347,75,10,0,5870,336,465,872,797,866,1217,709,379,191,36,2
2017,03,읍면동,경기도 안양시 만안구 안양9동,18522,1361,1705,2809,2606,2768,3480,2144,1163,422,58,6,9150,673,877,1487,1348,1368,1689,1045,506,140,16,1,9372,688,828,1322,1258,1400,1791,1099,657,282,42,5
2017,03,시군,경기도 양주시 ,206839,20467,24289,23403,27270,37965,33700,20956,13192,4892,665,40,104941,10394,12487,12514,13770,19655,17768,10388,6024,1768,163,10,101898,10073,11802,10889,13500,18310,15932,10568,7168,3124,502,30
2017,03,읍면동,경기도 양주시 광적면,11868,763,1028,1428,1251,1920,2528,1519,983,398,46,4,6385,380,558,822,720,1043,1427,825,448,149,13,0,5483,383,470,606,531,877,1101,694,535,249,33,4
2017,03,읍면동,경기도 양주시 남면,7567,491,551,925,883,1023,1549,1093,646,341,62,3,4166,256,283,569,522,634,873,616,294,104,13,2,3401,235,268,356,361,389,676,477,352,237,49,1
2017,03,읍면동,경기도 양주시 백석읍,28365,2222,3221,3532,3113,4919,5327,3186,1994,749,96,6,14369,1141,1672,1856,1627,2479,2805,1599,891,273,25,1,13996,1081,1549,1676,1486,2440,2522,1587,1103,476,71,5
2017,03,읍면동,경기도 양주시 양주1동,6190,310,442,709,594,876,1288,1020,642,272,36,1,3226,175,228,363,343,475,685,557,288,105,6,1,2964,135,214,346,251,401,603,463,354,167,30,0
2017,03,읍면동,경기도 양주시 양주2동,53966,7614,7536,4674,8250,11421,6366,4351,2817,816,116,5,26482,3874,3742,2429,3793,5875,3191,1957,1306,293,22,0,27484,3740,3794,2245,4457,5546,3175,2394,1511,523,94,5
2017,03,읍면동,경기도 양주시 은현면,6764,261,476,807,672,930,1574,1072,639,288,42,3,3778,137,245,483,409,575,894,602,313,108,12,0,2986,124,231,324,263,355,680,470,326,180,30,3
2017,03,읍면동,경기도 양주시 장흥면,10137,599,649,1136,1253,1245,2003,1809,979,389,70,5,5157,294,351,628,702,681,980,870,489,140,19,3,4980,305,298,508,551,564,1023,939,490,249,51,2
2017,03,읍면동,경기도 양주시 회천1동,10322,771,996,1571,1320,1695,1912,1100,657,261,31,8,5334,387,498,909,692,854,1043,558,297,87,7,2,4988,384,498,662,628,841,869,542,360,174,24,6
2017,03,읍면동,경기도 양주시 회천2동,28606,2425,3294,3824,3558,5181,5357,2720,1629,557,57,4,14523,1247,1750,1979,1846,2641,2814,1330,712,193,11,0,14083,1178,1544,1845,1712,2540,2543,1390,917,364,46,4
2017,03,읍면동,경기도 양주시 회천3동,29552,3132,4689,3399,3770,6334,4053,1914,1568,621,71,1,14630,1539,2426,1750,1789,3149,2155,892,664,242,23,1,14922,1593,2263,1649,1981,3185,1898,1022,904,379,48,0
2017,03,읍면동,경기도 양주시 회천4동,13502,1879,1407,1398,2606,2421,1743,1172,638,200,38,0,6891,964,734,726,1327,1249,901,582,322,74,12,0,6611,915,673,672,1279,1172,842,590,316,126,26,0
2017,03,시군,경기도 양평군 ,112068,8325,9831,10722,11869,16490,20559,17149,11461,4912,705,45,56547,4260,5218,5954,6008,8748,10496,8500,5423,1734,196,10,55521,4065,4613,4768,5861,7742,10063,8649,6038,3178,509,35
2017,03,읍면동,경기도 양평군 강상면,8783,888,779,749,1123,1409,1507,1212,757,305,49,5,4415,448,418,414,551,728,756,600,368,117,14,1,4368,440,361,335,572,681,751,612,389,188,35,4
2017,03,읍면동,경기도 양평군 강하면,4474,209,305,374,382,567,923,946,538,194,36,0,2246,111,169,206,203,299,448,443,276,81,10,0,2228,98,136,168,179,268,475,503,262,113,26,0
2017,03,읍면동,경기도 양평군 개군면,4969,284,345,439,439,649,973,872,651,285,31,1,2512,136,181,263,233,359,505,415,322,92,5,1,2457,148,164,176,206,290,468,457,329,193,26,0
2017,03,읍면동,경기도 양평군 단월면,3682,158,238,297,328,448,717,702,551,220,22,1,1882,73,150,160,186,264,339,375,255,75,5,0,1800,85,88,137,142,184,378,327,296,145,17,1
2017,03,읍면동,경기도 양평군 서종면,8711,639,724,655,840,1363,1690,1615,799,317,66,3,4401,325,408,364,410,706,826,821,405,113,22,1,4310,314,316,291,430,657,864,794,394,204,44,2
2017,03,읍면동,경기도 양평군 양동면,4615,184,227,364,340,470,923,985,698,368,50,6,2297,97,127,193,179,274,494,490,313,119,11,0,2318,87,100,171,161,196,429,495,385,249,39,6
2017,03,읍면동,경기도 양평군 양서면,12114,782,1012,1159,1291,1803,2252,1961,1247,528,75,4,6093,363,554,635,656,943,1126,960,635,198,21,2,6021,419,458,524,635,860,1126,1001,612,330,54,2
2017,03,읍면동,경기도 양평군 양평읍,30506,2778,3471,3495,3880,5112,5225,3352,2200,856,126,11,15312,1442,1777,1920,1915,2588,2694,1654,999,280,40,3,15194,1336,1694,1575,1965,2524,2531,1698,1201,576,86,8
2017,03,읍면동,경기도 양평군 옥천면,7422,559,529,734,812,1050,1407,1234,755,302,36,4,3796,286,290,418,417,598,702,595,376,107,7,0,3626,273,239,316,395,452,705,639,379,195,29,4
2017,03,읍면동,경기도 양평군 용문면,16438,1426,1527,1696,1737,2421,2813,2246,1698,770,99,5,8333,753,782,943,873,1296,1479,1120,777,280,28,2,8105,673,745,753,864,1125,1334,1126,921,490,71,3
2017,03,읍면동,경기도 양평군 지평면,6659,289,471,510,449,794,1367,1242,984,486,66,1,3374,164,250,293,242,456,708,640,431,165,25,0,3285,125,221,217,207,338,659,602,553,321,41,1
2017,03,읍면동,경기도 양평군 청운면,3695,129,203,250,248,404,762,782,583,281,49,4,1886,62,112,145,143,237,419,387,266,107,8,0,1809,67,91,105,105,167,343,395,317,174,41,4
2017,03,시군,경기도 여주시 ,111889,8987,11184,12250,13480,17286,19960,14201,9606,4301,592,42,56535,4685,5708,6659,6904,9081,10380,7123,4364,1509,106,16,55354,4302,5476,5591,6576,8205,9580,7078,5242,2792,486,26
2017,03,읍면동,경기도 여주시 가남읍,16106,1397,1528,1731,2293,2458,2756,2011,1279,565,81,7,8266,713,785,941,1226,1316,1448,1020,595,200,19,3,7840,684,743,790,1067,1142,1308,991,684,365,62,4
2017,03,읍면동,경기도 여주시 강천면,3948,171,297,367,317,517,786,689,500,262,39,3,2021,97,160,198,179,288,414,351,242,88,3,1,1927,74,137,169,138,229,372,338,258,174,36,2
2017,03,읍면동,경기도 여주시 금사면,3055,146,195,251,231,351,647,614,403,184,31,2,1557,68,113,141,133,184,350,301,191,70,6,0,1498,78,82,110,98,167,297,313,212,114,25,2
2017,03,읍면동,경기도 여주시 능서면,6609,340,576,612,623,783,1354,1049,800,412,60,0,3415,158,307,358,342,464,720,558,360,132,16,0,3194,182,269,254,281,319,634,491,440,280,44,0
2017,03,읍면동,경기도 여주시 대신면,7719,278,561,700,568,925,1659,1380,1087,497,61,3,3849,146,290,402,322,490,814,693,482,194,14,2,3870,132,271,298,246,435,845,687,605,303,47,1
2017,03,읍면동,경기도 여주시 북내면,5235,219,508,501,368,764,1034,774,673,349,42,3,2669,108,258,280,203,419,563,405,295,130,7,1,2566,111,250,221,165,345,471,369,378,219,35,2
2017,03,읍면동,경기도 여주시 산북면,2585,131,199,217,210,328,492,455,370,159,22,2,1264,56,94,116,103,179,241,233,176,62,3,1,1321,75,105,101,107,149,251,222,194,97,19,1
2017,03,읍면동,경기도 여주시 여흥동,21854,2088,2238,2678,3048,3680,3746,2355,1413,520,79,9,11011,1078,1131,1475,1516,1906,1927,1157,645,162,10,4,10843,1010,1107,1203,1532,1774,1819,1198,768,358,69,5
2017,03,읍면동,경기도 여주시 오학동,15051,1902,1590,1698,2560,2668,2321,1248,737,278,42,7,7525,1027,799,896,1235,1360,1181,608,322,90,5,2,7526,875,791,802,1325,1308,1140,640,415,188,37,5
2017,03,읍면동,경기도 여주시 점동면,4862,191,453,493,332,554,970,873,622,327,47,0,2502,105,247,278,184,307,525,443,287,114,12,0,2360,86,206,215,148,247,445,430,335,213,35,0
2017,03,읍면동,경기도 여주시 중앙동,19697,1870,2685,2533,2535,3650,3120,1803,1032,420,46,3,9792,984,1350,1305,1247,1822,1625,855,452,144,6,2,9905,886,1335,1228,1288,1828,1495,948,580,276,40,1
2017,03,읍면동,경기도 여주시 흥천면,5168,254,354,469,395,608,1075,950,690,328,42,3,2664,145,174,269,214,346,572,499,317,123,5,0,2504,109,180,200,181,262,503,451,373,205,37,3
2017,03,시군,경기도 연천군 ,45791,3535,3784,5983,4912,5735,7986,6256,5057,2196,317,30,24051,1819,2013,3844,2683,3183,4282,3124,2205,807,80,11,21740,1716,1771,2139,2229,2552,3704,3132,2852,1389,237,19
2017,03,읍면동,경기도 연천군 군남면,3616,179,229,389,279,391,697,618,555,244,33,2,1902,83,123,256,165,236,374,317,247,91,9,1,1714,96,106,133,114,155,323,301,308,153,24,1
2017,03,읍면동,경기도 연천군 미산면,1746,67,79,173,97,160,383,371,276,119,18,3,915,36,40,109,56,97,204,198,128,42,4,1,831,31,39,64,41,63,179,173,148,77,14,2
2017,03,읍면동,경기도 연천군 백학면,2841,154,204,278,215,314,572,466,453,169,16,0,1504,80,112,183,129,185,306,229,207,67,6,0,1337,74,92,95,86,129,266,237,246,102,10,0
2017,03,읍면동,경기도 연천군 신서면,3089,97,164,425,201,300,565,603,505,200,27,2,1671,48,84,326,120,187,303,283,228,82,9,1,1418,49,80,99,81,113,262,320,277,118,18,1
2017,03,읍면동,경기도 연천군 연천읍,8300,817,583,1429,1058,908,1218,952,893,386,54,2,4488,428,306,976,598,519,681,461,357,148,14,0,3812,389,277,453,460,389,537,491,536,238,40,2
2017,03,읍면동,경기도 연천군 왕징면,1092,41,57,91,61,110,189,247,209,72,14,1,576,28,31,56,39,71,104,121,95,27,3,1,516,13,26,35,22,39,85,126,114,45,11,0
2017,03,읍면동,경기도 연천군 장남면,742,34,40,60,46,87,143,139,132,49,11,1,368,15,25,37,24,50,71,67,62,17,0,0,374,19,15,23,22,37,72,72,70,32,11,1
2017,03,읍면동,경기도 연천군 전곡읍,19941,1946,2162,2588,2544,2969,3312,2133,1453,715,104,15,10273,1011,1137,1512,1316,1550,1743,1095,627,249,27,6,9668,935,1025,1076,1228,1419,1569,1038,826,466,77,9
2017,03,읍면동,경기도 연천군 중면,223,12,15,64,23,14,35,29,18,11,2,0,131,5,7,53,12,8,19,16,8,3,0,0,92,7,8,11,11,6,16,13,10,8,2,0
2017,03,읍면동,경기도 연천군 청산면,4201,188,251,486,388,482,872,698,563,231,38,4,2223,85,148,336,224,280,477,337,246,81,8,1,1978,103,103,150,164,202,395,361,317,150,30,3
2017,03,시군,경기도 오산시 ,209901,27074,24426,26745,40483,39173,27281,13721,7809,2770,387,32,107723,13970,12518,14197,21173,20589,14221,6665,3350,946,88,6,102178,13104,11908,12548,19310,18584,13060,7056,4459,1824,299,26
2017,03,읍면동,경기도 오산시 남촌동,22324,1541,1587,4440,5940,3858,2615,1366,709,228,35,5,12808,801,806,2507,3732,2315,1517,712,339,71,7,1,9516,740,781,1933,2208,1543,1098,654,370,157,28,4
2017,03,읍면동,경기도 오산시 대원동,66549,8915,8216,8581,12551,12718,8432,4019,2239,762,110,6,34053,4595,4340,4564,6374,6576,4442,1930,939,264,29,0,32496,4320,3876,4017,6177,6142,3990,2089,1300,498,81,6
2017,03,읍면동,경기도 오산시 세마동,19527,2995,2252,2158,3609,3684,2545,1330,678,229,42,5,9930,1599,1131,1137,1723,1967,1308,656,318,80,10,1,9597,1396,1121,1021,1886,1717,1237,674,360,149,32,4
2017,03,읍면동,경기도 오산시 신장동,56614,8322,6261,6270,11055,9951,7533,4042,2259,802,112,7,28307,4260,3125,3269,5638,5139,3692,1941,958,264,21,0,28307,4062,3136,3001,5417,4812,3841,2101,1301,538,91,7
2017,03,읍면동,경기도 오산시 중앙동,27834,3055,3818,3477,4206,5599,3926,1944,1250,499,56,4,13991,1535,1955,1800,2139,2823,2100,929,520,176,13,1,13843,1520,1863,1677,2067,2776,1826,1015,730,323,43,3
2017,03,읍면동,경기도 오산시 초평동,17053,2246,2292,1819,3122,3363,2230,1020,674,250,32,5,8634,1180,1161,920,1567,1769,1162,497,276,91,8,3,8419,1066,1131,899,1555,1594,1068,523,398,159,24,2
2017,03,시군,경기도 용인시 ,993537,111082,124785,117963,150828,195918,135075,82177,53266,19423,2864,156,493751,56984,64491,60862,72892,97999,69540,38030,24818,7394,716,25,499786,54098,60294,57101,77936,97919,65535,44147,28448,12029,2148,131
2017,03,구,경기도 용인시 기흥구 ,417882,51513,52501,47598,66985,84301,53025,32390,21046,7375,1100,48,206792,26431,27046,24491,32032,42222,26882,14713,9838,2850,280,7,211090,25082,25455,23107,34953,42079,26143,17677,11208,4525,820,41
2017,03,읍면동,경기도 용인시 기흥구 구갈동,27050,2283,3063,4374,4582,4984,4124,2060,1117,399,61,3,13606,1148,1540,2215,2415,2509,2127,996,516,128,12,0,13444,1135,1523,2159,2167,2475,1997,1064,601,271,49,3
2017,03,읍면동,경기도 용인시 기흥구 구성동,40765,4937,5073,3761,5938,8502,4884,3866,2777,899,122,6,19742,2529,2574,1933,2718,4239,2359,1665,1310,391,23,1,21023,2408,2499,1828,3220,4263,2525,2201,1467,508,99,5
2017,03,읍면동,경기도 용인시 기흥구 기흥동,22724,2749,2392,2511,3802,4211,3222,2117,1228,424,64,4,11280,1383,1275,1312,1872,2137,1553,1001,588,139,20,0,11444,1366,1117,1199,1930,2074,1669,1116,640,285,44,4
2017,03,읍면동,경기도 용인시 기흥구 동백동,80500,11785,12957,7227,12122,19042,8621,4604,3000,992,141,9,39467,6004,6692,3682,5226,9560,4516,2005,1363,379,38,2,41033,5781,6265,3545,6896,9482,4105,2599,1637,613,103,7
2017,03,읍면동,경기도 용인시 기흥구 마북동,32457,3314,3570,3799,4762,5763,4455,3378,2452,849,110,5,15917,1713,1808,1989,2296,2803,2222,1488,1213,354,31,0,16540,1601,1762,1810,2466,2960,2233,1890,1239,495,79,5
2017,03,읍면동,경기도 용인시 기흥구 보정동,36562,4267,4435,3837,5481,7371,4415,3395,2518,724,119,0,17975,2211,2254,1936,2529,3622,2258,1540,1271,328,26,0,18587,2056,2181,1901,2952,3749,2157,1855,1247,396,93,0
2017,03,읍면동,경기도 용인시 기흥구 상갈동,46622,5231,6116,5113,7028,9613,6012,3818,2678,888,117,8,23476,2744,3194,2601,3505,4899,3120,1744,1278,355,34,2,23146,2487,2922,2512,3523,4714,2892,2074,1400,533,83,6
2017,03,읍면동,경기도 용인시 기흥구 상하동,25373,2847,3272,2973,3659,5134,3610,2078,1282,453,62,3,12396,1455,1679,1541,1732,2496,1810,942,574,156,11,0,12977,1392,1593,1432,1927,2638,1800,1136,708,297,51,3
2017,03,읍면동,경기도 용인시 기흥구 서농동,24117,3808,2160,4450,5408,3647,2668,1177,576,185,37,1,12375,1969,1136,2382,2812,1883,1311,559,254,60,9,0,11742,1839,1024,2068,2596,1764,1357,618,322,125,28,1
2017,03,읍면동,경기도 용인시 기흥구 신갈동,36545,3860,4274,4472,5664,7176,5296,2991,1975,728,104,5,18135,1960,2191,2264,2809,3613,2752,1387,855,279,24,1,18410,1900,2083,2208,2855,3563,2544,1604,1120,449,80,4
2017,03,읍면동,경기도 용인시 기흥구 영덕동,45167,6432,5189,5081,8539,8858,5718,2906,1443,834,163,4,22423,3315,2703,2636,4118,4461,2854,1386,616,281,52,1,22744,3117,2486,2445,4421,4397,2864,1520,827,553,111,3
2017,03,구,경기도 용인시 수지구 ,348352,38832,46225,40888,51476,71388,45071,27915,19164,6383,968,42,170435,19959,23606,20587,23901,34781,23188,12468,9150,2550,239,6,177917,18873,22619,20301,27575,36607,21883,15447,10014,3833,729,36
2017,03,읍면동,경기도 용인시 수지구 동천동,36443,4076,4639,4439,5382,7571,4936,3022,1740,534,100,4,17978,2093,2377,2243,2496,3744,2512,1441,849,206,17,0,18465,1983,2262,2196,2886,3827,2424,1581,891,328,83,4
2017,03,읍면동,경기도 용인시 수지구 상현1동,47752,5491,6512,5582,7207,9762,6018,3804,2429,808,135,4,23250,2834,3319,2762,3289,4738,3125,1653,1183,321,26,0,24502,2657,3193,2820,3918,5024,2893,2151,1246,487,109,4
2017,03,읍면동,경기도 용인시 수지구 상현2동,33180,3589,4654,3554,4346,6847,4320,2964,2153,651,100,2,16106,1873,2346,1786,1953,3298,2215,1301,1050,256,28,0,17074,1716,2308,1768,2393,3549,2105,1663,1103,395,72,2
2017,03,읍면동,경기도 용인시 수지구 성복동,37867,3941,4563,3856,4679,7166,5029,4559,3074,835,156,9,18189,1984,2292,1990,1975,3449,2471,1977,1628,378,43,2,19678,1957,2271,1866,2704,3717,2558,2582,1446,457,113,7
2017,03,읍면동,경기도 용인시 수지구 신봉동,37269,4293,5299,3684,4840,8258,4630,3100,2322,747,91,5,18135,2152,2708,1883,2128,3994,2425,1345,1139,341,20,0,19134,2141,2591,1801,2712,4264,2205,1755,1183,406,71,5
2017,03,읍면동,경기도 용인시 수지구 죽전1동,59290,6896,7963,7310,9019,12134,7557,4195,2996,1053,160,7,28953,3529,4069,3667,4202,5927,3842,1893,1367,413,43,1,30337,3367,3894,3643,4817,6207,3715,2302,1629,640,117,6
2017,03,읍면동,경기도 용인시 수지구 죽전2동,19552,1996,1951,2881,3759,3400,2751,1467,909,393,44,1,9639,1037,1016,1402,1898,1665,1357,684,426,146,8,0,9913,959,935,1479,1861,1735,1394,783,483,247,36,1
2017,03,읍면동,경기도 용인시 수지구 풍덕천1동,37324,3742,4451,5104,6368,7157,5079,2729,1918,671,102,3,18679,1931,2335,2646,3271,3541,2609,1256,823,237,30,0,18645,1811,2116,2458,3097,3616,2470,1473,1095,434,72,3
2017,03,읍면동,경기도 용인시 수지구 풍덕천2동,39675,4808,6193,4478,5876,9093,4751,2075,1623,691,80,7,19506,2526,3144,2208,2689,4425,2632,918,685,252,24,3,20169,2282,3049,2270,3187,4668,2119,1157,938,439,56,4
2017,03,구,경기도 용인시 처인구 ,227303,20737,26059,29477,32367,40229,36979,21872,13056,5665,796,66,116524,10594,13839,15784,16959,20996,19470,10849,5830,1994,197,12,110779,10143,12220,13693,15408,19233,17509,11023,7226,3671,599,54
2017,03,읍면동,경기도 용인시 처인구 남사면,7009,307,552,739,660,1039,1428,1074,747,404,54,5,3718,161,274,412,378,615,811,561,332,159,15,0,3291,146,278,327,282,424,617,513,415,245,39,5
2017,03,읍면동,경기도 용인시 처인구 동부동,14234,1066,1551,1991,1900,2493,2574,1505,793,310,45,6,7246,538,840,1059,1009,1257,1305,763,357,109,9,0,6988,528,711,932,891,1236,1269,742,436,201,36,6
2017,03,읍면동,경기도 용인시 처인구 모현면,26321,2535,2629,3242,3863,4594,4354,2809,1579,624,84,8,13848,1339,1371,1782,2038,2482,2378,1451,751,234,20,2,12473,1196,1258,1460,1825,2112,1976,1358,828,390,64,6
2017,03,읍면동,경기도 용인시 처인구 백암면,8855,357,679,995,819,1188,1799,1408,990,528,84,8,4630,180,366,557,488,677,987,725,428,194,25,3,4225,177,313,438,331,511,812,683,562,334,59,5
2017,03,읍면동,경기도 용인시 처인구 양지면,18481,1538,2455,2253,2533,3067,3116,1873,1047,506,88,5,9804,826,1412,1244,1377,1632,1655,973,494,166,24,1,8677,712,1043,1009,1156,1435,1461,900,553,340,64,4
2017,03,읍면동,경기도 용인시 처인구 역삼동,30378,3304,3516,4599,5171,5383,4343,2246,1284,461,64,7,15274,1664,1823,2431,2646,2645,2201,1086,595,165,17,1,15104,1640,1693,2168,2525,2738,2142,1160,689,296,47,6
2017,03,읍면동,경기도 용인시 처인구 원삼면,7845,431,570,748,776,1131,1546,1311,860,417,50,5,4078,231,287,422,448,644,804,681,401,144,15,1,3767,200,283,326,328,487,742,630,459,273,35,4
2017,03,읍면동,경기도 용인시 처인구 유림동,33046,3678,4682,3947,4936,6814,4697,2281,1429,520,60,2,16690,1812,2485,2047,2488,3432,2522,1090,601,195,18,0,16356,1866,2197,1900,2448,3382,2175,1191,828,325,42,2
2017,03,읍면동,경기도 용인시 처인구 이동면,21427,2157,2153,2230,3015,3716,3737,2296,1353,660,101,9,10885,1084,1147,1251,1553,2005,1944,1090,577,208,25,1,10542,1073,1006,979,1462,1711,1793,1206,776,452,76,8
2017,03,읍면동,경기도 용인시 처인구 중앙동,24756,2016,2691,3946,3533,4298,4131,2307,1236,518,71,9,12492,1034,1408,2039,1854,2223,2068,1124,541,181,17,3,12264,982,1283,1907,1679,2075,2063,1183,695,337,54,6
2017,03,읍면동,경기도 용인시 처인구 포곡읍,34951,3348,4581,4787,5161,6506,5254,2762,1738,717,95,2,17859,1725,2426,2540,2680,3384,2795,1305,753,239,12,0,17092,1623,2155,2247,2481,3122,2459,1457,985,478,83,2
2017,03,시군,경기도 의왕시 ,155592,13971,16373,22078,22180,26513,27718,15215,7598,3393,512,41,77760,7222,8406,11636,11434,13051,13678,7706,3420,1072,125,10,77832,6749,7967,10442,10746,13462,14040,7509,4178,2321,387,31
2017,03,읍면동,경기도 의왕시 고천동,12497,1002,1155,1626,1823,1876,2301,1612,725,331,45,1,6300,509,598,864,968,946,1104,842,358,98,12,1,6197,493,557,762,855,930,1197,770,367,233,33,0
2017,03,읍면동,경기도 의왕시 내손1동,22549,1942,2637,3548,2888,3963,4334,1904,848,419,57,9,11079,997,1368,1825,1402,1856,2147,969,369,133,12,1,11470,945,1269,1723,1486,2107,2187,935,479,286,45,8
2017,03,읍면동,경기도 의왕시 내손2동,33030,3196,3189,5063,4972,5588,5847,2967,1382,700,120,6,16395,1633,1694,2647,2504,2703,2909,1511,570,201,22,1,16635,1563,1495,2416,2468,2885,2938,1456,812,499,98,5
2017,03,읍면동,경기도 의왕시 부곡동,26359,2087,2634,3752,3715,4355,4559,2631,1744,782,91,9,13479,1098,1311,2040,2090,2228,2317,1319,771,273,29,3,12880,989,1323,1712,1625,2127,2242,1312,973,509,62,6
2017,03,읍면동,경기도 의왕시 오전동,39763,3590,4654,5319,5495,6998,7160,4014,1742,662,123,6,19852,1869,2381,2809,2754,3428,3505,2056,824,198,26,2,19911,1721,2273,2510,2741,3570,3655,1958,918,464,97,4
2017,03,읍면동,경기도 의왕시 청계동,21394,2154,2104,2770,3287,3733,3517,2087,1157,499,76,10,10655,1116,1054,1451,1716,1890,1696,1009,528,169,24,2,10739,1038,1050,1319,1571,1843,1821,1078,629,330,52,8
2017,03,시군,경기도 의정부시 ,438573,36906,47769,59250,60148,77712,74810,43362,27090,10085,1260,181,216549,18963,24617,30318,30518,38430,37427,20546,11837,3536,318,39,222024,17943,23152,28932,29630,39282,37383,22816,15253,6549,942,142
2017,03,읍면동,경기도 의정부시 가능1동,24828,1505,2342,3540,3123,4092,4888,2842,1753,664,69,10,12490,775,1199,1872,1702,2085,2463,1357,778,245,13,1,12338,730,1143,1668,1421,2007,2425,1485,975,419,56,9
2017,03,읍면동,경기도 의정부시 가능2동,10803,854,1131,1537,1464,1769,1945,1096,719,242,38,8,5388,409,608,790,792,920,961,497,313,83,13,2,5415,445,523,747,672,849,984,599,406,159,25,6
2017,03,읍면동,경기도 의정부시 가능3동,10782,626,1067,1422,1293,1830,2058,1272,830,319,47,18,5434,327,564,782,677,956,1062,595,351,109,10,1,5348,299,503,640,616,874,996,677,479,210,37,17
2017,03,읍면동,경기도 의정부시 녹양동,23396,2208,2673,3149,3202,4218,3987,2118,1274,505,59,3,11707,1199,1406,1646,1631,2089,1967,1015,563,174,17,0,11689,1009,1267,1503,1571,2129,2020,1103,711,331,42,3
2017,03,읍면동,경기도 의정부시 송산1동,33788,2800,3942,4523,4363,6177,5953,3183,1898,821,117,11,16801,1392,2061,2413,2247,3024,3031,1542,802,261,28,0,16987,1408,1881,2110,2116,3153,2922,1641,1096,560,89,11
2017,03,읍면동,경기도 의정부시 송산2동,57646,6926,7777,6724,8610,11654,8141,4043,2612,1025,130,4,28140,3521,3916,3414,4114,5680,4162,1853,1093,364,21,2,29506,3405,3861,3310,4496,5974,3979,2190,1519,661,109,2
2017,03,읍면동,경기도 의정부시 신곡1동,44266,3560,5086,6194,5721,7965,7876,4289,2528,935,102,10,21866,1846,2577,3238,2927,3772,3953,2096,1104,320,31,2,22400,1714,2509,2956,2794,4193,3923,2193,1424,615,71,8
2017,03,읍면동,경기도 의정부시 신곡2동,47152,4057,6261,6712,5691,8756,8222,3978,2376,964,127,8,22889,2091,3265,3378,2737,4086,4074,1907,1009,305,36,1,24263,1966,2996,3334,2954,4670,4148,2071,1367,659,91,7
2017,03,읍면동,경기도 의정부시 의정부1동,20603,997,1407,3227,2958,3262,4109,2535,1445,550,86,27,10650,526,683,1623,1678,1806,2165,1281,656,201,26,5,9953,471,724,1604,1280,1456,1944,1254,789,349,60,22
2017,03,읍면동,경기도 의정부시 의정부2동,28242,1789,2372,4596,4338,4743,4954,2858,1868,641,75,8,14027,921,1257,2289,2318,2378,2467,1324,805,233,32,3,14215,868,1115,2307,2020,2365,2487,1534,1063,408,43,5
2017,03,읍면동,경기도 의정부시 의정부3동,13297,621,952,2147,1858,2053,2571,1627,1002,405,41,20,6689,325,514,1067,988,1123,1346,767,399,145,11,4,6608,296,438,1080,870,930,1225,860,603,260,30,16
2017,03,읍면동,경기도 의정부시 자금동,30234,2751,3429,3948,4053,5456,5178,2795,1803,708,96,17,14840,1394,1801,1990,2016,2632,2607,1348,774,248,20,10,15394,1357,1628,1958,2037,2824,2571,1447,1029,460,76,7
2017,03,읍면동,경기도 의정부시 장암동,20768,1855,2234,2414,2858,3607,3393,2265,1470,594,68,10,9974,934,1142,1255,1389,1791,1639,1027,614,171,11,1,10794,921,1092,1159,1469,1816,1754,1238,856,423,57,9
2017,03,읍면동,경기도 의정부시 호원1동,35417,2951,2966,4456,5526,5670,5540,4528,2813,841,106,20,17392,1574,1507,2152,2824,2909,2609,2120,1340,327,25,5,18025,1377,1459,2304,2702,2761,2931,2408,1473,514,81,15
2017,03,읍면동,경기도 의정부시 호원2동,37351,3406,4130,4661,5090,6460,5995,3933,2699,871,99,7,18262,1729,2117,2409,2478,3179,2921,1817,1236,350,24,2,19089,1677,2013,2252,2612,3281,3074,2116,1463,521,75,5
2017,03,시군,경기도 이천시 ,211038,21985,24363,26874,31805,35321,33146,19302,12077,5379,741,45,107482,11316,12705,14219,16514,18175,17399,9733,5386,1836,188,11,103556,10669,11658,12655,15291,17146,15747,9569,6691,3543,553,34
2017,03,읍면동,경기도 이천시 관고동,10586,765,1067,1593,1523,1673,1975,1116,607,234,31,2,5310,420,510,818,821,827,1013,567,252,73,8,1,5276,345,557,775,702,846,962,549,355,161,23,1
2017,03,읍면동,경기도 이천시 대월면,14027,1568,1410,2038,2500,2098,1927,1265,840,317,58,6,6987,809,723,949,1249,1113,1030,633,357,108,14,2,7040,759,687,1089,1251,985,897,632,483,209,44,4
2017,03,읍면동,경기도 이천시 마장면,10517,1031,1008,1415,1575,1524,1613,1163,774,352,58,4,5664,541,532,830,893,880,885,609,355,123,16,0,4853,490,476,585,682,644,728,554,419,229,42,4
2017,03,읍면동,경기도 이천시 모가면,4681,216,324,488,434,573,1020,745,569,266,45,1,2495,118,195,286,258,323,564,382,263,95,11,0,2186,98,129,202,176,250,456,363,306,171,34,1
2017,03,읍면동,경기도 이천시 백사면,10457,786,982,1315,1195,1613,1990,1244,851,421,58,2,5351,409,527,687,652,828,1052,636,395,146,19,0,5106,377,455,628,543,785,938,608,456,275,39,2
2017,03,읍면동,경기도 이천시 부발읍,37870,5003,4955,4654,6783,6880,4886,2561,1460,600,84,4,19304,2532,2577,2372,3406,3584,2656,1302,648,210,17,0,18566,2471,2378,2282,3377,3296,2230,1259,812,390,67,4
2017,03,읍면동,경기도 이천시 설성면,5176,256,346,520,460,608,1046,885,677,340,36,2,2699,116,167,305,263,374,569,462,309,125,8,1,2477,140,179,215,197,234,477,423,368,215,28,1
2017,03,읍면동,경기도 이천시 신둔면,11512,898,1057,1366,1422,1843,2274,1385,830,366,67,4,6032,484,558,725,764,1006,1222,735,396,126,15,1,5480,414,499,641,658,837,1052,650,434,240,52,3
2017,03,읍면동,경기도 이천시 율면,2903,92,168,249,200,308,555,549,452,294,34,2,1459,51,74,147,118,185,297,267,211,99,9,1,1444,41,94,102,82,123,258,282,241,195,25,1
2017,03,읍면동,경기도 이천시 장호원읍,15788,1335,1702,1706,1900,2340,2737,1954,1333,691,81,9,7983,689,884,958,988,1223,1400,963,604,240,30,4,7805,646,818,748,912,1117,1337,991,729,451,51,5
2017,03,읍면동,경기도 이천시 중리동,14453,1223,1149,2318,2476,2124,2480,1475,831,323,53,1,7819,663,608,1387,1505,1113,1275,741,398,116,13,0,6634,560,541,931,971,1011,1205,734,433,207,40,1
2017,03,읍면동,경기도 이천시 증포동,48525,6991,7825,5569,7980,9871,6179,2231,1261,552,63,3,24129,3563,4126,2853,3770,4769,3272,1097,497,167,14,1,24396,3428,3699,2716,4210,5102,2907,1134,764,385,49,2
2017,03,읍면동,경기도 이천시 창전동,18692,1375,1977,2981,2633,3004,3369,1912,1045,360,32,4,9204,690,1024,1552,1408,1436,1575,937,449,127,6,0,9488,685,953,1429,1225,1568,1794,975,596,233,26,4
2017,03,읍면동,경기도 이천시 호법면,5851,446,393,662,724,862,1095,817,547,263,41,1,3046,231,200,350,419,514,589,402,252,81,8,0,2805,215,193,312,305,348,506,415,295,182,33,1
2017,03,시군,경기도 파주시 ,431539,47644,48643,52767,67474,77255,63116,37087,25602,10351,1435,165,218987,24288,25200,27587,35503,40136,33095,17902,11095,3768,364,49,212552,23356,23443,25180,31971,37119,30021,19185,14507,6583,1071,116
2017,03,읍면동,경기도 파주시 광탄면,12297,590,897,1538,1205,1668,2675,1777,1220,616,98,13,6597,315,473,899,708,954,1511,961,548,205,19,4,5700,275,424,639,497,714,1164,816,672,411,79,9
2017,03,읍면동,경기도 파주시 교하동,42586,5216,5919,4281,6495,9064,5695,3097,1879,817,112,11,21509,2680,3117,2274,3123,4638,3058,1502,825,268,23,1,21077,2536,2802,2007,3372,4426,2637,1595,1054,549,89,10
2017,03,읍면동,경기도 파주시 금촌1동,23408,1615,1953,3490,3488,3718,4240,2530,1611,654,98,11,12250,803,1049,1922,1980,2037,2261,1255,681,232,25,5,11158,812,904,1568,1508,1681,1979,1275,930,422,73,6
2017,03,읍면동,경기도 파주시 금촌2동,35860,4797,4918,4189,6157,6912,4501,2176,1559,564,79,8,17639,2454,2552,2003,3139,3406,2275,974,621,196,18,1,18221,2343,2366,2186,3018,3506,2226,1202,938,368,61,7
2017,03,읍면동,경기도 파주시 금촌3동,28968,3221,3324,3919,4670,4875,4307,2386,1576,614,73,3,14810,1615,1778,2031,2528,2488,2258,1168,697,223,24,0,14158,1606,1546,1888,2142,2387,2049,1218,879,391,49,3
2017,03,읍면동,경기도 파주시 문산읍,50689,6247,4878,6374,9244,7741,6841,4293,3436,1431,183,21,25847,3152,2557,3298,5097,4168,3487,2028,1444,555,52,9,24842,3095,2321,3076,4147,3573,3354,2265,1992,876,131,12
2017,03,읍면동,경기도 파주시 법원읍,11889,601,1044,1382,1178,1727,2392,1691,1261,531,74,8,6248,312,582,790,687,971,1292,854,554,183,21,2,5641,289,462,592,491,756,1100,837,707,348,53,6
2017,03,읍면동,경기도 파주시 운정1동,44726,6392,5798,4745,7651,9033,5725,2925,1752,625,74,6,21935,3257,2881,2339,3617,4531,2892,1411,766,223,17,1,22791,3135,2917,2406,4034,4502,2833,1514,986,402,57,5
2017,03,읍면동,경기도 파주시 운정2동,38375,5507,5472,3582,6343,8069,4547,2477,1700,602,73,3,18694,2810,2786,1752,3009,4011,2258,1089,721,238,19,1,19681,2697,2686,1830,3334,4058,2289,1388,979,364,54,2
2017,03,읍면동,경기도 파주시 운정3동,58811,8288,7477,6004,10092,12046,7522,3914,2461,891,112,4,28740,4248,3774,2994,4771,6073,3720,1761,1055,323,21,0,30071,4040,3703,3010,5321,5973,3802,2153,1406,568,91,4
2017,03,읍면동,경기도 파주시 월롱면,12253,295,380,4724,2595,1095,1396,925,553,253,33,4,7497,156,206,2564,2206,701,824,506,246,83,3,2,4756,139,174,2160,389,394,572,419,307,170,30,2
2017,03,읍면동,경기도 파주시 장단출장소,611,40,44,74,56,83,114,84,91,23,2,0,306,15,21,33,34,53,62,35,43,9,1,0,305,25,23,41,22,30,52,49,48,14,1,0
2017,03,읍면동,경기도 파주시 적성면,7941,706,654,933,1001,990,1399,1043,846,323,46,0,4149,362,360,528,550,558,757,516,384,125,9,0,3792,344,294,405,451,432,642,527,462,198,37,0
2017,03,읍면동,경기도 파주시 조리읍,31281,2280,3501,3834,3547,5285,5882,3564,2311,919,146,12,15792,1126,1773,2062,1866,2650,3125,1758,1041,343,44,4,15489,1154,1728,1772,1681,2635,2757,1806,1270,576,102,8
2017,03,읍면동,경기도 파주시 진동면,175,9,8,3,10,25,31,39,34,13,3,0,93,2,4,2,6,12,20,20,20,6,1,0,82,7,4,1,4,13,11,19,14,7,2,0
2017,03,읍면동,경기도 파주시 탄현면,13998,989,1211,1642,1893,2526,2357,1592,1163,536,85,4,7527,534,651,905,1107,1439,1325,799,537,206,24,0,6471,455,560,737,786,1087,1032,793,626,330,61,4
2017,03,읍면동,경기도 파주시 파주읍,13594,698,898,1619,1579,1942,2611,1924,1516,672,88,47,7250,368,493,938,930,1170,1479,942,629,254,31,16,6344,330,405,681,649,772,1132,982,887,418,57,31
2017,03,읍면동,경기도 파주시 파평면,4077,153,267,434,270,456,881,650,633,267,56,10,2104,79,143,253,145,276,491,323,283,96,12,3,1973,74,124,181,125,180,390,327,350,171,44,7
2017,03,시군,경기도 평택시 ,474672,48052,53979,61387,73616,85892,73984,40103,25480,10611,1359,209,242692,24587,28068,33116,38935,44859,38824,19318,10940,3601,381,63,231980,23465,25911,28271,34681,41033,35160,20785,14540,7010,978,146
2017,03,읍면동,경기도 평택시 고덕면,11416,1155,1089,1439,1640,1842,1882,1192,789,336,47,5,5958,589,582,827,870,993,1025,607,352,103,9,1,5458,566,507,612,770,849,857,585,437,233,38,4
2017,03,읍면동,경기도 평택시 비전1동,48274,5905,6114,6307,9021,9272,6515,2868,1548,636,80,8,24464,3053,3165,3223,4718,4673,3355,1383,668,203,22,1,23810,2852,2949,3084,4303,4599,3160,1485,880,433,58,7
2017,03,읍면동,경기도 평택시 비전2동,59740,6919,8163,8020,9426,11524,8697,3815,2188,870,104,14,30017,3586,4256,4206,4687,5654,4488,1834,951,331,22,2,29723,3333,3907,3814,4739,5870,4209,1981,1237,539,82,12
2017,03,읍면동,경기도 평택시 서정동,30352,2305,3323,4469,4280,5451,5223,2745,1802,660,77,17,15210,1204,1741,2367,2278,2723,2630,1234,773,224,28,8,15142,1101,1582,2102,2002,2728,2593,1511,1029,436,49,9
2017,03,읍면동,경기도 평택시 서탄면,4098,209,276,435,489,554,814,627,463,210,20,1,2220,101,161,237,306,340,474,322,203,73,3,0,1878,108,115,198,183,214,340,305,260,137,17,1
2017,03,읍면동,경기도 평택시 세교동,22069,1920,2906,3257,2714,4169,3818,1714,1087,424,56,4,11176,986,1515,1767,1417,2034,2002,837,446,152,19,1,10893,934,1391,1490,1297,2135,1816,877,641,272,37,3
2017,03,읍면동,경기도 평택시 송북동,23162,2141,2616,3198,3239,4084,4023,2017,1228,530,78,8,11485,1063,1383,1655,1608,2067,2046,962,501,173,23,4,11677,1078,1233,1543,1631,2017,1977,1055,727,357,55,4
2017,03,읍면동,경기도 평택시 송탄동,15665,2021,1782,1791,2547,3031,2467,1068,623,292,37,6,8152,1034,923,950,1290,1650,1356,552,295,91,9,2,7513,987,859,841,1257,1381,1111,516,328,201,28,4
2017,03,읍면동,경기도 평택시 신장1동,6612,637,500,828,1125,1053,1036,716,486,193,29,9,3167,317,262,417,593,571,474,282,170,69,7,5,3445,320,238,411,532,482,562,434,316,124,22,4
2017,03,읍면동,경기도 평택시 신장2동,6534,290,478,780,734,1004,1251,926,721,291,42,17,3194,142,241,426,389,563,628,410,282,96,10,7,3340,148,237,354,345,441,623,516,439,195,32,10
2017,03,읍면동,경기도 평택시 신평동,24558,1612,2513,3941,3436,4204,4367,2393,1476,549,57,10,12230,814,1327,2032,1861,2014,2191,1148,628,199,13,3,12328,798,1186,1909,1575,2190,2176,1245,848,350,44,7
2017,03,읍면동,경기도 평택시 안중읍,41723,4970,6391,4691,6277,8767,5342,2683,1749,733,110,10,21130,2443,3274,2538,3147,4505,2938,1293,723,237,31,1,20593,2527,3117,2153,3130,4262,2404,1390,1026,496,79,9
2017,03,읍면동,경기도 평택시 오성면,7199,453,647,810,739,1043,1418,942,735,365,44,3,3751,223,339,456,416,589,781,477,324,120,26,0,3448,230,308,354,323,454,637,465,411,245,18,3
2017,03,읍면동,경기도 평택시 원평동,12423,996,1030,1836,1948,1971,2115,1296,854,319,44,14,6355,496,548,1000,1075,1024,1104,591,398,105,9,5,6068,500,482,836,873,947,1011,705,456,214,35,9
2017,03,읍면동,경기도 평택시 중앙동,46029,4539,6393,6351,6216,8965,7298,3290,2032,824,107,14,23074,2321,3264,3436,3142,4421,3763,1597,827,267,31,5,22955,2218,3129,2915,3074,4544,3535,1693,1205,557,76,9
2017,03,읍면동,경기도 평택시 지산동,11375,925,1099,1851,2098,1983,1595,977,612,209,22,4,5838,471,565,999,1173,1035,810,456,256,70,2,1,5537,454,534,852,925,948,785,521,356,139,20,3
2017,03,읍면동,경기도 평택시 진위면,12564,881,1070,1724,1786,1994,2234,1491,944,395,39,6,6643,447,551,967,1024,1106,1212,747,454,127,7,1,5921,434,519,757,762,888,1022,744,490,268,32,5
2017,03,읍면동,경기도 평택시 청북읍,25353,4787,2360,2110,6180,3991,2654,1710,985,489,82,5,13318,2523,1192,1166,3166,2354,1410,859,475,150,23,0,12035,2264,1168,944,3014,1637,1244,851,510,339,59,5
2017,03,읍면동,경기도 평택시 통복동,4434,190,370,540,444,739,904,672,414,138,21,2,2253,93,198,307,256,381,454,329,183,48,4,0,2181,97,172,233,188,358,450,343,231,90,17,2
2017,03,읍면동,경기도 평택시 팽성읍,28937,1977,2141,3170,3577,4640,5459,3818,2759,1204,149,43,14737,1001,1126,1805,1989,2597,2817,1754,1135,448,49,16,14200,976,1015,1365,1588,2043,2642,2064,1624,756,100,27
2017,03,읍면동,경기도 평택시 포승읍,26145,2972,2294,3262,5141,4829,3722,2068,1223,562,65,7,15152,1555,1240,1993,3196,3078,2217,1098,565,190,20,0,10993,1417,1054,1269,1945,1751,1505,970,658,372,45,7
2017,03,읍면동,경기도 평택시 현덕면,6010,248,424,577,559,782,1150,1075,762,382,49,2,3168,125,215,342,334,487,649,546,331,125,14,0,2842,123,209,235,225,295,501,529,431,257,35,2
2017,03,시군,경기도 포천시 ,154033,11451,15728,18727,17231,24762,30420,18217,11812,4919,711,55,80951,5954,8253,10484,9323,13384,16854,9610,5147,1732,193,17,73082,5497,7475,8243,7908,11378,13566,8607,6665,3187,518,38
2017,03,읍면동,경기도 포천시 가산면,8239,317,599,899,740,1310,2086,1201,693,343,50,1,4745,160,315,528,466,799,1306,719,326,116,10,0,3494,157,284,371,274,511,780,482,367,227,40,1
2017,03,읍면동,경기도 포천시 관인면,3118,107,198,302,186,341,673,577,515,190,26,3,1613,46,95,174,113,198,368,295,242,71,8,3,1505,61,103,128,73,143,305,282,273,119,18,0
2017,03,읍면동,경기도 포천시 군내면,6525,314,493,709,601,879,1500,1028,649,306,45,1,3562,163,271,408,368,495,870,578,288,111,10,0,2963,151,222,301,233,384,630,450,361,195,35,1
2017,03,읍면동,경기도 포천시 내촌면,5146,191,330,594,431,751,1282,774,534,232,26,1,2919,93,182,361,269,469,766,446,235,89,9,0,2227,98,148,233,162,282,516,328,299,143,17,1
2017,03,읍면동,경기도 포천시 선단동,14591,942,1462,1921,1687,2703,3115,1569,797,350,42,3,7783,539,742,1040,938,1475,1754,838,340,112,4,1,6808,403,720,881,749,1228,1361,731,457,238,38,2
2017,03,읍면동,경기도 포천시 소흘읍,46823,4091,6160,6044,5541,8829,8683,4069,2288,975,136,7,23865,2073,3213,3198,2774,4451,4714,2087,994,325,35,1,22958,2018,2947,2846,2767,4378,3969,1982,1294,650,101,6
2017,03,읍면동,경기도 포천시 신북면,13393,1043,1281,1610,1579,2029,2688,1695,983,414,66,5,7185,566,655,904,864,1159,1528,900,450,140,18,1,6208,477,626,706,715,870,1160,795,533,274,48,4
2017,03,읍면동,경기도 포천시 영북면,9326,799,622,1144,1155,1099,1653,1240,1086,436,79,13,4884,402,339,700,647,656,864,628,457,160,27,4,4442,397,283,444,508,443,789,612,629,276,52,9
2017,03,읍면동,경기도 포천시 영중면,5427,269,430,529,423,727,1193,905,699,216,34,2,2917,141,224,295,241,443,683,492,307,78,13,0,2510,128,206,234,182,284,510,413,392,138,21,2
2017,03,읍면동,경기도 포천시 이동면,6586,663,500,812,920,770,1071,882,668,258,39,3,3516,335,271,539,527,443,579,429,285,93,14,1,3070,328,229,273,393,327,492,453,383,165,25,2
2017,03,읍면동,경기도 포천시 일동면,10557,861,986,1111,1230,1458,1845,1492,1044,456,70,4,5484,466,533,640,675,813,976,759,435,164,21,2,5073,395,453,471,555,645,869,733,609,292,49,2
2017,03,읍면동,경기도 포천시 창수면,2348,72,150,211,167,286,514,439,372,124,11,2,1306,41,96,130,103,176,294,238,167,57,4,0,1042,31,54,81,64,110,220,201,205,67,7,2
2017,03,읍면동,경기도 포천시 포천동,19172,1574,2340,2561,2210,3267,3574,1919,1177,467,74,9,9692,821,1234,1398,1132,1631,1852,953,493,158,16,4,9480,753,1106,1163,1078,1636,1722,966,684,309,58,5
2017,03,읍면동,경기도 포천시 화현면,2782,208,177,280,361,313,543,427,307,152,13,1,1480,108,83,169,206,176,300,248,128,58,4,0,1302,100,94,111,155,137,243,179,179,94,9,1
2017,03,시군,경기도 하남시 ,217541,24429,20079,25820,37687,36700,34633,23080,10564,3789,666,94,109651,12514,10314,13410,19039,19244,17179,11531,5088,1155,152,25,107890,11915,9765,12410,18648,17456,17454,11549,5476,2634,514,69
2017,03,읍면동,경기도 하남시 감북동,3994,177,261,495,512,586,897,594,330,122,15,5,2226,98,150,285,305,350,504,319,165,44,5,1,1768,79,111,210,207,236,393,275,165,78,10,4
2017,03,읍면동,경기도 하남시 덕풍1동,17670,1285,1616,2499,2662,2827,3233,2137,1027,323,54,7,8915,660,862,1290,1448,1428,1542,1065,505,100,14,1,8755,625,754,1209,1214,1399,1691,1072,522,223,40,6
2017,03,읍면동,경기도 하남시 덕풍2동,20598,1339,1795,2950,3016,3150,3966,2623,1224,446,79,10,10363,698,930,1550,1650,1577,1991,1273,560,114,17,3,10235,641,865,1400,1366,1573,1975,1350,664,332,62,7
2017,03,읍면동,경기도 하남시 덕풍3동,27135,2666,3059,3280,3888,4917,4520,2863,1343,507,82,10,13499,1362,1611,1711,1943,2474,2196,1405,629,150,17,1,13636,1304,1448,1569,1945,2443,2324,1458,714,357,65,9
2017,03,읍면동,경기도 하남시 미사1동,21346,3664,1992,1991,4574,3894,2464,1788,686,249,42,2,10669,1898,998,1022,2194,2108,1158,872,336,71,11,1,10677,1766,994,969,2380,1786,1306,916,350,178,31,1
2017,03,읍면동,경기도 하남시 미사2동,38040,6807,3459,3260,8442,7132,4272,2905,1237,446,77,3,18935,3500,1768,1654,3941,3854,2090,1432,587,97,11,1,19105,3307,1691,1606,4501,3278,2182,1473,650,349,66,2
2017,03,읍면동,경기도 하남시 신장1동,6740,381,537,1039,1076,1035,1299,808,395,143,21,6,3495,192,292,564,632,548,649,403,164,43,6,2,3245,189,245,475,444,487,650,405,231,100,15,4
2017,03,읍면동,경기도 하남시 신장2동,43489,4010,4409,5344,6787,7044,7278,5150,2490,828,139,10,21592,2022,2262,2758,3428,3537,3501,2514,1229,302,38,1,21897,1988,2147,2586,3359,3507,3777,2636,1261,526,101,9
2017,03,읍면동,경기도 하남시 위례동,15773,2133,1361,2346,3119,2674,2460,1183,362,109,25,1,7760,1071,634,1169,1478,1350,1217,614,189,31,6,1,8013,1062,727,1177,1641,1324,1243,569,173,78,19,0
2017,03,읍면동,경기도 하남시 천현동,8062,509,541,1011,1164,1162,1596,1253,564,216,36,10,4347,248,282,541,696,696,852,671,281,72,6,2,3715,261,259,470,468,466,744,582,283,144,30,8
2017,03,읍면동,경기도 하남시 초이동,3851,200,259,445,479,607,857,550,316,119,18,1,2218,119,125,251,305,381,524,311,154,44,3,1,1633,81,134,194,174,226,333,239,162,75,15,0
2017,03,읍면동,경기도 하남시 춘궁동,3934,176,242,440,486,586,842,639,350,140,26,7,2222,94,143,245,301,365,487,352,170,56,8,1,1712,82,99,195,185,221,355,287,180,84,18,6
2017,03,읍면동,경기도 하남시 풍산동,6909,1082,548,720,1482,1086,949,587,240,141,52,22,3410,552,257,370,718,576,468,300,119,31,10,9,3499,530,291,350,764,510,481,287,121,110,42,13
2017,03,시군,경기도 화성시 ,655438,92303,78207,73024,125119,123790,82016,44494,24648,10393,1359,85,338627,47202,40114,38482,64383,66833,44492,22261,11058,3461,313,28,316811,45101,38093,34542,60736,56957,37524,22233,13590,6932,1046,57
2017,03,읍면동,경기도 화성시 기배동,14663,1967,2160,1454,2317,3031,1894,1087,545,179,28,1,7467,1023,1160,724,1117,1591,985,553,250,59,5,0,7196,944,1000,730,1200,1440,909,534,295,120,23,1
2017,03,읍면동,경기도 화성시 남양읍,29764,3277,2938,3496,5206,4964,4742,2745,1582,708,104,2,15988,1705,1522,1974,2908,2827,2610,1451,714,258,19,0,13776,1572,1416,1522,2298,2137,2132,1294,868,450,85,2
2017,03,읍면동,경기도 화성시 동탄1동,53842,8559,7769,6636,11423,11440,5007,1797,864,308,37,2,27237,4383,4007,3250,5596,5853,2787,854,397,103,7,0,26605,4176,3762,3386,5827,5587,2220,943,467,205,30,2
2017,03,읍면동,경기도 화성시 동탄2동,37868,6161,6386,3487,6306,8862,3938,1549,839,296,43,1,18695,3131,3250,1793,2779,4482,2099,718,344,90,9,0,19173,3030,3136,1694,3527,4380,1839,831,495,206,34,1
2017,03,읍면동,경기도 화성시 동탄3동,43966,8310,5676,4444,10616,8594,3256,1773,940,315,40,2,21959,4224,2926,2141,5260,4473,1681,735,409,102,8,0,22007,4086,2750,2303,5356,4121,1575,1038,531,213,32,2
2017,03,읍면동,경기도 화성시 동탄4동,76522,15592,9240,6999,18691,15100,6445,2793,1167,436,57,2,38119,7995,4613,3346,8851,7967,3412,1277,506,139,13,0,38403,7597,4627,3653,9840,7133,3033,1516,661,297,44,2
2017,03,읍면동,경기도 화성시 동탄면,9963,1763,689,1107,2936,1386,1008,626,286,135,26,1,5251,917,373,541,1597,789,525,323,138,44,4,0,4712,846,316,566,1339,597,483,303,148,91,22,1
2017,03,읍면동,경기도 화성시 마도면,6678,368,464,729,780,996,1397,960,654,289,38,3,3810,206,251,441,500,633,828,510,327,108,5,1,2868,162,213,288,280,363,569,450,327,181,33,2
2017,03,읍면동,경기도 화성시 매송면,8211,580,676,1014,964,1268,1585,1082,718,292,30,2,4308,298,352,571,529,722,864,549,314,99,9,1,3903,282,324,443,435,546,721,533,404,193,21,1
2017,03,읍면동,경기도 화성시 반월동,30019,5226,3621,3662,6364,5326,3599,1426,528,232,34,1,15224,2671,1839,1887,3163,2743,1855,737,248,71,9,1,14795,2555,1782,1775,3201,2583,1744,689,280,161,25,0
2017,03,읍면동,경기도 화성시 병점1동,29146,3850,3728,3887,5544,5489,3519,1846,937,310,36,0,14645,1978,1899,1999,2800,2763,1833,876,398,89,10,0,14501,1872,1829,1888,2744,2726,1686,970,539,221,26,0
2017,03,읍면동,경기도 화성시 병점2동,26468,3819,4489,2566,4548,5891,2695,1329,787,309,35,0,12927,1932,2253,1255,2148,2949,1408,580,291,106,5,0,13541,1887,2236,1311,2400,2942,1287,749,496,203,30,0
2017,03,읍면동,경기도 화성시 봉담읍,72654,9786,9562,7880,12052,14509,9855,5173,2672,994,163,8,36734,4866,4867,4147,5923,7646,5171,2559,1215,303,33,4,35920,4920,4695,3733,6129,6863,4684,2614,1457,691,130,4
2017,03,읍면동,경기도 화성시 비봉면,5849,279,392,603,588,766,1299,931,608,339,43,1,3242,143,206,367,372,463,756,537,274,115,8,1,2607,136,186,236,216,303,543,394,334,224,35,0
2017,03,읍면동,경기도 화성시 서신면,7014,241,366,603,597,919,1661,1297,827,434,61,8,3855,130,194,363,372,583,942,694,382,170,22,3,3159,111,172,240,225,336,719,603,445,264,39,5
2017,03,읍면동,경기도 화성시 송산면,11253,632,903,1146,1062,1628,2254,1714,1208,611,86,9,5984,330,470,675,617,965,1253,865,571,215,23,0,5269,302,433,471,445,663,1001,849,637,396,63,9
2017,03,읍면동,경기도 화성시 양감면,4213,157,233,453,448,571,1010,687,413,219,20,2,2480,83,127,274,306,395,639,382,190,81,3,0,1733,74,106,179,142,176,371,305,223,138,17,2
2017,03,읍면동,경기도 화성시 우정읍,18053,1407,1646,1966,2244,2947,3295,2270,1467,722,84,5,9677,731,801,1191,1279,1773,1801,1170,658,250,21,2,8376,676,845,775,965,1174,1494,1100,809,472,63,3
2017,03,읍면동,경기도 화성시 장안면,10775,605,764,1088,1121,1624,2236,1666,1088,521,56,6,6061,316,400,659,704,1031,1341,896,496,197,17,4,4714,289,364,429,417,593,895,770,592,324,39,2
2017,03,읍면동,경기도 화성시 정남면,12186,684,1013,1410,1458,2005,2522,1538,994,497,58,7,6900,367,542,841,925,1257,1497,834,463,159,14,1,5286,317,471,569,533,748,1025,704,531,338,44,6
2017,03,읍면동,경기도 화성시 진안동,36621,4301,3592,6003,8565,6262,4154,2164,1120,388,71,1,19517,2236,1868,3130,4937,3487,2171,1055,490,124,18,1,17104,2065,1724,2873,3628,2775,1983,1109,630,264,53,0
2017,03,읍면동,경기도 화성시 팔탄면,10405,487,596,1217,1256,1707,2395,1424,842,425,48,8,6137,264,312,772,833,1149,1453,812,381,148,11,2,4268,223,284,445,423,558,942,612,461,277,37,6
2017,03,읍면동,경기도 화성시 향남읍,76001,11794,8771,8306,16396,14240,8467,4407,2486,1010,117,7,40174,6018,4548,4522,8884,7996,4579,2169,1117,308,28,5,35827,5776,4223,3784,7512,6244,3888,2238,1369,702,89,2
2017,03,읍면동,경기도 화성시 화산동,23304,2458,2533,2868,3637,4265,3783,2210,1076,424,44,6,12236,1255,1334,1619,1983,2296,2002,1125,485,123,12,2,11068,1203,1199,1249,1654,1969,1781,1085,591,301,32,4
2017,02,도,경기도  ,12741266,1247928,1431732,1686087,1952096,2312067,2040501,1122561,648911,259860,36162,3361,6408014,640005,740020,881478,992417,1170465,1047212,552311,286100,88219,8896,891,6333252,607923,691712,804609,959679,1141602,993289,570250,362811,171641,27266,2470
2017,02,시군,경기도 가평군 ,62373,4179,5351,6281,6457,8852,11802,9388,6646,2974,406,37,31940,2142,2854,3562,3424,4760,6194,4809,2980,1090,109,16,30433,2037,2497,2719,3033,4092,5608,4579,3666,1884,297,21
2017,02,읍면동,경기도 가평군 가평읍,19722,1419,1986,2220,1984,3048,3583,2526,1951,875,118,12,10022,724,1055,1226,1054,1607,1864,1273,864,312,39,4,9700,695,931,994,930,1441,1719,1253,1087,563,79,8
2017,02,읍면동,경기도 가평군 북면,3957,195,214,292,334,453,835,764,560,274,32,4,2028,96,122,167,197,275,425,388,247,103,6,2,1929,99,92,125,137,178,410,376,313,171,26,2
2017,02,읍면동,경기도 가평군 상면,5331,205,331,548,400,663,1142,977,698,316,45,6,2762,112,189,323,215,361,624,488,327,112,8,3,2569,93,142,225,185,302,518,489,371,204,37,3
2017,02,읍면동,경기도 가평군 설악면,9015,597,880,750,864,1146,1767,1467,983,495,62,4,4583,296,448,427,440,606,926,778,460,186,13,3,4432,301,432,323,424,540,841,689,523,309,49,1
2017,02,읍면동,경기도 가평군 조종면,9926,863,757,1076,1266,1331,1765,1424,981,396,61,6,5237,450,384,656,678,733,949,777,439,152,17,2,4689,413,373,420,588,598,816,647,542,244,44,4
2017,02,읍면동,경기도 가평군 청평면,14422,900,1183,1395,1609,2211,2710,2230,1473,618,88,5,7308,464,656,763,840,1178,1406,1105,643,225,26,2,7114,436,527,632,769,1033,1304,1125,830,393,62,3
2017,02,시군,경기도 고양시 ,1040483,91813,120497,145364,142915,196576,175990,84714,55141,24075,3141,257,511266,47170,62124,74108,69398,95128,89337,41554,23052,8491,841,63,529217,44643,58373,71256,73517,101448,86653,43160,32089,15584,2300,194
2017,02,구,경기도 고양시 덕양구 ,446690,40829,45821,59907,64786,80269,75502,40773,26658,10556,1427,162,221762,20954,23679,30841,32327,40287,38477,19795,11321,3679,366,36,224928,19875,22142,29066,32459,39982,37025,20978,15337,6877,1061,126
2017,02,읍면동,경기도 고양시 덕양구 고양동,33034,3241,3729,3673,4632,6248,4959,3503,2141,792,104,12,16571,1691,1917,1954,2301,3225,2579,1654,921,296,30,3,16463,1550,1812,1719,2331,3023,2380,1849,1220,496,74,9
2017,02,읍면동,경기도 고양시 덕양구 관산동,35183,2711,3231,4266,4892,5884,6384,4157,2580,895,150,33,17798,1390,1729,2225,2563,3140,3246,2050,1143,269,36,7,17385,1321,1502,2041,2329,2744,3138,2107,1437,626,114,26
2017,02,읍면동,경기도 고양시 덕양구 능곡동,19501,1447,1802,2681,2476,3311,3823,2108,1295,472,74,12,9963,796,961,1432,1254,1711,2008,1046,579,159,16,1,9538,651,841,1249,1222,1600,1815,1062,716,313,58,11
2017,02,읍면동,경기도 고양시 덕양구 대덕동,3295,257,230,393,488,502,663,387,254,98,19,4,1808,133,118,218,263,311,391,216,114,36,6,2,1487,124,112,175,225,191,272,171,140,62,13,2
2017,02,읍면동,경기도 고양시 덕양구 성사1동,24904,2091,2347,3366,3391,4539,4448,2403,1589,632,88,10,12311,1079,1223,1758,1650,2359,2253,1136,614,214,24,1,12593,1012,1124,1608,1741,2180,2195,1267,975,418,64,9
2017,02,읍면동,경기도 고양시 덕양구 성사2동,12301,985,1293,1612,1667,2086,2099,1186,934,391,47,1,6032,496,692,841,861,999,997,603,387,143,13,0,6269,489,601,771,806,1087,1102,583,547,248,34,1
2017,02,읍면동,경기도 고양시 덕양구 신도동,19522,2235,1248,2487,3702,2920,3022,2050,1306,476,67,9,9554,1141,648,1232,1837,1500,1434,991,595,160,12,4,9968,1094,600,1255,1865,1420,1588,1059,711,316,55,5
2017,02,읍면동,경기도 고양시 덕양구 원신동,19309,2663,1417,2350,3659,2966,3038,1807,977,366,59,7,9397,1338,703,1192,1803,1484,1414,878,450,122,11,2,9912,1325,714,1158,1856,1482,1624,929,527,244,48,5
2017,02,읍면동,경기도 고양시 덕양구 주교동,17536,950,1849,2469,1907,3126,3566,1887,1226,489,62,5,8997,519,989,1339,1025,1629,1901,922,488,164,19,2,8539,431,860,1130,882,1497,1665,965,738,325,43,3
2017,02,읍면동,경기도 고양시 덕양구 창릉동,13043,1655,1156,1431,2216,2183,1960,1404,727,258,43,10,6605,845,590,715,1063,1196,1024,722,341,103,5,1,6438,810,566,716,1153,987,936,682,386,155,38,9
2017,02,읍면동,경기도 고양시 덕양구 행신1동,24161,2127,2655,3451,3368,4428,4254,1972,1321,512,70,3,11837,1079,1344,1747,1678,2173,2129,949,537,180,20,1,12324,1048,1311,1704,1690,2255,2125,1023,784,332,50,2
2017,02,읍면동,경기도 고양시 덕양구 행신2동,35328,3095,3986,5382,5408,6467,5895,2472,1767,749,99,8,17476,1611,2042,2779,2734,3085,3042,1206,708,239,29,1,17852,1484,1944,2603,2674,3382,2853,1266,1059,510,70,7
2017,02,읍면동,경기도 고양시 덕양구 행신3동,49925,4191,6288,7164,5983,9988,8654,3750,2619,1138,144,6,24328,2143,3156,3665,2937,4729,4409,1798,1071,376,44,0,25597,2048,3132,3499,3046,5259,4245,1952,1548,762,100,6
2017,02,읍면동,경기도 고양시 덕양구 행주동,21712,1220,1794,3280,2989,3693,4373,2255,1438,601,63,6,11124,633,941,1744,1652,1929,2312,1124,589,195,4,1,10588,587,853,1536,1337,1764,2061,1131,849,406,59,5
2017,02,읍면동,경기도 고양시 덕양구 화전동,5929,528,453,732,849,808,961,819,536,199,29,15,3192,285,232,419,477,455,565,418,248,77,11,5,2737,243,221,313,372,353,396,401,288,122,18,10
2017,02,읍면동,경기도 고양시 덕양구 화정1동,40962,2962,4883,6387,5046,7697,7105,3176,2490,1073,136,7,19901,1504,2518,3160,2479,3589,3654,1505,1028,419,44,1,21061,1458,2365,3227,2567,4108,3451,1671,1462,654,92,6
2017,02,읍면동,경기도 고양시 덕양구 화정2동,35387,3638,4647,4546,5077,7526,5291,2201,1667,725,69,0,17279,1869,2436,2317,2322,3621,2708,1044,670,279,13,0,18108,1769,2211,2229,2755,3905,2583,1157,997,446,56,0
2017,02,읍면동,경기도 고양시 덕양구 효자동,2405,213,134,257,352,320,428,331,227,104,28,11,1257,112,81,129,186,179,229,171,105,46,15,4,1148,101,53,128,166,141,199,160,122,58,13,7
2017,02,읍면동,경기도 고양시 덕양구 흥도동,33253,4620,2679,3980,6684,5577,4579,2905,1564,586,76,3,16332,2290,1359,1975,3242,2973,2182,1362,733,202,14,0,16921,2330,1320,2005,3442,2604,2397,1543,831,384,62,3
2017,02,구,경기도 고양시 일산동구 ,292979,23836,34792,43470,40015,56764,50434,22402,13771,6558,893,44,143060,12302,17904,21888,19107,26924,25420,11217,5743,2300,241,14,149919,11534,16888,21582,20908,29840,25014,11185,8028,4258,652,30
2017,02,읍면동,경기도 고양시 일산동구 고봉동,19609,1466,1638,2472,2537,3353,3931,2302,1296,529,83,2,10319,756,867,1371,1391,1830,2113,1232,583,164,11,1,9290,710,771,1101,1146,1523,1818,1070,713,365,72,1
2017,02,읍면동,경기도 고양시 일산동구 마두1동,26582,1826,4033,4292,2537,5230,4920,1869,1175,624,69,7,12898,930,2074,2146,1155,2386,2518,949,512,211,14,3,13684,896,1959,2146,1382,2844,2402,920,663,413,55,4
2017,02,읍면동,경기도 고양시 일산동구 마두2동,17433,1508,2619,2418,1784,3491,2979,1138,874,543,78,1,8274,772,1323,1229,743,1557,1502,589,328,204,27,0,9159,736,1296,1189,1041,1934,1477,549,546,339,51,1
2017,02,읍면동,경기도 고양시 일산동구 백석1동,33175,2650,3876,5129,5410,6294,5505,2316,1325,593,72,5,15988,1360,2005,2531,2682,2857,2644,1155,527,210,15,2,17187,1290,1871,2598,2728,3437,2861,1161,798,383,57,3
2017,02,읍면동,경기도 고양시 일산동구 백석2동,22067,1264,1787,3494,4199,4375,3584,1711,1078,504,68,3,10689,670,933,1649,2067,2121,1787,855,420,166,20,1,11378,594,854,1845,2132,2254,1797,856,658,338,48,2
2017,02,읍면동,경기도 고양시 일산동구 식사동,32870,4004,4728,4185,4021,7208,5076,2005,1104,482,54,3,16033,2073,2359,2119,1648,3482,2686,1032,449,160,24,1,16837,1931,2369,2066,2373,3726,2390,973,655,322,30,2
2017,02,읍면동,경기도 고양시 일산동구 장항1동,3067,152,172,338,330,447,761,516,254,74,19,4,1719,83,89,181,182,284,444,282,141,27,5,1,1348,69,83,157,148,163,317,234,113,47,14,3
2017,02,읍면동,경기도 고양시 일산동구 장항2동,27110,1739,2085,4483,5371,5541,4243,1784,1160,619,83,2,13214,888,1085,2153,2553,2708,2170,884,488,247,38,0,13896,851,1000,2330,2818,2833,2073,900,672,372,45,2
2017,02,읍면동,경기도 고양시 일산동구 정발산동,27063,1984,3113,4501,3559,4864,4732,2276,1361,591,80,2,13086,1022,1602,2276,1758,2228,2307,1091,568,213,19,2,13977,962,1511,2225,1801,2636,2425,1185,793,378,61,0
2017,02,읍면동,경기도 고양시 일산동구 중산동,44584,3320,5512,6854,5048,8217,8325,3601,2333,1181,183,10,21696,1726,2901,3545,2447,3789,4084,1773,970,411,47,3,22888,1594,2611,3309,2601,4428,4241,1828,1363,770,136,7
2017,02,읍면동,경기도 고양시 일산동구 풍산동,39419,3923,5229,5304,5219,7744,6378,2884,1811,818,104,5,19144,2022,2666,2688,2481,3682,3165,1375,757,287,21,0,20275,1901,2563,2616,2738,4062,3213,1509,1054,531,83,5
2017,02,구,경기도 고양시 일산서구 ,300814,27148,39884,41987,38114,59543,50054,21539,14712,6961,821,51,146444,13914,20541,21379,17964,27917,25440,10542,5988,2512,234,13,154370,13234,19343,20608,20150,31626,24614,10997,8724,4449,587,38
2017,02,읍면동,경기도 고양시 일산서구 대화동,33053,2200,3593,5956,4643,5818,5815,2592,1595,737,99,5,16004,1122,1912,2885,2339,2692,2857,1242,664,262,29,0,17049,1078,1681,3071,2304,3126,2958,1350,931,475,70,5
2017,02,읍면동,경기도 고양시 일산서구 송산동,48456,5340,6629,5751,6419,10123,7524,3583,2138,821,121,7,23995,2720,3324,3061,2962,4979,3909,1811,905,294,27,3,24461,2620,3305,2690,3457,5144,3615,1772,1233,527,94,4
2017,02,읍면동,경기도 고양시 일산서구 송포동,17877,1583,2541,2314,1950,3613,3067,1420,952,403,32,2,8913,815,1327,1237,899,1689,1635,708,434,162,7,0,8964,768,1214,1077,1051,1924,1432,712,518,241,25,2
2017,02,읍면동,경기도 고양시 일산서구 일산1동,30104,2886,3602,4195,4101,5524,5046,2388,1639,626,87,10,14682,1464,1837,2165,1978,2570,2551,1147,704,243,21,2,15422,1422,1765,2030,2123,2954,2495,1241,935,383,66,8
2017,02,읍면동,경기도 고양시 일산서구 일산2동,20952,1444,2178,3180,2466,3696,4261,1912,1209,549,54,3,10323,699,1159,1601,1236,1801,2148,954,507,195,23,0,10629,745,1019,1579,1230,1895,2113,958,702,354,31,3
2017,02,읍면동,경기도 고양시 일산서구 일산3동,38544,3359,6770,5326,3851,8735,6279,2128,1260,747,84,5,18695,1725,3463,2745,1710,3910,3259,1097,498,262,25,1,19849,1634,3307,2581,2141,4825,3020,1031,762,485,59,4
2017,02,읍면동,경기도 고양시 일산서구 주엽1동,30107,2560,4038,3949,3740,5926,4849,2197,1757,988,96,7,14319,1285,2108,1994,1706,2724,2376,1061,660,371,32,2,15788,1275,1930,1955,2034,3202,2473,1136,1097,617,64,5
2017,02,읍면동,경기도 고양시 일산서구 주엽2동,31512,2617,3959,4276,3777,5889,5248,2431,2037,1121,148,9,14853,1337,1996,2134,1769,2666,2586,1168,758,393,42,4,16659,1280,1963,2142,2008,3223,2662,1263,1279,728,106,5
2017,02,읍면동,경기도 고양시 일산서구 탄현동,50209,5159,6574,7040,7167,10219,7965,2888,2125,969,100,3,24660,2747,3415,3557,3365,4886,4119,1354,858,330,28,1,25549,2412,3159,3483,3802,5333,3846,1534,1267,639,72,2
2017,02,시군,경기도 과천시 ,61690,4809,7627,8625,7685,10939,10799,5786,3409,1684,284,43,29996,2448,3966,4519,3797,5129,5283,2801,1425,553,71,4,31694,2361,3661,4106,3888,5810,5516,2985,1984,1131,213,39
2017,02,읍면동,경기도 과천시 갈현동,13737,1401,1802,1788,1738,2749,2264,1047,637,261,44,6,6633,681,923,937,774,1336,1114,513,263,82,10,0,7104,720,879,851,964,1413,1150,534,374,179,34,6
2017,02,읍면동,경기도 과천시 과천동,9359,718,739,1214,1677,1501,1499,1141,611,220,37,2,4817,371,374,659,946,806,721,561,298,73,8,0,4542,347,365,555,731,695,778,580,313,147,29,2
2017,02,읍면동,경기도 과천시 문원동,7927,700,1038,900,1003,1498,1254,805,489,193,39,8,3828,352,548,459,498,714,621,361,211,55,8,1,4099,348,490,441,505,784,633,444,278,138,31,7
2017,02,읍면동,경기도 과천시 별양동,12028,753,1607,1933,1183,2030,2315,1083,642,411,59,12,5739,386,867,996,568,873,1127,520,245,141,16,0,6289,367,740,937,615,1157,1188,563,397,270,43,12
2017,02,읍면동,경기도 과천시 부림동,11657,805,1596,1709,1352,2083,2147,975,602,337,48,3,5623,416,813,903,681,933,1058,471,230,104,14,0,6034,389,783,806,671,1150,1089,504,372,233,34,3
2017,02,읍면동,경기도 과천시 중앙동,6982,432,845,1081,732,1078,1320,735,428,262,57,12,3356,242,441,565,330,467,642,375,178,98,15,3,3626,190,404,516,402,611,678,360,250,164,42,9
2017,02,시군,경기도 광명시 ,337847,32167,37733,43087,53203,61088,53686,32696,16775,6460,829,123,167379,16468,19487,22593,26515,30558,26483,15789,7251,2021,185,29,170468,15699,18246,20494,26688,30530,27203,16907,9524,4439,644,94
2017,02,읍면동,경기도 광명시 광명1동,14344,932,1403,2053,2101,2357,2452,1679,971,353,40,3,7198,499,764,1126,1135,1171,1176,794,384,139,9,1,7146,433,639,927,966,1186,1276,885,587,214,31,2
2017,02,읍면동,경기도 광명시 광명2동,11242,653,984,1573,1610,1787,2058,1450,818,278,28,3,5514,317,497,804,872,908,1001,646,367,92,10,0,5728,336,487,769,738,879,1057,804,451,186,18,3
2017,02,읍면동,경기도 광명시 광명3동,10339,556,787,1471,1558,1632,1910,1385,757,243,33,7,5012,279,400,756,812,804,925,607,332,86,8,3,5327,277,387,715,746,828,985,778,425,157,25,4
2017,02,읍면동,경기도 광명시 광명4동,15179,1028,1185,2139,2538,2347,2615,1962,1003,292,53,17,7418,533,593,1116,1295,1146,1241,937,441,102,9,5,7761,495,592,1023,1243,1201,1374,1025,562,190,44,12
2017,02,읍면동,경기도 광명시 광명5동,15708,1326,1622,1880,2534,2769,2532,1725,934,344,34,8,7802,649,856,1016,1307,1417,1222,832,401,95,5,2,7906,677,766,864,1227,1352,1310,893,533,249,29,6
2017,02,읍면동,경기도 광명시 광명6동,15475,1455,1570,2015,2375,2634,2629,1647,806,297,40,7,7664,716,792,1043,1181,1342,1302,823,362,89,13,1,7811,739,778,972,1194,1292,1327,824,444,208,27,6
2017,02,읍면동,경기도 광명시 광명7동,23247,1663,2427,3326,3435,3742,4096,2698,1332,461,63,4,11706,820,1264,1781,1826,1908,1989,1334,616,155,13,0,11541,843,1163,1545,1609,1834,2107,1364,716,306,50,4
2017,02,읍면동,경기도 광명시 소하1동,32502,4053,4277,3635,4683,6406,4793,2808,1259,510,63,15,16044,2080,2227,1927,2156,3175,2358,1384,577,141,16,3,16458,1973,2050,1708,2527,3231,2435,1424,682,369,47,12
2017,02,읍면동,경기도 광명시 소하2동,33561,3430,3697,4367,5128,5877,5325,3319,1731,599,76,12,16947,1783,1892,2403,2584,3051,2650,1607,755,200,17,5,16614,1647,1805,1964,2544,2826,2675,1712,976,399,59,7
2017,02,읍면동,경기도 광명시 철산1동,13978,1484,1814,1797,2194,2737,2115,1068,530,206,32,1,6885,752,913,936,1060,1339,1060,512,237,70,6,0,7093,732,901,861,1134,1398,1055,556,293,136,26,1
2017,02,읍면동,경기도 광명시 철산2동,16473,1020,1652,2586,2613,2808,3064,1585,801,311,31,2,8389,531,885,1340,1386,1407,1606,773,364,86,10,1,8084,489,767,1246,1227,1401,1458,812,437,225,21,1
2017,02,읍면동,경기도 광명시 철산3동,37765,3973,5001,4952,5438,7198,5997,3122,1382,617,75,10,18627,2044,2574,2582,2521,3496,2952,1595,628,213,20,2,19138,1929,2427,2370,2917,3702,3045,1527,754,404,55,8
2017,02,읍면동,경기도 광명시 철산4동,14754,1504,1439,1890,2847,2633,2134,1407,675,200,24,1,7407,765,779,984,1452,1347,1053,676,282,65,4,0,7347,739,660,906,1395,1286,1081,731,393,135,20,1
2017,02,읍면동,경기도 광명시 하안1동,27948,3391,3486,3265,4125,5521,4344,2266,1037,437,70,6,13983,1758,1761,1770,1937,2809,2201,1151,457,126,12,1,13965,1633,1725,1495,2188,2712,2143,1115,580,311,58,5
2017,02,읍면동,경기도 광명시 하안2동,15880,1687,1633,1737,3392,3049,1995,1224,711,394,49,9,7635,858,831,826,1712,1536,930,554,276,103,7,2,8245,829,802,911,1680,1513,1065,670,435,291,42,7
2017,02,읍면동,경기도 광명시 하안3동,22980,2329,2569,2579,3916,4262,3247,2131,1281,584,76,6,10986,1202,1336,1260,1947,2077,1597,933,461,158,15,0,11994,1127,1233,1319,1969,2185,1650,1198,820,426,61,6
2017,02,읍면동,경기도 광명시 하안4동,14029,1582,2041,1579,2429,3050,1839,808,476,202,22,1,6834,830,1042,781,1174,1466,918,395,175,47,6,0,7195,752,999,798,1255,1584,921,413,301,155,16,1
2017,02,읍면동,경기도 광명시 학온동,2443,101,146,243,287,279,541,412,271,132,20,11,1328,52,81,142,158,159,302,236,136,54,5,3,1115,49,65,101,129,120,239,176,135,78,15,8
2017,02,시군,경기도 광주시 ,330080,34315,32847,38649,56492,58364,53432,32889,16338,5816,871,67,169540,17639,16997,20262,29593,30985,27481,16627,7744,2001,192,19,160540,16676,15850,18387,26899,27379,25951,16262,8594,3815,679,48
2017,02,읍면동,경기도 광주시 경안동,40490,3949,4557,5243,6287,7423,6785,3649,1844,650,91,12,20633,2035,2386,2718,3234,3820,3560,1809,838,216,12,5,19857,1914,2171,2525,3053,3603,3225,1840,1006,434,79,7
2017,02,읍면동,경기도 광주시 곤지암읍,23343,1809,2319,2806,3107,4157,4442,2560,1410,620,95,18,12373,956,1206,1542,1650,2295,2439,1362,678,216,25,4,10970,853,1113,1264,1457,1862,2003,1198,732,404,70,14
2017,02,읍면동,경기도 광주시 광남동,45318,5045,5067,5006,7573,8564,7022,4373,1953,618,94,3,23261,2588,2653,2588,3891,4541,3585,2197,980,215,22,1,22057,2457,2414,2418,3682,4023,3437,2176,973,403,72,2
2017,02,읍면동,경기도 광주시 남종면,1613,62,96,126,132,195,333,311,245,99,14,0,834,31,50,63,72,115,177,165,116,39,6,0,779,31,46,63,60,80,156,146,129,60,8,0
2017,02,읍면동,경기도 광주시 남한산성면,2956,270,234,272,285,492,515,448,272,139,27,2,1553,134,122,152,147,289,287,238,127,50,7,0,1403,136,112,120,138,203,228,210,145,89,20,2
2017,02,읍면동,경기도 광주시 도척면,9012,690,699,950,1105,1451,1737,1281,717,315,65,2,4912,372,384,541,633,845,975,691,336,122,12,1,4100,318,315,409,472,606,762,590,381,193,53,1
2017,02,읍면동,경기도 광주시 송정동,57694,5840,5893,7391,9502,10385,9871,5316,2516,842,128,10,29209,2932,2982,3908,4958,5348,4923,2700,1137,289,30,2,28485,2908,2911,3483,4544,5037,4948,2616,1379,553,98,8
2017,02,읍면동,경기도 광주시 오포읍,94386,10975,8180,11287,20239,15748,13583,8655,4124,1388,195,12,48090,5650,4208,5767,10722,8317,6689,4241,1978,465,48,5,46296,5325,3972,5520,9517,7431,6894,4414,2146,923,147,7
2017,02,읍면동,경기도 광주시 초월읍,41598,4506,4675,4432,6535,7752,6708,4037,2130,728,92,3,21675,2334,2415,2343,3385,4191,3652,2101,992,244,18,0,19923,2172,2260,2089,3150,3561,3056,1936,1138,484,74,3
2017,02,읍면동,경기도 광주시 퇴촌면,13670,1169,1127,1136,1727,2197,2436,2259,1127,417,70,5,7000,607,591,640,901,1224,1194,1123,562,145,12,1,6670,562,536,496,826,973,1242,1136,565,272,58,4
2017,02,시군,경기도 구리시 ,194430,16940,21659,26869,27876,35395,33784,17861,9979,3496,509,62,96686,8708,11202,13855,13908,17279,17158,8848,4400,1185,123,20,97744,8232,10457,13014,13968,18116,16626,9013,5579,2311,386,42
2017,02,읍면동,경기도 구리시 갈매동,13878,1801,985,1644,2852,1987,2205,1473,654,236,39,2,6859,901,495,842,1454,988,1033,760,309,69,7,1,7019,900,490,802,1398,999,1172,713,345,167,32,1
2017,02,읍면동,경기도 구리시 교문1동,17513,1067,1488,2340,2495,2977,3415,2048,1205,389,68,21,8979,555,767,1253,1343,1582,1767,1002,546,134,22,8,8534,512,721,1087,1152,1395,1648,1046,659,255,46,13
2017,02,읍면동,경기도 구리시 교문2동,24121,2309,3388,3139,3072,4704,3958,2032,1062,400,53,4,11728,1164,1712,1626,1410,2198,1971,1010,483,140,13,1,12393,1145,1676,1513,1662,2506,1987,1022,579,260,40,3
2017,02,읍면동,경기도 구리시 동구동,41237,4014,5267,5705,5642,7985,6903,3057,1885,682,90,7,20356,2080,2731,2932,2739,3769,3510,1538,801,237,18,1,20881,1934,2536,2773,2903,4216,3393,1519,1084,445,72,6
2017,02,읍면동,경기도 구리시 수택1동,22497,1383,2033,3469,3069,3739,4487,2492,1312,444,63,6,11204,757,1032,1755,1616,1821,2287,1230,550,140,15,1,11293,626,1001,1714,1453,1918,2200,1262,762,304,48,5
2017,02,읍면동,경기도 구리시 수택2동,26352,1629,2791,4080,3529,4385,4998,2797,1523,537,71,12,13167,848,1474,2094,1856,2164,2535,1327,676,172,17,4,13185,781,1317,1986,1673,2221,2463,1470,847,365,54,8
2017,02,읍면동,경기도 구리시 수택3동,23664,2330,2874,3008,3638,4854,3641,1849,1016,391,59,4,11919,1174,1520,1583,1755,2429,1919,940,439,147,12,1,11745,1156,1354,1425,1883,2425,1722,909,577,244,47,3
2017,02,읍면동,경기도 구리시 인창동,25168,2407,2833,3484,3579,4764,4177,2113,1322,417,66,6,12474,1229,1471,1770,1735,2328,2136,1041,596,146,19,3,12694,1178,1362,1714,1844,2436,2041,1072,726,271,47,3
2017,02,시군,경기도 군포시 ,284178,27625,31639,38975,44689,50241,47337,23872,13000,5955,795,50,141347,14169,16324,20229,22750,24577,23504,11970,5518,2078,215,13,142831,13456,15315,18746,21939,25664,23833,11902,7482,3877,580,37
2017,02,읍면동,경기도 군포시 광정동,26902,2497,3383,3598,3858,5133,4178,2031,1273,817,129,5,13058,1288,1739,1851,1860,2468,2070,992,485,274,31,0,13844,1209,1644,1747,1998,2665,2108,1039,788,543,98,5
2017,02,읍면동,경기도 군포시 군포1동,34762,2704,3436,5148,5293,5993,6459,3416,1615,616,72,10,18240,1396,1814,2807,3009,3104,3366,1791,719,216,13,5,16522,1308,1622,2341,2284,2889,3093,1625,896,400,59,5
2017,02,읍면동,경기도 군포시 군포2동,56569,6632,6871,7712,8877,10146,9312,4109,1964,809,128,9,28220,3448,3464,4017,4402,4905,4683,2086,902,280,31,2,28349,3184,3407,3695,4475,5241,4629,2023,1062,529,97,7
2017,02,읍면동,경기도 군포시 궁내동,22342,2408,3585,2675,2594,4882,3322,1421,905,488,60,2,10893,1239,1822,1390,1167,2287,1706,718,359,184,21,0,11449,1169,1763,1285,1427,2595,1616,703,546,304,39,2
2017,02,읍면동,경기도 군포시 금정동,19329,1274,1625,2994,2963,3186,3736,2173,990,338,44,6,9999,662,840,1586,1648,1700,1863,1130,459,98,11,2,9330,612,785,1408,1315,1486,1873,1043,531,240,33,4
2017,02,읍면동,경기도 군포시 대야동,10071,1058,1058,1264,1353,1875,1762,935,517,219,27,3,5157,547,565,695,672,945,907,487,246,81,11,1,4914,511,493,569,681,930,855,448,271,138,16,2
2017,02,읍면동,경기도 군포시 산본1동,18934,1190,1352,3001,3097,2739,3638,2149,1186,505,69,8,9472,581,714,1608,1748,1374,1730,1043,500,154,19,1,9462,609,638,1393,1349,1365,1908,1106,686,351,50,7
2017,02,읍면동,경기도 군포시 산본2동,29870,3239,3406,4240,4530,5122,5090,2423,1186,546,86,2,14562,1664,1750,2167,2130,2434,2468,1235,495,200,19,0,15308,1575,1656,2073,2400,2688,2622,1188,691,346,67,2
2017,02,읍면동,경기도 군포시 수리동,19031,1762,2106,2378,3063,3270,3050,1589,1141,602,67,3,9178,868,1119,1148,1543,1560,1495,730,450,240,24,1,9853,894,987,1230,1520,1710,1555,859,691,362,43,2
2017,02,읍면동,경기도 군포시 오금동,24652,2912,2800,2904,4810,4479,3382,1709,1100,501,55,0,12164,1500,1485,1468,2376,2194,1621,851,460,195,14,0,12488,1412,1315,1436,2434,2285,1761,858,640,306,41,0
2017,02,읍면동,경기도 군포시 재궁동,21716,1949,2017,3061,4251,3416,3408,1917,1123,514,58,2,10404,976,1012,1492,2195,1606,1595,907,443,156,21,1,11312,973,1005,1569,2056,1810,1813,1010,680,358,37,1
2017,02,시군,경기도 김포시 ,368785,45460,40078,39685,61151,67454,54104,33424,19099,7254,1021,55,185319,23241,20696,20618,29877,35132,28065,16251,8642,2523,257,17,183466,22219,19382,19067,31274,32322,26039,17173,10457,4731,764,38
2017,02,읍면동,경기도 김포시 고촌읍,26234,2833,2518,2895,3941,4558,4239,3084,1516,557,84,9,13227,1499,1317,1544,1893,2378,2090,1567,728,195,15,1,13007,1334,1201,1351,2048,2180,2149,1517,788,362,69,8
2017,02,읍면동,경기도 김포시 구래동,34128,6438,2701,2816,8546,5637,3426,2655,1422,430,54,3,16707,3245,1365,1318,4107,3078,1584,1168,674,154,13,1,17421,3193,1336,1498,4439,2559,1842,1487,748,276,41,2
2017,02,읍면동,경기도 김포시 김포1동,52326,4702,6951,6988,6475,9956,8830,4486,2747,1029,152,10,25852,2364,3638,3576,3135,4741,4607,2206,1166,370,47,2,26474,2338,3313,3412,3340,5215,4223,2280,1581,659,105,8
2017,02,읍면동,경기도 김포시 김포2동,36480,5963,4803,3128,6990,7567,3805,2385,1333,442,63,1,17795,2996,2428,1533,3196,3874,1887,1081,624,161,15,0,18685,2967,2375,1595,3794,3693,1918,1304,709,281,48,1
2017,02,읍면동,경기도 김포시 대곶면,10140,416,690,1086,978,1550,2408,1580,929,424,77,2,5805,232,378,638,610,996,1454,866,448,162,21,0,4335,184,312,448,368,554,954,714,481,262,56,2
2017,02,읍면동,경기도 김포시 사우동,21588,1618,2423,3136,2820,4024,3804,1986,1264,452,59,2,10855,843,1310,1591,1510,1963,1993,952,526,155,12,0,10733,775,1113,1545,1310,2061,1811,1034,738,297,47,2
2017,02,읍면동,경기도 김포시 양촌읍,26561,2627,2306,2765,4187,4433,4633,3057,1740,698,105,10,13965,1304,1189,1542,2268,2552,2492,1573,786,221,34,4,12596,1323,1117,1223,1919,1881,2141,1484,954,477,71,6
2017,02,읍면동,경기도 김포시 운양동,24415,4755,2277,1983,5816,4539,2556,1567,648,237,37,0,12081,2464,1163,1011,2631,2451,1239,730,314,68,10,0,12334,2291,1114,972,3185,2088,1317,837,334,169,27,0
2017,02,읍면동,경기도 김포시 월곶면,5761,211,340,595,523,760,1312,1077,600,289,48,6,3176,106,174,377,327,466,734,596,286,98,9,3,2585,105,166,218,196,294,578,481,314,191,39,3
2017,02,읍면동,경기도 김포시 장기동,42917,6752,5032,4196,8267,8524,4874,2941,1686,575,70,0,21034,3435,2535,2083,3895,4389,2452,1309,739,182,15,0,21883,3317,2497,2113,4372,4135,2422,1632,947,393,55,0
2017,02,읍면동,경기도 김포시 통진읍,27583,2321,2701,3507,3618,4609,5189,2952,1768,825,90,3,14502,1178,1421,1997,1993,2522,2818,1501,761,293,15,3,13081,1143,1280,1510,1625,2087,2371,1451,1007,532,75,0
2017,02,읍면동,경기도 김포시 풍무동,51917,6458,6735,5614,8190,10149,7090,4239,2442,869,125,6,25605,3355,3455,2853,3843,5037,3609,1996,1121,303,32,1,26312,3103,3280,2761,4347,5112,3481,2243,1321,566,93,5
2017,02,읍면동,경기도 김포시 하성면,8735,366,601,976,800,1148,1938,1415,1004,427,57,3,4715,220,323,555,469,685,1106,706,469,161,19,2,4020,146,278,421,331,463,832,709,535,266,38,1
2017,02,시군,경기도 남양주시 ,662466,70449,77572,76902,96374,124489,102684,62237,36685,13122,1780,172,330836,36216,39886,39992,46957,63340,52751,30040,16564,4589,451,50,331630,34233,37686,36910,49417,61149,49933,32197,20121,8533,1329,122
2017,02,읍면동,경기도 남양주시 금곡동,21788,1313,1841,3183,2845,3168,4548,2610,1563,638,67,12,11137,677,999,1735,1577,1633,2286,1313,680,212,20,5,10651,636,842,1448,1268,1535,2262,1297,883,426,47,7
2017,02,읍면동,경기도 남양주시 도농동,39044,3723,4512,5299,5525,6688,6315,4025,2105,741,101,10,19018,1893,2223,2751,2615,3206,3068,1961,996,279,25,1,20026,1830,2289,2548,2910,3482,3247,2064,1109,462,76,9
2017,02,읍면동,경기도 남양주시 별내동,66131,9206,5960,8276,13013,11011,9554,5603,2454,910,138,6,32449,4664,2960,4199,6294,5529,4563,2799,1137,276,27,1,33682,4542,3000,4077,6719,5482,4991,2804,1317,634,111,5
2017,02,읍면동,경기도 남양주시 별내면,21052,1713,2421,2538,2502,3902,3375,2373,1576,570,69,13,10468,890,1241,1293,1267,1947,1737,1135,710,225,19,4,10584,823,1180,1245,1235,1955,1638,1238,866,345,50,9
2017,02,읍면동,경기도 남양주시 수동면,9077,483,679,904,841,1328,1815,1537,930,451,103,6,4757,274,371,520,456,726,972,801,458,148,27,4,4320,209,308,384,385,602,843,736,472,303,76,2
2017,02,읍면동,경기도 남양주시 양정동,5184,265,293,637,669,665,1129,892,454,149,24,7,2878,131,146,366,403,401,649,484,227,67,4,0,2306,134,147,271,266,264,480,408,227,82,20,7
2017,02,읍면동,경기도 남양주시 오남읍,55092,5862,7458,5973,7288,11472,8038,4684,3112,1062,136,7,27570,3051,3839,3099,3485,5908,4258,2190,1361,341,35,3,27522,2811,3619,2874,3803,5564,3780,2494,1751,721,101,4
2017,02,읍면동,경기도 남양주시 와부읍,69188,6620,8793,7991,8783,13593,10723,6666,4319,1447,227,26,34188,3383,4488,4153,4178,6666,5545,3117,2026,551,74,7,35000,3237,4305,3838,4605,6927,5178,3549,2293,896,153,19
2017,02,읍면동,경기도 남양주시 조안면,4406,274,323,460,489,614,898,709,426,185,26,2,2308,150,172,244,253,343,481,380,208,72,4,1,2098,124,151,216,236,271,417,329,218,113,22,1
2017,02,읍면동,경기도 남양주시 지금동,19220,2001,2277,2195,2803,3776,2999,1850,935,318,51,15,9497,1014,1186,1119,1345,1921,1483,898,413,102,9,7,9723,987,1091,1076,1458,1855,1516,952,522,216,42,8
2017,02,읍면동,경기도 남양주시 진건읍,27265,1681,2771,3906,3095,4318,5678,3086,1868,739,106,17,14078,887,1469,2095,1647,2221,3098,1559,811,258,30,3,13187,794,1302,1811,1448,2097,2580,1527,1057,481,76,14
2017,02,읍면동,경기도 남양주시 진접읍,95988,11698,11806,9939,14216,18656,14127,8520,5066,1751,197,12,48446,6044,6121,5236,6821,9780,7374,4071,2302,640,53,4,47542,5654,5685,4703,7395,8876,6753,4449,2764,1111,144,8
2017,02,읍면동,경기도 남양주시 퇴계원면,32107,2607,3242,4690,4334,5062,6087,3458,1886,653,83,5,16055,1321,1682,2431,2242,2534,2991,1786,825,226,16,1,16052,1286,1560,2259,2092,2528,3096,1672,1061,427,67,4
2017,02,읍면동,경기도 남양주시 평내동,41668,4815,6017,4378,6165,8984,5564,3044,1918,688,89,6,20488,2430,3068,2222,2899,4489,2904,1423,807,224,22,0,21180,2385,2949,2156,3266,4495,2660,1621,1111,464,67,6
2017,02,읍면동,경기도 남양주시 호평동,50223,7056,6768,4781,8288,10917,5772,3529,2264,748,95,5,24620,3646,3456,2434,3793,5508,2954,1522,1026,258,20,3,25603,3410,3312,2347,4495,5409,2818,2007,1238,490,75,2
2017,02,읍면동,경기도 남양주시 화도읍,93346,9841,11433,10458,13531,18440,14127,8326,5147,1796,225,22,46885,5079,5945,5415,6667,9534,7426,3905,2249,606,53,6,46461,4762,5488,5043,6864,8906,6701,4421,2898,1190,172,16
2017,02,읍면동,경기도 남양주시 화도읍동부출장소,11687,1291,978,1294,1987,1895,1935,1325,662,276,43,1,5994,682,520,680,1015,994,962,696,328,104,13,0,5693,609,458,614,972,901,973,629,334,172,30,1
2017,02,시군,경기도 동두천시 ,97947,8583,10206,11251,12627,16621,16259,10613,8139,3166,409,73,48796,4370,5277,5980,6423,8688,8436,4985,3331,1158,127,21,49151,4213,4929,5271,6204,7933,7823,5628,4808,2008,282,52
2017,02,읍면동,경기도 동두천시 보산동,3378,187,286,375,351,516,653,493,373,125,17,2,1628,102,151,210,170,267,340,209,141,34,4,0,1750,85,135,165,181,249,313,284,232,91,13,2
2017,02,읍면동,경기도 동두천시 불현동,27973,2491,3189,3450,3597,4761,4695,2787,2095,810,86,12,13801,1255,1566,1866,1813,2397,2404,1329,854,294,19,4,14172,1236,1623,1584,1784,2364,2291,1458,1241,516,67,8
2017,02,읍면동,경기도 동두천시 상패동,5560,298,365,584,589,869,1097,863,603,249,36,7,2920,160,193,325,331,498,611,432,271,83,14,2,2640,138,172,259,258,371,486,431,332,166,22,5
2017,02,읍면동,경기도 동두천시 생연1동,7363,572,694,873,954,1144,1336,841,673,242,30,4,3666,296,357,464,499,582,685,398,275,97,11,2,3697,276,337,409,455,562,651,443,398,145,19,2
2017,02,읍면동,경기도 동두천시 생연2동,12236,1117,1353,1235,1539,2098,1961,1299,1121,460,41,12,6032,590,747,628,745,1114,985,571,441,193,14,4,6204,527,606,607,794,984,976,728,680,267,27,8
2017,02,읍면동,경기도 동두천시 소요동,9236,542,621,1025,991,1352,1829,1374,1020,406,65,11,4796,263,345,579,538,768,1000,673,466,144,17,3,4440,279,276,446,453,584,829,701,554,262,48,8
2017,02,읍면동,경기도 동두천시 송내동,26547,3168,3353,3079,4096,5068,3449,2073,1592,585,79,5,13059,1594,1728,1572,2020,2593,1745,933,632,213,26,3,13488,1574,1625,1507,2076,2475,1704,1140,960,372,53,2
2017,02,읍면동,경기도 동두천시 중앙동,5654,208,345,630,510,813,1239,883,662,289,55,20,2894,110,190,336,307,469,666,440,251,100,22,3,2760,98,155,294,203,344,573,443,411,189,33,17
2017,02,시군,경기도 부천시 ,850319,70329,86309,125667,131622,144019,153497,82340,38486,15747,2109,194,424450,36042,44608,64960,67494,71900,75960,41344,16779,4828,488,47,425869,34287,41701,60707,64128,72119,77537,40996,21707,10919,1621,147
2017,02,읍면동,경기도 부천시 고강1동,16379,1120,1649,2512,2155,2950,3115,1601,885,353,37,2,8171,540,857,1322,1140,1493,1571,778,350,111,8,1,8208,580,792,1190,1015,1457,1544,823,535,242,29,1
2017,02,읍면동,경기도 부천시 고강본동,30602,2026,3381,4178,4152,5604,5485,3174,1856,663,73,10,15447,1052,1766,2199,2241,2894,2754,1531,774,217,17,2,15155,974,1615,1979,1911,2710,2731,1643,1082,446,56,8
2017,02,읍면동,경기도 부천시 괴안동,22152,1715,2289,3246,3223,3718,3940,2211,1146,573,86,5,10908,876,1161,1699,1653,1829,1943,1074,462,183,26,2,11244,839,1128,1547,1570,1889,1997,1137,684,390,60,3
2017,02,읍면동,경기도 부천시 도당동,24580,1736,2761,3797,3266,4512,4873,2177,1053,364,39,2,12683,894,1463,2044,1733,2324,2562,1130,418,108,7,0,11897,842,1298,1753,1533,2188,2311,1047,635,256,32,2
2017,02,읍면동,경기도 부천시 범박동,34608,4637,3860,3970,6129,5947,4991,3080,1367,523,94,10,17162,2365,1969,2028,2939,2996,2448,1615,629,150,22,1,17446,2272,1891,1942,3190,2951,2543,1465,738,373,72,9
2017,02,읍면동,경기도 부천시 상1동,25940,2832,2624,3468,4939,4501,4064,2240,894,334,44,0,12769,1484,1346,1712,2446,2210,1877,1181,387,113,13,0,13171,1348,1278,1756,2493,2291,2187,1059,507,221,31,0
2017,02,읍면동,경기도 부천시 상2동,32058,3968,4433,4324,5318,6110,4964,1769,773,347,50,2,15772,1994,2335,2184,2492,2880,2578,898,305,94,10,2,16286,1974,2098,2140,2826,3230,2386,871,468,253,40,0
2017,02,읍면동,경기도 부천시 상3동,33415,3322,4979,5062,4122,6837,6015,1924,753,344,56,1,16627,1707,2549,2676,1847,3186,3179,1056,321,95,11,0,16788,1615,2430,2386,2275,3651,2836,868,432,249,45,1
2017,02,읍면동,경기도 부천시 상동,20429,1353,2112,3376,2693,3181,4046,2162,999,437,63,7,10170,708,1128,1714,1357,1544,1982,1164,422,137,11,3,10259,645,984,1662,1336,1637,2064,998,577,300,52,4
2017,02,읍면동,경기도 부천시 성곡동,44374,3261,5151,6561,5564,7933,8565,4101,2164,948,116,10,22373,1680,2642,3513,2880,3984,4366,2087,906,286,27,2,22001,1581,2509,3048,2684,3949,4199,2014,1258,662,89,8
2017,02,읍면동,경기도 부천시 소사동,9337,530,548,1224,1468,1372,1770,1382,726,253,58,6,4573,288,270,648,804,694,815,646,326,70,12,0,4764,242,278,576,664,678,955,736,400,183,46,6
2017,02,읍면동,경기도 부천시 소사본3동,33270,2854,3566,4808,4757,5267,6285,3583,1463,593,88,6,16391,1417,1813,2549,2373,2557,3069,1750,681,162,20,0,16879,1437,1753,2259,2384,2710,3216,1833,782,431,68,6
2017,02,읍면동,경기도 부천시 소사본동,24755,1599,1887,3647,3715,3667,4790,3236,1557,561,87,9,12462,814,956,1895,2007,1888,2364,1601,736,180,18,3,12293,785,931,1752,1708,1779,2426,1635,821,381,69,6
2017,02,읍면동,경기도 부천시 송내1동,24155,1979,2129,3695,3952,3699,4409,2626,1156,439,65,6,12004,1023,1119,1920,2033,1804,2097,1319,520,153,15,1,12151,956,1010,1775,1919,1895,2312,1307,636,286,50,5
2017,02,읍면동,경기도 부천시 송내2동,28226,2510,2935,4150,4400,4780,4941,2724,1226,493,63,4,13999,1292,1550,2175,2222,2352,2359,1330,554,144,19,2,14227,1218,1385,1975,2178,2428,2582,1394,672,349,44,2
2017,02,읍면동,경기도 부천시 신흥동,19582,1255,1748,3043,2794,3390,4090,2001,888,320,44,9,10518,679,952,1645,1567,1903,2240,1040,385,100,6,1,9064,576,796,1398,1227,1487,1850,961,503,220,38,8
2017,02,읍면동,경기도 부천시 심곡1동,13687,780,1040,2149,2415,2198,2528,1551,703,280,41,2,7044,411,548,1094,1385,1140,1274,763,330,87,12,0,6643,369,492,1055,1030,1058,1254,788,373,193,29,2
2017,02,읍면동,경기도 부천시 심곡2동,18815,982,1111,3365,3849,3132,3092,1927,965,337,43,12,9818,490,554,1655,2157,1801,1614,949,463,121,11,3,8997,492,557,1710,1692,1331,1478,978,502,216,32,9
2017,02,읍면동,경기도 부천시 심곡3동,13770,859,1305,2181,2057,2328,2745,1413,609,240,24,9,7070,448,708,1167,1135,1182,1383,706,251,82,5,3,6700,411,597,1014,922,1146,1362,707,358,158,19,6
2017,02,읍면동,경기도 부천시 심곡본1동,18732,1066,1524,2785,2903,3014,3587,2261,1120,416,45,11,9389,539,774,1448,1599,1541,1740,1085,497,154,9,3,9343,527,750,1337,1304,1473,1847,1176,623,262,36,8
2017,02,읍면동,경기도 부천시 심곡본동,18312,1195,1381,2574,2854,2960,3243,2352,1227,451,70,5,9130,646,711,1332,1518,1524,1528,1126,577,151,16,1,9182,549,670,1242,1336,1436,1715,1226,650,300,54,4
2017,02,읍면동,경기도 부천시 약대동,19198,1897,1813,2989,3307,3106,3569,1619,607,255,31,5,9677,975,930,1551,1686,1557,1754,869,268,76,9,2,9521,922,883,1438,1621,1549,1815,750,339,179,22,3
2017,02,읍면동,경기도 부천시 역곡1동,19712,1881,1787,2521,3360,3223,3229,2163,1041,441,60,6,9719,946,889,1273,1695,1683,1538,1067,473,140,15,0,9993,935,898,1248,1665,1540,1691,1096,568,301,45,6
2017,02,읍면동,경기도 부천시 역곡2동,20382,1792,1696,3020,3666,3281,3286,2128,1008,432,65,8,10046,903,875,1577,1851,1702,1535,1000,433,154,14,2,10336,889,821,1443,1815,1579,1751,1128,575,278,51,6
2017,02,읍면동,경기도 부천시 역곡3동,24783,1890,2063,3472,4117,3911,4247,2836,1513,658,68,8,12207,943,1055,1771,2156,1996,2032,1333,674,221,23,3,12576,947,1008,1701,1961,1915,2215,1503,839,437,45,5
2017,02,읍면동,경기도 부천시 오정동,23406,2196,2272,3374,3785,3854,4239,2324,955,363,37,7,12113,1158,1219,1794,2058,1998,2139,1215,420,102,9,1,11293,1038,1053,1580,1727,1856,2100,1109,535,261,28,6
2017,02,읍면동,경기도 부천시 원미1동,18046,1280,1782,2677,2552,3044,3495,1989,854,317,49,7,9219,671,947,1405,1366,1582,1740,989,389,110,16,4,8827,609,835,1272,1186,1462,1755,1000,465,207,33,3
2017,02,읍면동,경기도 부천시 원미2동,14047,885,1195,2038,1923,2264,2803,1780,821,302,33,3,7081,435,588,1097,1034,1149,1399,892,385,92,10,0,6966,450,607,941,889,1115,1404,888,436,210,23,3
2017,02,읍면동,경기도 부천시 원종1동,24142,1727,2448,3695,3250,4102,4648,2472,1244,492,60,4,12187,905,1280,1961,1705,2034,2331,1282,519,154,14,2,11955,822,1168,1734,1545,2068,2317,1190,725,338,46,2
2017,02,읍면동,경기도 부천시 원종2동,24626,1828,2904,3835,3264,4569,4599,1936,1130,498,60,3,12301,935,1501,1977,1722,2264,2356,975,421,144,6,0,12325,893,1403,1858,1542,2305,2243,961,709,354,54,3
2017,02,읍면동,경기도 부천시 중1동,35066,3022,3695,5748,6191,6269,6010,2578,998,491,63,1,17049,1554,1872,2783,3000,2984,2887,1388,424,140,17,0,18017,1468,1823,2965,3191,3285,3123,1190,574,351,46,1
2017,02,읍면동,경기도 부천시 중2동,33293,2782,3699,5364,4922,5359,6271,3118,1134,561,82,1,16250,1457,1876,2706,2377,2523,2945,1672,514,158,22,0,17043,1325,1823,2658,2545,2836,3326,1446,620,403,60,1
2017,02,읍면동,경기도 부천시 중3동,25953,2407,2660,3839,4548,4009,4621,2175,1080,543,71,0,12461,1193,1348,1914,2214,1883,2225,1070,466,136,12,0,13492,1214,1312,1925,2334,2126,2396,1105,614,407,59,0
2017,02,읍면동,경기도 부천시 중4동,20497,1829,2096,3001,3852,3349,3439,1716,777,380,55,3,9797,923,1061,1477,1919,1546,1635,789,329,106,12,0,10700,906,1035,1524,1933,1803,1804,927,448,274,43,3
2017,02,읍면동,경기도 부천시 중동,25001,2234,2589,3814,3561,4334,4639,2354,993,430,46,7,12282,1121,1361,1950,1765,2085,2237,1186,444,125,7,1,12719,1113,1228,1864,1796,2249,2402,1168,549,305,39,6
2017,02,읍면동,경기도 부천시 춘의동,14989,1100,1197,2165,2599,2245,2864,1657,801,315,43,3,7581,576,635,1105,1418,1188,1464,788,326,72,7,2,7408,524,562,1060,1181,1057,1400,869,475,243,36,1
2017,02,시군,경기도 성남시 ,975417,82899,103204,136338,154737,174392,157517,92329,50724,19790,3089,398,483691,42488,53282,69288,77852,86484,79112,44908,22743,6679,758,97,491726,40411,49922,67050,76885,87908,78405,47421,27981,13111,2331,301
2017,02,구,경기도 성남시 분당구 ,504163,47540,61361,69413,79779,95166,74988,40350,23127,10696,1674,69,244593,24413,31634,34248,37999,44762,37388,19591,10383,3735,431,9,259570,23127,29727,35165,41780,50404,37600,20759,12744,6961,1243,60
2017,02,읍면동,경기도 성남시 분당구 구미1동,18655,1537,2149,2865,2953,3466,2937,1412,851,416,68,1,9019,796,1114,1384,1412,1619,1474,688,356,164,12,0,9636,741,1035,1481,1541,1847,1463,724,495,252,56,1
2017,02,읍면동,경기도 성남시 분당구 구미동,33409,2658,3538,4711,5134,5961,5250,2971,1977,1031,168,10,16197,1353,1828,2373,2522,2773,2633,1399,877,393,45,1,17212,1305,1710,2338,2612,3188,2617,1572,1100,638,123,9
2017,02,읍면동,경기도 성남시 분당구 금곡동,30138,2367,2917,4293,5147,4934,4703,2939,1811,899,126,2,14284,1204,1485,2055,2497,2299,2244,1401,771,293,35,0,15854,1163,1432,2238,2650,2635,2459,1538,1040,606,91,2
2017,02,읍면동,경기도 성남시 분당구 백현동,29488,4077,3576,3859,5198,5179,4315,1928,890,412,51,3,14365,2128,1877,1851,2414,2465,2145,933,415,124,12,1,15123,1949,1699,2008,2784,2714,2170,995,475,288,39,2
2017,02,읍면동,경기도 성남시 분당구 분당동,28117,2481,3495,4074,4090,5471,4232,2312,1272,596,89,5,13704,1295,1811,2025,1955,2585,2053,1136,600,215,27,2,14413,1186,1684,2049,2135,2886,2179,1176,672,381,62,3
2017,02,읍면동,경기도 성남시 분당구 삼평동,25892,3365,3313,3109,4049,5103,3781,1866,896,357,49,4,12612,1706,1705,1536,1854,2486,1874,924,412,105,9,1,13280,1659,1608,1573,2195,2617,1907,942,484,252,40,3
2017,02,읍면동,경기도 성남시 분당구 서현1동,32850,2918,4601,4629,4685,6747,4620,2265,1512,752,117,4,15821,1490,2351,2287,2132,3098,2374,1103,660,299,27,0,17029,1428,2250,2342,2553,3649,2246,1162,852,453,90,4
2017,02,읍면동,경기도 성남시 분당구 서현2동,19686,1613,2851,2988,2485,3912,3263,1409,735,367,60,3,9653,843,1476,1547,1189,1744,1655,726,333,127,12,1,10033,770,1375,1441,1296,2168,1608,683,402,240,48,2
2017,02,읍면동,경기도 성남시 분당구 수내1동,18203,1413,2533,2329,2680,3977,2431,1262,949,554,71,4,8707,720,1367,1140,1195,1804,1263,569,412,213,24,0,9496,693,1166,1189,1485,2173,1168,693,537,341,47,4
2017,02,읍면동,경기도 성남시 분당구 수내2동,11000,1159,2074,1118,985,2809,1410,729,456,216,42,2,5354,568,1062,581,399,1323,778,347,212,71,13,0,5646,591,1012,537,586,1486,632,382,244,145,29,2
2017,02,읍면동,경기도 성남시 분당구 수내3동,15110,1273,2684,2070,1838,3609,2064,884,454,188,44,2,7492,664,1390,1043,889,1718,1065,439,211,59,14,0,7618,609,1294,1027,949,1891,999,445,243,129,30,2
2017,02,읍면동,경기도 성남시 분당구 야탑1동,18489,1611,1622,2909,3302,2965,2859,1875,944,332,69,1,9067,792,836,1448,1622,1472,1370,937,449,122,19,0,9422,819,786,1461,1680,1493,1489,938,495,210,50,1
2017,02,읍면동,경기도 성남시 분당구 야탑2동,17809,1420,2014,2463,2569,2958,2800,1976,1097,447,62,3,8486,722,1033,1210,1174,1353,1332,974,519,155,14,0,9323,698,981,1253,1395,1605,1468,1002,578,292,48,3
2017,02,읍면동,경기도 성남시 분당구 야탑3동,31483,2832,2837,4653,6243,5003,4990,2769,1458,587,106,5,15483,1488,1410,2385,3278,2465,2333,1333,602,168,21,0,16000,1344,1427,2268,2965,2538,2657,1436,856,419,85,5
2017,02,읍면동,경기도 성남시 분당구 운중동,21411,2457,2349,2662,3270,4040,3520,1944,741,356,72,0,10466,1235,1218,1316,1503,1965,1766,985,364,102,12,0,10945,1222,1131,1346,1767,2075,1754,959,377,254,60,0
2017,02,읍면동,경기도 성남시 분당구 이매1동,27412,2642,3727,3688,3949,5287,4142,2142,1219,523,89,4,13404,1365,1924,1881,1851,2491,2084,1062,551,170,25,0,14008,1277,1803,1807,2098,2796,2058,1080,668,353,64,4
2017,02,읍면동,경기도 성남시 분당구 이매2동,14524,1144,2091,2015,1532,2783,2347,1412,766,377,54,3,7123,615,1109,1048,685,1249,1201,710,363,128,15,0,7401,529,982,967,847,1534,1146,702,403,249,39,3
2017,02,읍면동,경기도 성남시 분당구 정자1동,30926,2336,3541,4571,5687,6005,4197,2303,1594,611,78,3,14664,1167,1789,2023,2588,2734,2195,1083,770,289,24,2,16262,1169,1752,2548,3099,3271,2002,1220,824,322,54,1
2017,02,읍면동,경기도 성남시 분당구 정자2동,17570,1294,1797,2315,3539,2958,2529,1409,1033,596,95,5,8306,687,963,1063,1833,1345,1238,617,380,150,29,1,9264,607,834,1252,1706,1613,1291,792,653,446,66,4
2017,02,읍면동,경기도 성남시 분당구 정자3동,16589,1563,2180,2270,2521,3229,2418,1138,768,438,64,0,7999,812,1093,1151,1211,1474,1193,550,331,165,19,0,8590,751,1087,1119,1310,1755,1225,588,437,273,45,0
2017,02,읍면동,경기도 성남시 분당구 정자동,21204,1855,2279,3280,4121,3670,2953,1771,905,320,49,1,10520,935,1158,1625,2131,1766,1460,878,435,119,13,0,10684,920,1121,1655,1990,1904,1493,893,470,201,36,1
2017,02,읍면동,경기도 성남시 분당구 판교동,24198,3525,3193,2542,3802,5100,3227,1634,799,321,51,4,11867,1828,1635,1276,1665,2534,1658,797,360,104,10,0,12331,1697,1558,1266,2137,2566,1569,837,439,217,41,4
2017,02,구,경기도 성남시 수정구 ,235120,17330,20285,33502,37725,39538,40531,26524,14214,4608,698,165,119497,8828,10550,17612,20246,20994,20426,12762,6341,1526,169,43,115623,8502,9735,15890,17479,18544,20105,13762,7873,3082,529,122
2017,02,읍면동,경기도 성남시 수정구 고등동,1717,88,69,200,257,237,335,315,154,49,13,0,916,42,35,119,141,146,178,154,75,21,5,0,801,46,34,81,116,91,157,161,79,28,8,0
2017,02,읍면동,경기도 성남시 수정구 단대동,16991,1476,1522,2347,2845,2767,2801,1823,1008,328,66,8,8428,769,825,1200,1476,1393,1354,833,451,110,15,2,8563,707,697,1147,1369,1374,1447,990,557,218,51,6
2017,02,읍면동,경기도 성남시 수정구 복정동,12192,1269,528,2050,3835,1968,1173,843,374,124,24,4,6559,662,253,1075,2158,1209,571,396,192,34,8,1,5633,607,275,975,1677,759,602,447,182,90,16,3
2017,02,읍면동,경기도 성남시 수정구 산성동,14581,1052,1313,1871,2270,2593,2416,1679,1009,309,46,23,7481,545,683,980,1244,1411,1241,789,460,108,11,9,7100,507,630,891,1026,1182,1175,890,549,201,35,14
2017,02,읍면동,경기도 성남시 수정구 수진1동,13903,608,1060,1839,1802,2369,2803,1902,1093,350,61,16,7155,319,557,987,1030,1279,1449,931,470,111,15,7,6748,289,503,852,772,1090,1354,971,623,239,46,9
2017,02,읍면동,경기도 성남시 수정구 수진2동,18045,1133,1531,2614,2685,2878,3299,2255,1234,347,51,18,9124,576,840,1347,1462,1480,1637,1069,570,126,14,3,8921,557,691,1267,1223,1398,1662,1186,664,221,37,15
2017,02,읍면동,경기도 성남시 수정구 시흥동,3258,233,204,415,531,438,566,512,246,97,14,2,1686,140,114,219,281,239,272,263,120,35,3,0,1572,93,90,196,250,199,294,249,126,62,11,2
2017,02,읍면동,경기도 성남시 수정구 신촌동,4675,637,449,691,932,739,534,422,190,73,8,0,2435,323,238,406,497,418,253,191,85,22,2,0,2240,314,211,285,435,321,281,231,105,51,6,0
2017,02,읍면동,경기도 성남시 수정구 신흥1동,14490,693,974,2123,2249,2425,2839,1800,1030,295,45,17,7487,356,501,1161,1273,1366,1436,852,427,99,14,2,7003,337,473,962,976,1059,1403,948,603,196,31,15
2017,02,읍면동,경기도 성남시 수정구 신흥2동,21638,1461,2240,2973,3068,3723,4009,2507,1192,388,63,14,10984,721,1164,1584,1621,1938,2027,1253,535,126,10,5,10654,740,1076,1389,1447,1785,1982,1254,657,262,53,9
2017,02,읍면동,경기도 성남시 수정구 신흥3동,11128,515,805,1646,1675,1954,2076,1392,810,213,36,6,5765,256,423,892,928,1099,1071,656,359,69,12,0,5363,259,382,754,747,855,1005,736,451,144,24,6
2017,02,읍면동,경기도 성남시 수정구 양지동,10642,796,1139,1457,1471,1883,1775,1192,679,215,31,4,5303,408,609,726,793,963,872,553,299,70,9,1,5339,388,530,731,678,920,903,639,380,145,22,3
2017,02,읍면동,경기도 성남시 수정구 위례동,27319,3443,2685,3691,4737,4539,4447,2398,916,410,53,0,13425,1727,1328,1920,2226,2267,2165,1238,423,119,12,0,13894,1716,1357,1771,2511,2272,2282,1160,493,291,41,0
2017,02,읍면동,경기도 성남시 수정구 태평1동,17605,897,1237,2941,2952,2688,3056,2205,1191,387,41,10,8927,463,617,1480,1656,1473,1519,1046,527,135,10,1,8678,434,620,1461,1296,1215,1537,1159,664,252,31,9
2017,02,읍면동,경기도 성남시 수정구 태평2동,16763,977,1540,2456,2295,2983,3022,1941,1100,381,56,12,8501,524,799,1287,1254,1544,1543,925,478,132,11,4,8262,453,741,1169,1041,1439,1479,1016,622,249,45,8
2017,02,읍면동,경기도 성남시 수정구 태평3동,14983,929,1350,2121,2083,2586,2783,1735,992,341,46,17,7612,436,718,1139,1124,1338,1456,838,430,117,12,4,7371,493,632,982,959,1248,1327,897,562,224,34,13
2017,02,읍면동,경기도 성남시 수정구 태평4동,15190,1123,1639,2067,2038,2768,2597,1603,996,301,44,14,7709,561,846,1090,1082,1431,1382,775,440,92,6,4,7481,562,793,977,956,1337,1215,828,556,209,38,10
2017,02,구,경기도 성남시 중원구 ,236134,18029,21558,33423,37233,39688,41998,25455,13383,4486,717,164,119601,9247,11098,17428,19607,20728,21298,12555,6019,1418,158,45,116533,8782,10460,15995,17626,18960,20700,12900,7364,3068,559,119
2017,02,읍면동,경기도 성남시 중원구 금광1동,11871,741,955,1686,1838,1914,2401,1362,698,212,36,28,6226,400,482,885,1016,1047,1305,683,330,67,6,5,5645,341,473,801,822,867,1096,679,368,145,30,23
2017,02,읍면동,경기도 성남시 중원구 금광2동,27898,1791,2585,4426,4308,4624,4883,3058,1601,526,83,13,13563,902,1251,2155,2142,2290,2417,1494,719,170,20,3,14335,889,1334,2271,2166,2334,2466,1564,882,356,63,10
2017,02,읍면동,경기도 성남시 중원구 도촌동,27935,3571,2859,3369,5141,4890,4083,2371,1129,444,77,1,13689,1826,1487,1747,2469,2478,1925,1110,507,129,11,0,14246,1745,1372,1622,2672,2412,2158,1261,622,315,66,1
2017,02,읍면동,경기도 성남시 중원구 상대원1동,28213,2222,2422,3927,4788,4852,5024,2993,1428,484,61,12,14596,1158,1216,2130,2611,2638,2556,1505,630,134,15,3,13617,1064,1206,1797,2177,2214,2468,1488,798,350,46,9
2017,02,읍면동,경기도 성남시 중원구 상대원2동,16033,883,1388,2217,2145,2777,3230,1918,1060,338,66,11,8265,456,695,1190,1198,1514,1693,955,462,89,12,1,7768,427,693,1027,947,1263,1537,963,598,249,54,10
2017,02,읍면동,경기도 성남시 중원구 상대원3동,14118,858,1255,2054,2029,2421,2776,1589,817,273,38,8,7323,455,662,1082,1140,1280,1434,815,372,74,6,3,6795,403,593,972,889,1141,1342,774,445,199,32,5
2017,02,읍면동,경기도 성남시 중원구 성남동,30824,1856,2365,4768,5333,4759,5448,3518,1972,679,99,27,15867,926,1247,2494,2918,2549,2740,1779,938,248,17,11,14957,930,1118,2274,2415,2210,2708,1739,1034,431,82,16
2017,02,읍면동,경기도 성남시 중원구 은행1동,12178,991,1539,1700,1653,2286,1925,1160,672,212,37,3,6012,499,758,858,852,1157,977,541,297,61,10,2,6166,492,781,842,801,1129,948,619,375,151,27,1
2017,02,읍면동,경기도 성남시 중원구 은행2동,27452,2085,2763,3717,3926,4874,4671,2902,1817,585,88,24,13620,1067,1420,1958,2095,2450,2331,1320,758,191,25,5,13832,1018,1343,1759,1831,2424,2340,1582,1059,394,63,19
2017,02,읍면동,경기도 성남시 중원구 중앙동,17229,1239,1239,2045,2756,2834,3237,2228,1181,372,66,32,9040,639,670,1077,1453,1581,1791,1100,546,146,25,12,8189,600,569,968,1303,1253,1446,1128,635,226,41,20
2017,02,읍면동,경기도 성남시 중원구 하대원동,22383,1792,2188,3514,3316,3457,4320,2356,1008,361,66,5,11400,919,1210,1852,1713,1744,2129,1253,460,109,11,0,10983,873,978,1662,1603,1713,2191,1103,548,252,55,5
2017,02,시군,경기도 수원시 ,1194074,117016,136075,182503,197525,215990,184905,89397,48162,19421,2832,248,601072,60256,70546,95795,101189,107590,94266,43653,20887,6168,650,72,593002,56760,65529,86708,96336,108400,90639,45744,27275,13253,2182,176
2017,02,구,경기도 수원시 권선구 ,358768,36263,37571,53677,62679,62082,57681,28182,14164,5611,791,67,180971,18613,19621,27698,32494,31288,29095,13942,6223,1806,167,24,177797,17650,17950,25979,30185,30794,28586,14240,7941,3805,624,43
2017,02,읍면동,경기도 수원시 권선구 곡선동,30033,2504,2897,6062,6670,5417,4110,1384,643,300,42,4,15724,1262,1494,3080,3749,2875,2177,720,267,87,11,2,14309,1242,1403,2982,2921,2542,1933,664,376,213,31,2
2017,02,읍면동,경기도 수원시 권선구 구운동,27460,2070,2804,4493,4053,4674,5048,2499,1249,508,59,3,13911,1067,1420,2354,2201,2331,2527,1276,540,180,14,1,13549,1003,1384,2139,1852,2343,2521,1223,709,328,45,2
2017,02,읍면동,경기도 수원시 권선구 권선1동,25401,1810,2344,4542,4703,4217,4414,1988,919,403,54,7,12864,913,1286,2255,2499,2098,2267,1007,405,122,10,2,12537,897,1058,2287,2204,2119,2147,981,514,281,44,5
2017,02,읍면동,경기도 수원시 권선구 권선2동,51161,6913,6108,7283,9655,8985,7578,2935,1133,479,89,3,25364,3606,3256,3702,4617,4296,3700,1528,506,136,15,2,25797,3307,2852,3581,5038,4689,3878,1407,627,343,74,1
2017,02,읍면동,경기도 수원시 권선구 금곡동,36606,4436,4582,4714,5682,6799,5765,2524,1399,636,68,1,18164,2334,2446,2419,2755,3260,2906,1225,580,228,11,0,18442,2102,2136,2295,2927,3539,2859,1299,819,408,57,1
2017,02,읍면동,경기도 수원시 권선구 서둔동,41608,3475,4214,6346,6840,7073,6909,3867,2067,704,104,9,21103,1785,2192,3268,3680,3679,3472,1891,895,220,18,3,20505,1690,2022,3078,3160,3394,3437,1976,1172,484,86,6
2017,02,읍면동,경기도 수원시 권선구 세류1동,11022,1067,757,1704,2127,1575,1889,1096,547,212,37,11,5550,575,394,870,1158,801,918,503,240,79,9,3,5472,492,363,834,969,774,971,593,307,133,28,8
2017,02,읍면동,경기도 수원시 권선구 세류2동,26061,1653,2168,4099,4354,4258,4659,2801,1473,519,72,5,13325,828,1149,2155,2417,2220,2329,1374,667,165,18,3,12736,825,1019,1944,1937,2038,2330,1427,806,354,54,2
2017,02,읍면동,경기도 수원시 권선구 세류3동,23579,1655,2218,3372,3620,4041,4169,2576,1352,493,75,8,11792,771,1166,1803,1930,2068,2034,1224,607,169,19,1,11787,884,1052,1569,1690,1973,2135,1352,745,324,56,7
2017,02,읍면동,경기도 수원시 권선구 입북동,18457,2572,2238,2054,3141,3691,2595,1222,670,241,33,0,9283,1288,1129,1118,1486,1934,1335,596,308,79,10,0,9174,1284,1109,936,1655,1757,1260,626,362,162,23,0
2017,02,읍면동,경기도 수원시 권선구 평동,37636,3463,4119,5479,5690,6521,6509,3362,1679,696,105,13,19147,1825,2109,2932,2935,3249,3396,1688,773,217,18,5,18489,1638,2010,2547,2755,3272,3113,1674,906,479,87,8
2017,02,읍면동,경기도 수원시 권선구 호매실동,29744,4645,3122,3529,6144,4831,4036,1928,1033,420,53,3,14744,2359,1580,1742,3067,2477,2034,910,435,124,14,2,15000,2286,1542,1787,3077,2354,2002,1018,598,296,39,1
2017,02,구,경기도 수원시 영통구 ,341911,40011,44344,53651,62463,65948,45308,17190,8708,3735,530,23,172101,20565,22872,27998,31567,32360,23438,8455,3628,1102,111,5,169810,19446,21472,25653,30896,33588,21870,8735,5080,2633,419,18
2017,02,읍면동,경기도 수원시 영통구 광교1동,45881,6202,6611,6175,8728,9892,5295,1717,836,363,60,2,22669,3192,3293,2965,4107,4934,2857,856,348,101,16,0,23212,3010,3318,3210,4621,4958,2438,861,488,262,44,2
2017,02,읍면동,경기도 수원시 영통구 광교2동,25859,4112,2572,2669,5867,4399,3193,1780,917,303,47,0,12511,2078,1309,1279,2859,2150,1537,814,392,83,10,0,13348,2034,1263,1390,3008,2249,1656,966,525,220,37,0
2017,02,읍면동,경기도 수원시 영통구 매탄1동,20800,1923,2588,3374,3201,3846,3177,1580,762,307,39,3,10468,960,1355,1918,1602,1842,1598,742,342,102,7,0,10332,963,1233,1456,1599,2004,1579,838,420,205,32,3
2017,02,읍면동,경기도 수원시 영통구 매탄2동,16784,1361,2118,2583,2409,3089,2830,1363,719,273,37,2,8358,710,1101,1308,1248,1502,1407,673,313,89,7,0,8426,651,1017,1275,1161,1587,1423,690,406,184,30,2
2017,02,읍면동,경기도 수원시 영통구 매탄3동,38565,4011,5316,6809,6476,7484,5096,1956,906,452,56,3,19869,2048,2736,3741,3510,3654,2683,982,383,118,14,0,18696,1963,2580,3068,2966,3830,2413,974,523,334,42,3
2017,02,읍면동,경기도 수원시 영통구 매탄4동,24434,2179,3076,3962,4059,4563,3698,1659,816,356,62,4,12163,1148,1565,2092,2079,2204,1814,818,332,92,17,2,12271,1031,1511,1870,1980,2359,1884,841,484,264,45,2
2017,02,읍면동,경기도 수원시 영통구 영통1동,42228,5023,5782,6547,7355,8582,5658,1779,1005,429,66,2,21203,2588,3018,3412,3607,4204,2951,871,391,146,13,2,21025,2435,2764,3135,3748,4378,2707,908,614,283,53,0
2017,02,읍면동,경기도 수원시 영통구 영통2동,46970,6062,6733,6536,8904,9507,6033,1675,962,500,55,3,23438,3112,3506,3245,4425,4594,3205,825,372,146,8,0,23532,2950,3227,3291,4479,4913,2828,850,590,354,47,3
2017,02,읍면동,경기도 수원시 영통구 원천동,24423,2660,2127,4819,5700,4023,2776,1372,649,258,38,1,12744,1373,1172,2523,3118,2139,1393,658,285,75,7,1,11679,1287,955,2296,2582,1884,1383,714,364,183,31,0
2017,02,읍면동,경기도 수원시 영통구 태장동,55967,6478,7421,10177,9764,10563,7552,2309,1136,494,70,3,28678,3356,3817,5515,5012,5137,3993,1216,470,150,12,0,27289,3122,3604,4662,4752,5426,3559,1093,666,344,58,3
2017,02,구,경기도 수원시 장안구 ,295445,26128,35409,45158,41380,54274,48173,23900,14061,5981,904,77,148357,13458,18423,24448,20861,26726,24557,11635,6066,1939,222,22,147088,12670,16986,20710,20519,27548,23616,12265,7995,4042,682,55
2017,02,읍면동,경기도 수원시 장안구 송죽동,18744,1380,1923,2767,2921,3195,3304,1845,958,386,62,3,9318,717,978,1426,1494,1574,1643,927,417,126,15,1,9426,663,945,1341,1427,1621,1661,918,541,260,47,2
2017,02,읍면동,경기도 수원시 장안구 연무동,19974,1113,1699,3029,2597,3055,3670,2416,1606,667,104,18,10156,593,863,1684,1494,1626,1821,1135,703,209,25,3,9818,520,836,1345,1103,1429,1849,1281,903,458,79,15
2017,02,읍면동,경기도 수원시 장안구 영화동,22034,1307,1642,3058,3343,3540,4287,2748,1501,504,86,18,11027,647,816,1583,1822,1855,2100,1306,691,183,18,6,11007,660,826,1475,1521,1685,2187,1442,810,321,68,12
2017,02,읍면동,경기도 수원시 장안구 율천동,43878,4107,5052,9229,6672,7500,6164,2794,1548,706,97,9,22952,2067,2673,5616,3410,3759,3157,1357,633,250,25,5,20926,2040,2379,3613,3262,3741,3007,1437,915,456,72,4
2017,02,읍면동,경기도 수원시 장안구 정자1동,34960,3791,4317,4878,5078,6744,5477,2597,1377,609,84,8,17409,1957,2313,2587,2434,3308,2793,1247,580,169,18,3,17551,1834,2004,2291,2644,3436,2684,1350,797,440,66,5
2017,02,읍면동,경기도 수원시 장안구 정자2동,32532,2817,4121,4544,4636,6043,5261,2720,1689,617,82,2,16152,1473,2135,2398,2315,2914,2653,1281,740,220,22,1,16380,1344,1986,2146,2321,3129,2608,1439,949,397,60,1
2017,02,읍면동,경기도 수원시 장안구 정자3동,45398,5179,7921,5959,5780,10507,6290,1882,1237,561,80,2,22542,2677,3993,3088,2605,5065,3478,936,512,165,23,0,22856,2502,3928,2871,3175,5442,2812,946,725,396,57,2
2017,02,읍면동,경기도 수원시 장안구 조원1동,31966,2469,3737,4710,4180,5689,5482,2908,1818,844,123,6,16075,1319,1952,2446,2214,2814,2785,1456,794,270,25,0,15891,1150,1785,2264,1966,2875,2697,1452,1024,574,98,6
2017,02,읍면동,경기도 수원시 장안구 조원2동,20495,1894,2612,3238,2393,3656,3691,1455,924,527,101,4,9909,977,1399,1625,1092,1615,1872,727,380,185,36,1,10586,917,1213,1613,1301,2041,1819,728,544,342,65,3
2017,02,읍면동,경기도 수원시 장안구 파장동,25464,2071,2385,3746,3780,4345,4547,2535,1403,560,85,7,12817,1031,1301,1995,1981,2196,2255,1263,616,162,15,2,12647,1040,1084,1751,1799,2149,2292,1272,787,398,70,5
2017,02,구,경기도 수원시 팔달구 ,197950,14614,18751,30017,31003,33686,33743,20125,11229,4094,607,81,99643,7620,9630,15651,16267,17216,17176,9621,4970,1321,150,21,98307,6994,9121,14366,14736,16470,16567,10504,6259,2773,457,60
2017,02,읍면동,경기도 수원시 팔달구 고등동,10547,540,829,1449,1487,1744,1917,1394,879,252,47,9,5368,300,409,728,855,907,991,656,416,86,14,6,5179,240,420,721,632,837,926,738,463,166,33,3
2017,02,읍면동,경기도 수원시 팔달구 매교동,10521,509,699,1425,1578,1624,2116,1366,865,290,43,6,5494,269,369,801,872,921,1086,673,383,105,11,4,5027,240,330,624,706,703,1030,693,482,185,32,2
2017,02,읍면동,경기도 수원시 팔달구 매산동,11336,578,700,2045,1970,1679,2006,1362,697,248,46,5,5833,275,362,1032,1087,894,1038,704,332,93,14,2,5503,303,338,1013,883,785,968,658,365,155,32,3
2017,02,읍면동,경기도 수원시 팔달구 우만1동,22792,1542,2101,3534,3692,3728,3856,2406,1351,513,61,8,11386,824,1120,1901,2022,1864,1845,1117,539,136,15,3,11406,718,981,1633,1670,1864,2011,1289,812,377,46,5
2017,02,읍면동,경기도 수원시 팔달구 우만2동,18541,1708,2268,3467,2825,3224,2731,1316,674,285,42,1,9317,893,1215,1952,1362,1558,1353,597,289,87,11,0,9224,815,1053,1515,1463,1666,1378,719,385,198,31,1
2017,02,읍면동,경기도 수원시 팔달구 인계동,44018,3648,3824,7105,8433,7602,6863,3835,1915,676,101,16,22316,1857,2028,3607,4409,4014,3475,1849,862,193,19,3,21702,1791,1796,3498,4024,3588,3388,1986,1053,483,82,13
2017,02,읍면동,경기도 수원시 팔달구 지동,14262,740,1154,1774,1915,2329,2668,1981,1216,433,42,10,7247,401,601,945,1047,1279,1354,932,547,134,6,1,7015,339,553,829,868,1050,1314,1049,669,299,36,9
2017,02,읍면동,경기도 수원시 팔달구 행궁동,11295,407,694,1322,1335,1739,2400,1866,1065,388,69,10,5995,212,354,728,772,1019,1327,924,502,135,22,0,5300,195,340,594,563,720,1073,942,563,253,47,10
2017,02,읍면동,경기도 수원시 팔달구 화서1동,25565,2138,2735,3478,3605,4506,4354,2655,1453,545,86,10,12443,1095,1332,1739,1836,2207,2145,1246,624,197,21,1,13122,1043,1403,1739,1769,2299,2209,1409,829,348,65,9
2017,02,읍면동,경기도 수원시 팔달구 화서2동,29073,2804,3747,4418,4163,5511,4832,1944,1114,464,70,6,14244,1494,1840,2218,2005,2553,2562,923,476,155,17,1,14829,1310,1907,2200,2158,2958,2270,1021,638,309,53,5
2017,02,시군,경기도 시흥시 ,404418,39191,49840,56239,60397,81393,68247,27308,14991,5957,793,62,212183,20124,25787,30578,32421,42911,37725,14257,6310,1877,175,18,192235,19067,24053,25661,27976,38482,30522,13051,8681,4080,618,44
2017,02,읍면동,경기도 시흥시 과림동,2131,65,61,196,222,244,561,480,202,88,10,2,1291,34,30,124,140,182,336,290,114,36,3,2,840,31,31,72,82,62,225,190,88,52,7,0
2017,02,읍면동,경기도 시흥시 군자동,25473,2502,2927,3343,4086,4596,4237,2148,1118,455,52,9,13269,1288,1524,1807,2245,2477,2238,1062,486,128,12,2,12204,1214,1403,1536,1841,2119,1999,1086,632,327,40,7
2017,02,읍면동,경기도 시흥시 능곡동,16066,1788,2531,1806,1839,3534,2509,1066,687,260,45,1,7932,916,1246,951,834,1738,1354,522,281,84,6,0,8134,872,1285,855,1005,1796,1155,544,406,176,39,1
2017,02,읍면동,경기도 시흥시 대야동,32701,2218,3690,5111,3881,5695,6790,2964,1521,712,114,5,16683,1163,1905,2695,2057,2821,3590,1601,605,223,22,1,16018,1055,1785,2416,1824,2874,3200,1363,916,489,92,4
2017,02,읍면동,경기도 시흥시 매화동,13677,1079,1718,1768,1538,2682,2426,1235,839,344,46,2,7099,557,915,947,788,1417,1345,632,381,102,15,0,6578,522,803,821,750,1265,1081,603,458,242,31,2
2017,02,읍면동,경기도 시흥시 목감동,18607,2289,1671,2110,3357,2941,3012,1778,966,418,57,8,9459,1143,861,1098,1721,1585,1563,929,425,123,8,3,9148,1146,810,1012,1636,1356,1449,849,541,295,49,5
2017,02,읍면동,경기도 시흥시 신천동,41994,2827,5105,6658,4875,7833,8546,3521,1819,706,93,11,21586,1449,2640,3539,2611,3914,4598,1873,728,213,20,1,20408,1378,2465,3119,2264,3919,3948,1648,1091,493,73,10
2017,02,읍면동,경기도 시흥시 신현동,11528,811,1125,1668,1295,1972,2409,1220,678,301,43,6,5995,401,582,922,693,1014,1306,657,295,104,17,4,5533,410,543,746,602,958,1103,563,383,197,26,2
2017,02,읍면동,경기도 시흥시 연성동,25023,2404,3977,3279,2955,5673,3906,1435,986,354,48,6,12730,1210,2094,1727,1434,2808,2227,694,408,117,9,2,12293,1194,1883,1552,1521,2865,1679,741,578,237,39,4
2017,02,읍면동,경기도 시흥시 월곶동,16314,2036,1537,1678,3124,3319,2392,1265,699,235,28,1,8488,1049,805,861,1628,1839,1249,636,337,79,5,0,7826,987,732,817,1496,1480,1143,629,362,156,23,1
2017,02,읍면동,경기도 시흥시 은행동,30214,2673,4465,4564,3488,6062,5516,1913,1042,435,50,6,15173,1368,2317,2430,1678,2899,2948,1000,396,127,8,2,15041,1305,2148,2134,1810,3163,2568,913,646,308,42,4
2017,02,읍면동,경기도 시흥시 장곡동,18925,2369,3530,2235,2376,4540,2537,636,486,190,25,1,9497,1244,1802,1145,1057,2230,1469,301,175,61,13,0,9428,1125,1728,1090,1319,2310,1068,335,311,129,12,1
2017,02,읍면동,경기도 시흥시 정왕1동,27400,2371,2668,3949,5315,6017,4457,1633,724,234,31,1,15836,1184,1366,2353,3290,3665,2684,902,316,69,6,1,11564,1187,1302,1596,2025,2352,1773,731,408,165,25,0
2017,02,읍면동,경기도 시흥시 정왕2동,34571,3835,4882,5131,5158,7284,5311,1606,966,369,29,0,17899,1997,2537,2758,2619,3715,2928,835,376,128,6,0,16672,1838,2345,2373,2539,3569,2383,771,590,241,23,0
2017,02,읍면동,경기도 시흥시 정왕3동,26252,2667,2870,3509,4668,5492,4354,1573,768,302,48,1,14649,1356,1513,1978,2783,3173,2556,843,343,92,12,0,11603,1311,1357,1531,1885,2319,1798,730,425,210,36,1
2017,02,읍면동,경기도 시흥시 정왕4동,38714,5314,5641,5015,6388,8227,5325,1546,862,348,48,0,19463,2791,2897,2607,2992,4036,2905,754,346,128,7,0,19251,2523,2744,2408,3396,4191,2420,792,516,220,41,0
2017,02,읍면동,경기도 시흥시 정왕본동,24828,1943,1442,4219,5832,5282,3959,1289,628,206,26,2,15134,974,753,2636,3851,3398,2429,726,298,63,6,0,9694,969,689,1583,1981,1884,1530,563,330,143,20,2
2017,02,시군,경기도 안산시 ,688257,58163,82987,107604,98624,130768,121091,49763,26228,11377,1549,103,352608,29620,42976,57006,52573,65566,64327,25591,11029,3552,343,25,335649,28543,40011,50598,46051,65202,56764,24172,15199,7825,1206,78
2017,02,구,경기도 안산시 단원구 ,312963,26666,38159,47805,44867,59942,56143,22967,10918,4837,603,56,161423,13567,19809,25469,23971,30317,29996,11986,4685,1472,135,16,151540,13099,18350,22336,20896,29625,26147,10981,6233,3365,468,40
2017,02,읍면동,경기도 안산시 단원구 고잔1동,20970,1567,2589,3450,2817,3882,3727,1639,870,385,41,3,10579,785,1338,1844,1519,1897,1900,815,354,122,5,0,10391,782,1251,1606,1298,1985,1827,824,516,263,36,3
2017,02,읍면동,경기도 안산시 단원구 고잔2동,21767,1758,2545,3779,3512,3953,3737,1569,588,279,43,4,10804,887,1302,1923,1749,1925,1855,833,237,81,10,2,10963,871,1243,1856,1763,2028,1882,736,351,198,33,2
2017,02,읍면동,경기도 안산시 단원구 대부동,8219,339,486,799,698,990,1890,1563,936,435,77,6,4299,187,261,451,413,562,968,812,483,143,16,3,3920,152,225,348,285,428,922,751,453,292,61,3
2017,02,읍면동,경기도 안산시 단원구 선부1동,12690,1082,1230,1867,2095,2171,2359,1075,513,271,26,1,6546,546,638,1060,1212,1122,1174,545,181,59,8,1,6144,536,592,807,883,1049,1185,530,332,212,18,0
2017,02,읍면동,경기도 안산시 단원구 선부2동,22498,1582,2674,3400,3085,4627,4242,1660,845,327,53,3,12168,837,1414,1812,1761,2536,2473,842,375,102,15,1,10330,745,1260,1588,1324,2091,1769,818,470,225,38,2
2017,02,읍면동,경기도 안산시 단원구 선부3동,35458,3070,4571,5687,5339,6824,6233,2182,1018,486,41,7,18128,1557,2395,3005,2816,3365,3278,1159,403,141,8,1,17330,1513,2176,2682,2523,3459,2955,1023,615,345,33,6
2017,02,읍면동,경기도 안산시 단원구 와동,44564,3776,5399,6838,6981,8901,7498,2905,1564,626,74,2,23374,1979,2814,3667,3868,4709,4063,1453,613,192,16,0,21190,1797,2585,3171,3113,4192,3435,1452,951,434,58,2
2017,02,읍면동,경기도 안산시 단원구 원곡1동,5757,243,446,723,692,873,1316,874,443,122,21,4,3040,126,234,411,418,486,678,432,199,48,6,2,2717,117,212,312,274,387,638,442,244,74,15,2
2017,02,읍면동,경기도 안산시 단원구 원곡2동,16400,1452,2030,2575,2151,2924,3225,1373,458,183,25,4,8252,714,1065,1365,1065,1387,1631,746,222,51,6,0,8148,738,965,1210,1086,1537,1594,627,236,132,19,4
2017,02,읍면동,경기도 안산시 단원구 원곡본동,32925,3127,3330,4233,4978,6386,6058,2797,1381,578,50,7,17834,1589,1708,2367,2809,3551,3457,1486,665,187,14,1,15091,1538,1622,1866,2169,2835,2601,1311,716,391,36,6
2017,02,읍면동,경기도 안산시 단원구 초지동,42880,4434,5908,5988,6649,8798,6562,2576,1281,589,85,10,21899,2210,3047,3263,3483,4347,3524,1306,513,184,18,4,20981,2224,2861,2725,3166,4451,3038,1270,768,405,67,6
2017,02,읍면동,경기도 안산시 단원구 호수동,48835,4236,6951,8466,5870,9613,9296,2754,1021,556,67,5,24500,2150,3593,4301,2858,4430,4995,1557,440,162,13,1,24335,2086,3358,4165,3012,5183,4301,1197,581,394,54,4
2017,02,구,경기도 안산시 상록구 ,375294,31497,44828,59799,53757,70826,64948,26796,15310,6540,946,47,191185,16053,23167,31537,28602,35249,34331,13605,6344,2080,208,9,184109,15444,21661,28262,25155,35577,30617,13191,8966,4460,738,38
2017,02,읍면동,경기도 안산시 상록구 반월동,20238,1716,1729,2640,2941,3277,3747,2388,1277,467,52,4,10264,873,863,1405,1582,1717,1878,1196,587,152,9,2,9974,843,866,1235,1359,1560,1869,1192,690,315,43,2
2017,02,읍면동,경기도 안산시 상록구 본오1동,43502,4042,5593,6358,6482,8748,7037,2751,1746,663,80,2,22316,2047,2871,3384,3469,4469,3800,1321,732,205,17,1,21186,1995,2722,2974,3013,4279,3237,1430,1014,458,63,1
2017,02,읍면동,경기도 안산시 상록구 본오2동,30571,2394,4102,4783,3852,6171,5223,2040,1357,581,66,2,15086,1224,2058,2411,1933,2977,2693,1040,552,183,15,0,15485,1170,2044,2372,1919,3194,2530,1000,805,398,51,2
2017,02,읍면동,경기도 안산시 상록구 본오3동,23403,1713,2577,3940,3420,4295,4231,1646,1056,453,71,1,11647,859,1296,2002,1828,2116,2096,841,426,166,17,0,11756,854,1281,1938,1592,2179,2135,805,630,287,54,1
2017,02,읍면동,경기도 안산시 상록구 부곡동,24273,2081,2942,3750,3160,4756,4325,1729,1079,398,51,2,12387,1073,1485,1981,1621,2410,2391,874,413,132,6,1,11886,1008,1457,1769,1539,2346,1934,855,666,266,45,1
2017,02,읍면동,경기도 안산시 상록구 사1동,38674,3106,4341,6537,6336,7453,6054,2176,1581,916,163,11,20076,1597,2304,3487,3554,3829,3317,1096,572,273,45,2,18598,1509,2037,3050,2782,3624,2737,1080,1009,643,118,9
2017,02,읍면동,경기도 안산시 상록구 사2동,35740,3554,4784,5498,5021,6822,6024,2304,1172,484,75,2,18065,1777,2489,2870,2618,3311,3164,1192,482,144,18,0,17675,1777,2295,2628,2403,3511,2860,1112,690,340,57,2
2017,02,읍면동,경기도 안산시 상록구 사3동,19723,1724,2659,3530,2479,3730,3564,1332,465,200,39,1,10207,912,1357,1976,1264,1788,1896,734,221,53,6,0,9516,812,1302,1554,1215,1942,1668,598,244,147,33,1
2017,02,읍면동,경기도 안산시 상록구 성포동,26618,2086,3439,4656,3109,4520,5330,1999,885,511,79,4,13109,1062,1806,2454,1485,1993,2689,1068,374,153,23,2,13509,1024,1633,2202,1624,2527,2641,931,511,358,56,2
2017,02,읍면동,경기도 안산시 상록구 안산동,10060,814,932,1357,1314,1624,1962,1223,569,223,38,4,5204,409,486,723,714,868,1039,627,247,83,7,1,4856,405,446,634,600,756,923,596,322,140,31,3
2017,02,읍면동,경기도 안산시 상록구 월피동,45297,3586,6040,7605,5868,8649,8247,2888,1571,740,97,6,23203,1894,3223,4057,3125,4090,4453,1498,628,214,21,0,22094,1692,2817,3548,2743,4559,3794,1390,943,526,76,6
2017,02,읍면동,경기도 안산시 상록구 이동,28905,2046,2376,5244,5358,5211,4748,2181,1229,438,68,6,15271,1048,1273,2748,3074,2750,2569,1098,540,161,10,0,13634,998,1103,2496,2284,2461,2179,1083,689,277,58,6
2017,02,읍면동,경기도 안산시 상록구 일동,28290,2635,3314,3901,4417,5570,4456,2139,1323,466,67,2,14350,1278,1656,2039,2335,2931,2346,1020,570,161,14,0,13940,1357,1658,1862,2082,2639,2110,1119,753,305,53,2
2017,02,시군,경기도 안성시 ,182619,17491,19591,20854,26406,30768,29262,18994,12565,5900,746,42,93330,8955,10223,11312,13994,16409,15348,9474,5485,1942,180,8,89289,8536,9368,9542,12412,14359,13914,9520,7080,3958,566,34
2017,02,읍면동,경기도 안성시 고삼면,2055,70,125,218,169,244,427,361,276,149,16,0,1082,32,66,133,101,154,212,193,131,55,5,0,973,38,59,85,68,90,215,168,145,94,11,0
2017,02,읍면동,경기도 안성시 공도읍,56777,7891,7583,5619,10215,11297,6919,3905,2278,970,100,0,28401,4014,3918,2902,5053,5882,3529,1842,932,308,21,0,28376,3877,3665,2717,5162,5415,3390,2063,1346,662,79,0
2017,02,읍면동,경기도 안성시 금광면,8401,808,882,817,1095,1309,1362,1014,714,347,49,4,4133,408,475,419,534,714,683,487,291,108,13,1,4268,400,407,398,561,595,679,527,423,239,36,3
2017,02,읍면동,경기도 안성시 대덕면,16548,1736,1234,2291,3537,2696,2403,1433,812,344,60,2,9190,931,636,1263,2136,1597,1368,731,378,132,18,0,7358,805,598,1028,1401,1099,1035,702,434,212,42,2
2017,02,읍면동,경기도 안성시 미양면,6903,506,491,670,982,960,1184,993,704,363,46,4,3623,239,257,373,583,581,624,538,307,113,7,1,3280,267,234,297,399,379,560,455,397,250,39,3
2017,02,읍면동,경기도 안성시 보개면,6013,270,451,648,558,768,1206,920,757,389,43,3,3171,143,280,352,341,459,640,481,340,128,7,0,2842,127,171,296,217,309,566,439,417,261,36,3
2017,02,읍면동,경기도 안성시 삼죽면,3582,129,223,413,323,407,747,604,492,223,20,1,1891,70,119,240,199,235,405,306,221,93,3,0,1691,59,104,173,124,172,342,298,271,130,17,1
2017,02,읍면동,경기도 안성시 서운면,3879,159,259,439,343,508,763,658,482,241,25,2,2072,90,157,263,200,308,422,323,216,85,7,1,1807,69,102,176,143,200,341,335,266,156,18,1
2017,02,읍면동,경기도 안성시 안성1동,12325,775,1263,1682,1333,1792,2359,1521,1065,466,62,7,6170,402,622,902,725,907,1213,740,475,164,18,2,6155,373,641,780,608,885,1146,781,590,302,44,5
2017,02,읍면동,경기도 안성시 안성2동,18877,1838,2326,2360,2692,3447,3054,1682,967,456,53,2,9438,933,1200,1265,1351,1772,1554,813,406,128,15,1,9439,905,1126,1095,1341,1675,1500,869,561,328,38,1
2017,02,읍면동,경기도 안성시 안성3동,21325,1905,2920,3001,2492,3865,3622,1816,1161,474,64,5,10655,975,1550,1649,1227,1825,1890,895,486,144,14,0,10670,930,1370,1352,1265,2040,1732,921,675,330,50,5
2017,02,읍면동,경기도 안성시 양성면,5532,239,332,567,496,702,1152,923,640,412,66,3,2873,118,166,350,294,396,641,488,289,119,12,0,2659,121,166,217,202,306,511,435,351,293,54,3
2017,02,읍면동,경기도 안성시 원곡면,5055,370,390,537,642,757,1022,649,444,208,34,2,2679,186,214,306,349,444,550,345,202,72,10,1,2376,184,176,231,293,313,472,304,242,136,24,1
2017,02,읍면동,경기도 안성시 일죽면,7996,435,571,780,795,993,1561,1394,936,459,70,2,4105,237,287,428,464,568,811,711,420,157,21,1,3891,198,284,352,331,425,750,683,516,302,49,1
2017,02,읍면동,경기도 안성시 죽산면,7351,360,541,812,734,1023,1481,1121,837,399,38,5,3847,177,276,467,437,567,806,581,391,136,9,0,3504,183,265,345,297,456,675,540,446,263,29,5
2017,02,시군,경기도 안양시 ,599050,50311,65476,87441,89343,104326,104661,56201,28258,11329,1555,149,297734,25790,33980,45432,45495,50830,51623,28229,12356,3573,385,41,301316,24521,31496,42009,43848,53496,53038,27972,15902,7756,1170,108
2017,02,구,경기도 안양시 동안구 ,344756,30710,41607,49678,50974,63347,58303,28983,14016,6207,860,71,169957,15747,21604,25760,25332,30109,28688,14619,5977,1903,199,19,174799,14963,20003,23918,25642,33238,29615,14364,8039,4304,661,52
2017,02,읍면동,경기도 안양시 동안구 갈산동,11804,888,1584,1758,1315,2109,2108,1147,553,295,40,7,5749,439,829,923,611,966,1046,575,252,96,9,3,6055,449,755,835,704,1143,1062,572,301,199,31,4
2017,02,읍면동,경기도 안양시 동안구 관양1동,39302,3212,3874,6309,5770,6266,7163,3789,1963,837,112,7,19395,1675,1986,3347,3018,3006,3409,1830,833,261,29,1,19907,1537,1888,2962,2752,3260,3754,1959,1130,576,83,6
2017,02,읍면동,경기도 안양시 동안구 관양2동,20194,1716,1818,2988,3525,3486,3418,1797,1027,376,39,4,10226,843,913,1616,1883,1778,1706,888,461,128,10,0,9968,873,905,1372,1642,1708,1712,909,566,248,29,4
2017,02,읍면동,경기도 안양시 동안구 귀인동,17578,1649,3517,2206,1520,4222,2641,987,557,250,28,1,8683,868,1859,1096,637,1943,1414,521,242,98,5,0,8895,781,1658,1110,883,2279,1227,466,315,152,23,1
2017,02,읍면동,경기도 안양시 동안구 달안동,12135,1235,934,1622,2914,2126,1606,862,529,279,28,0,5623,645,487,739,1446,972,696,386,181,66,5,0,6512,590,447,883,1468,1154,910,476,348,213,23,0
2017,02,읍면동,경기도 안양시 동안구 범계동,16361,1403,2619,2236,2016,3479,2544,1020,656,332,53,3,7944,710,1408,1097,939,1584,1303,492,282,115,14,0,8417,693,1211,1139,1077,1895,1241,528,374,217,39,3
2017,02,읍면동,경기도 안양시 동안구 부림동,25757,2858,2790,3084,5524,5146,3523,1582,856,351,43,0,12468,1466,1426,1462,2707,2469,1687,785,333,124,9,0,13289,1392,1364,1622,2817,2677,1836,797,523,227,34,0
2017,02,읍면동,경기도 안양시 동안구 부흥동,18524,1794,2525,2342,2644,3711,2790,1562,707,387,60,2,8953,929,1341,1191,1261,1762,1315,764,282,93,15,0,9571,865,1184,1151,1383,1949,1475,798,425,294,45,2
2017,02,읍면동,경기도 안양시 동안구 비산1동,26579,2482,3122,3683,3764,4716,4553,2579,1142,455,66,17,13074,1291,1596,1897,1871,2277,2173,1299,508,147,13,2,13505,1191,1526,1786,1893,2439,2380,1280,634,308,53,15
2017,02,읍면동,경기도 안양시 동안구 비산2동,13869,1104,1525,2203,1878,2321,2606,1366,569,235,54,8,6749,554,786,1139,906,1067,1260,698,249,75,13,2,7120,550,739,1064,972,1254,1346,668,320,160,41,6
2017,02,읍면동,경기도 안양시 동안구 비산3동,24669,1700,2585,3943,3339,3973,4720,2467,1236,618,85,3,12331,886,1338,2163,1775,1905,2299,1242,527,173,21,2,12338,814,1247,1780,1564,2068,2421,1225,709,445,64,1
2017,02,읍면동,경기도 안양시 동안구 신촌동,13890,1078,1959,2181,1704,2578,2583,1153,442,190,22,0,6839,523,1025,1124,842,1142,1298,624,201,55,5,0,7051,555,934,1057,862,1436,1285,529,241,135,17,0
2017,02,읍면동,경기도 안양시 동안구 평안동,25401,2974,4178,2864,3660,5936,3249,1385,734,374,43,4,12510,1504,2207,1486,1660,2863,1659,724,277,115,11,4,12891,1470,1971,1378,2000,3073,1590,661,457,259,32,0
2017,02,읍면동,경기도 안양시 동안구 평촌동,16420,1796,2146,2340,2141,3328,2739,1065,593,246,24,2,8159,946,1100,1253,988,1543,1433,549,240,99,7,1,8261,850,1046,1087,1153,1785,1306,516,353,147,17,1
2017,02,읍면동,경기도 안양시 동안구 호계1동,11269,763,1038,1661,1741,1881,2167,1227,561,201,26,3,5833,414,548,898,953,989,1127,611,245,44,3,1,5436,349,490,763,788,892,1040,616,316,157,23,2
2017,02,읍면동,경기도 안양시 동안구 호계2동,25680,1995,2673,4219,3824,3989,4950,2573,973,413,64,7,12661,1003,1360,2177,1943,1873,2395,1338,440,120,11,1,13019,992,1313,2042,1881,2116,2555,1235,533,293,53,6
2017,02,읍면동,경기도 안양시 동안구 호계3동,25324,2063,2720,4039,3695,4080,4943,2422,918,368,73,3,12760,1051,1395,2152,1892,1970,2468,1293,424,94,19,2,12564,1012,1325,1887,1803,2110,2475,1129,494,274,54,1
2017,02,구,경기도 안양시 만안구 ,254294,19601,23869,37763,38369,40979,46358,27218,14242,5122,695,78,127777,10043,12376,19672,20163,20721,22935,13610,6379,1670,186,22,126517,9558,11493,18091,18206,20258,23423,13608,7863,3452,509,56
2017,02,읍면동,경기도 안양시 만안구 박달1동,16875,1109,1553,2402,2190,2938,3303,1856,1102,368,46,8,8487,558,766,1249,1180,1533,1663,930,477,112,16,3,8388,551,787,1153,1010,1405,1640,926,625,256,30,5
2017,02,읍면동,경기도 안양시 만안구 박달2동,23190,2268,2641,3645,3612,3748,4050,1962,823,394,45,2,11631,1185,1375,1921,1815,1803,2002,1033,361,123,13,0,11559,1083,1266,1724,1797,1945,2048,929,462,271,32,2
2017,02,읍면동,경기도 안양시 만안구 석수1동,20687,1854,1868,2860,3194,3356,3689,2175,1164,449,69,9,10203,948,974,1503,1560,1679,1764,1080,539,137,16,3,10484,906,894,1357,1634,1677,1925,1095,625,312,53,6
2017,02,읍면동,경기도 안양시 만안구 석수2동,33836,2831,3336,4797,4988,5709,5999,3464,1939,673,91,9,17000,1463,1769,2448,2543,2900,3067,1703,866,220,19,2,16836,1368,1567,2349,2445,2809,2932,1761,1073,453,72,7
2017,02,읍면동,경기도 안양시 만안구 석수3동,15224,1374,1793,2168,2046,2694,2763,1339,730,278,37,2,7636,700,946,1189,1005,1364,1395,654,298,76,9,0,7588,674,847,979,1041,1330,1368,685,432,202,28,2
2017,02,읍면동,경기도 안양시 만안구 안양1동,18076,1597,1882,2720,2878,3018,3135,1777,740,280,48,1,8972,796,936,1436,1443,1463,1530,907,342,103,16,0,9104,801,946,1284,1435,1555,1605,870,398,177,32,1
2017,02,읍면동,경기도 안양시 만안구 안양2동,23006,1394,1984,3693,3277,3489,4439,2712,1487,466,56,9,11555,714,1038,1827,1773,1764,2231,1360,675,155,15,3,11451,680,946,1866,1504,1725,2208,1352,812,311,41,6
2017,02,읍면동,경기도 안양시 만안구 안양3동,17631,1150,1586,2706,2549,2749,3377,2111,1017,332,46,8,8822,596,837,1409,1387,1385,1597,1034,460,107,9,1,8809,554,749,1297,1162,1364,1780,1077,557,225,37,7
2017,02,읍면동,경기도 안양시 만안구 안양4동,7299,369,568,1166,1025,1080,1341,906,591,228,25,0,3679,182,300,571,582,582,664,450,247,92,9,0,3620,187,268,595,443,498,677,456,344,136,16,0
2017,02,읍면동,경기도 안양시 만안구 안양5동,13947,759,1176,1999,1917,2161,2629,1748,1099,408,48,3,7019,424,626,1034,1060,1108,1287,858,481,130,10,1,6928,335,550,965,857,1053,1342,890,618,278,38,2
2017,02,읍면동,경기도 안양시 만안구 안양6동,19028,1208,1332,2764,3418,2935,3409,2341,1167,403,41,10,9884,609,666,1479,1934,1571,1732,1174,539,158,18,4,9144,599,666,1285,1484,1364,1677,1167,628,245,23,6
2017,02,읍면동,경기도 안양시 만안구 안양7동,14853,1620,1457,2079,2774,2497,2435,1273,507,163,39,9,7478,831,751,1041,1439,1237,1217,653,247,48,10,4,7375,789,706,1038,1335,1260,1218,620,260,115,29,5
2017,02,읍면동,경기도 안양시 만안구 안양8동,12120,704,977,1949,1897,1805,2315,1442,719,263,47,2,6245,365,507,1072,1090,949,1096,738,344,74,10,0,5875,339,470,877,807,856,1219,704,375,189,37,2
2017,02,읍면동,경기도 안양시 만안구 안양9동,18522,1364,1716,2815,2604,2800,3474,2112,1157,417,57,6,9166,672,885,1493,1352,1383,1690,1036,503,135,16,1,9356,692,831,1322,1252,1417,1784,1076,654,282,41,5
2017,02,시군,경기도 양주시 ,206443,20493,24357,23302,27253,38047,33498,20842,13141,4810,660,40,104733,10406,12527,12443,13728,19700,17687,10337,6004,1730,160,11,101710,10087,11830,10859,13525,18347,15811,10505,7137,3080,500,29
2017,02,읍면동,경기도 양주시 광적면,11880,769,1051,1427,1246,1941,2519,1512,972,395,44,4,6381,383,576,815,718,1045,1422,820,442,147,13,0,5499,386,475,612,528,896,1097,692,530,248,31,4
2017,02,읍면동,경기도 양주시 남면,7645,505,565,934,896,1041,1549,1101,648,339,64,3,4199,262,286,576,530,642,869,624,294,101,13,2,3446,243,279,358,366,399,680,477,354,238,51,1
2017,02,읍면동,경기도 양주시 백석읍,28444,2240,3258,3508,3137,4975,5314,3171,2006,737,92,6,14426,1150,1692,1847,1636,2510,2813,1584,899,270,24,1,14018,1090,1566,1661,1501,2465,2501,1587,1107,467,68,5
2017,02,읍면동,경기도 양주시 양주1동,6219,322,444,710,602,880,1299,1012,645,267,36,2,3241,180,229,366,341,478,693,552,291,103,6,2,2978,142,215,344,261,402,606,460,354,164,30,0
2017,02,읍면동,경기도 양주시 양주2동,54006,7654,7542,4680,8312,11407,6335,4365,2795,793,119,4,26498,3891,3755,2413,3817,5873,3177,1975,1289,286,22,0,27508,3763,3787,2267,4495,5534,3158,2390,1506,507,97,4
2017,02,읍면동,경기도 양주시 은현면,6761,260,482,806,672,939,1570,1064,642,281,42,3,3783,135,252,477,414,578,894,603,316,102,12,0,2978,125,230,329,258,361,676,461,326,179,30,3
2017,02,읍면동,경기도 양주시 장흥면,10111,586,647,1138,1253,1241,2003,1803,983,381,71,5,5150,287,353,631,702,678,986,863,489,138,20,3,4961,299,294,507,551,563,1017,940,494,243,51,2
2017,02,읍면동,경기도 양주시 회천1동,10308,775,991,1571,1317,1707,1907,1078,666,257,31,8,5321,393,495,903,685,862,1039,549,300,86,7,2,4987,382,496,668,632,845,868,529,366,171,24,6
2017,02,읍면동,경기도 양주시 회천2동,28613,2439,3303,3838,3562,5221,5332,2692,1613,552,57,4,14530,1255,1753,1993,1844,2663,2802,1309,709,191,11,0,14083,1184,1550,1845,1718,2558,2530,1383,904,361,46,4
2017,02,읍면동,경기도 양주시 회천3동,29598,3159,4716,3375,3817,6392,4003,1901,1547,619,68,1,14650,1552,2435,1745,1804,3178,2131,886,657,240,21,1,14948,1607,2281,1630,2013,3214,1872,1015,890,379,47,0
2017,02,읍면동,경기도 양주시 회천4동,12858,1784,1358,1315,2439,2303,1667,1143,624,189,36,0,6554,918,701,677,1237,1193,861,572,318,66,11,0,6304,866,657,638,1202,1110,806,571,306,123,25,0
2017,02,시군,경기도 양평군 ,111841,8324,9861,10712,11881,16473,20514,17024,11412,4886,706,48,56459,4265,5248,5951,6030,8721,10481,8441,5392,1723,195,12,55382,4059,4613,4761,5851,7752,10033,8583,6020,3163,511,36
2017,02,읍면동,경기도 양평군 강상면,8594,874,759,724,1080,1382,1490,1197,734,302,47,5,4310,441,403,400,527,708,749,598,357,112,14,1,4284,433,356,324,553,674,741,599,377,190,33,4
2017,02,읍면동,경기도 양평군 강하면,4449,209,300,376,379,556,916,943,540,195,35,0,2232,110,163,207,203,294,445,443,276,82,9,0,2217,99,137,169,176,262,471,500,264,113,26,0
2017,02,읍면동,경기도 양평군 개군면,4970,286,357,434,435,675,968,856,642,285,31,1,2520,139,191,263,230,373,507,404,316,90,6,1,2450,147,166,171,205,302,461,452,326,195,25,0
2017,02,읍면동,경기도 양평군 단월면,3736,168,243,300,339,461,721,701,559,223,20,1,1906,84,149,162,194,265,346,367,257,78,4,0,1830,84,94,138,145,196,375,334,302,145,16,1
2017,02,읍면동,경기도 양평군 서종면,8718,632,734,657,846,1375,1690,1600,798,319,64,3,4408,324,416,364,415,709,822,819,403,114,21,1,4310,308,318,293,431,666,868,781,395,205,43,2
2017,02,읍면동,경기도 양평군 양동면,4614,187,232,366,340,478,921,971,696,365,53,5,2299,99,130,194,179,279,491,486,308,119,14,0,2315,88,102,172,161,199,430,485,388,246,39,5
2017,02,읍면동,경기도 양평군 양서면,12083,778,1005,1155,1297,1813,2236,1963,1238,519,75,4,6069,362,547,638,655,945,1114,960,635,190,21,2,6014,416,458,517,642,868,1122,1003,603,329,54,2
2017,02,읍면동,경기도 양평군 양평읍,30582,2799,3511,3504,3920,5091,5231,3332,2197,857,125,15,15364,1451,1805,1920,1947,2577,2697,1642,996,286,38,5,15218,1348,1706,1584,1973,2514,2534,1690,1201,571,87,10
2017,02,읍면동,경기도 양평군 옥천면,7403,556,526,730,808,1045,1412,1238,751,295,39,3,3789,283,295,415,414,595,702,605,370,102,8,0,3614,273,231,315,394,450,710,633,381,193,31,3
2017,02,읍면동,경기도 양평군 용문면,16339,1417,1522,1693,1736,2393,2812,2209,1685,766,100,6,8302,747,787,945,878,1280,1487,1100,772,277,27,2,8037,670,735,748,858,1113,1325,1109,913,489,73,4
2017,02,읍면동,경기도 양평군 지평면,6655,291,470,514,448,796,1358,1238,987,485,67,1,3373,165,250,293,243,459,702,637,433,167,24,0,3282,126,220,221,205,337,656,601,554,318,43,1
2017,02,읍면동,경기도 양평군 청운면,3698,127,202,259,253,408,759,776,585,275,50,4,1887,60,112,150,145,237,419,380,269,106,9,0,1811,67,90,109,108,171,340,396,316,169,41,4
2017,02,시군,경기도 여주시 ,111833,9002,11215,12294,13484,17318,19885,14158,9576,4272,587,42,56483,4692,5719,6694,6907,9100,10343,7076,4341,1493,102,16,55350,4310,5496,5600,6577,8218,9542,7082,5235,2779,485,26
2017,02,읍면동,경기도 여주시 가남읍,16122,1404,1534,1737,2288,2457,2770,2001,1282,561,81,7,8260,716,787,942,1230,1312,1445,1016,595,198,16,3,7862,688,747,795,1058,1145,1325,985,687,363,65,4
2017,02,읍면동,경기도 여주시 강천면,3909,167,292,359,321,515,764,690,498,261,39,3,2006,95,160,192,184,296,398,350,239,88,3,1,1903,72,132,167,137,219,366,340,259,173,36,2
2017,02,읍면동,경기도 여주시 금사면,3057,147,195,252,231,353,647,613,402,185,30,2,1555,67,111,145,132,186,353,296,189,71,5,0,1502,80,84,107,99,167,294,317,213,114,25,2
2017,02,읍면동,경기도 여주시 능서면,6609,343,575,613,625,781,1352,1052,794,416,58,0,3412,161,305,361,341,462,723,559,353,131,16,0,3197,182,270,252,284,319,629,493,441,285,42,0
2017,02,읍면동,경기도 여주시 대신면,7764,283,569,719,561,947,1654,1383,1093,489,63,3,3871,151,294,412,318,503,812,693,482,189,15,2,3893,132,275,307,243,444,842,690,611,300,48,1
2017,02,읍면동,경기도 여주시 북내면,5252,216,512,508,369,778,1031,778,668,348,41,3,2683,107,260,284,205,427,563,406,295,128,7,1,2569,109,252,224,164,351,468,372,373,220,34,2
2017,02,읍면동,경기도 여주시 산북면,2588,132,206,211,215,328,490,455,371,156,22,2,1266,56,99,113,107,177,243,229,178,60,3,1,1322,76,107,98,108,151,247,226,193,96,19,1
2017,02,읍면동,경기도 여주시 여흥동,21863,2112,2236,2683,3061,3686,3735,2341,1405,517,78,9,11001,1086,1127,1486,1510,1910,1924,1140,643,161,10,4,10862,1026,1109,1197,1551,1776,1811,1201,762,356,68,5
2017,02,읍면동,경기도 여주시 오학동,14963,1876,1579,1695,2549,2659,2316,1230,737,274,41,7,7482,1019,790,896,1240,1348,1177,598,317,90,5,2,7481,857,789,799,1309,1311,1139,632,420,184,36,5
2017,02,읍면동,경기도 여주시 점동면,4854,191,467,497,328,560,959,874,608,324,46,0,2498,104,254,279,184,309,521,441,281,114,11,0,2356,87,213,218,144,251,438,433,327,210,35,0
2017,02,읍면동,경기도 여주시 중앙동,19694,1880,2690,2550,2542,3641,3103,1798,1027,414,46,3,9795,992,1353,1312,1239,1825,1620,854,451,141,6,2,9899,888,1337,1238,1303,1816,1483,944,576,273,40,1
2017,02,읍면동,경기도 여주시 흥천면,5158,251,360,470,394,613,1064,943,691,327,42,3,2654,138,179,272,217,345,564,494,318,122,5,0,2504,113,181,198,177,268,500,449,373,205,37,3
2017,02,시군,경기도 연천군 ,45822,3531,3810,5989,4935,5758,7999,6222,5056,2180,313,29,24074,1817,2016,3860,2689,3203,4287,3094,2214,804,79,11,21748,1714,1794,2129,2246,2555,3712,3128,2842,1376,234,18
2017,02,읍면동,경기도 연천군 군남면,3624,179,228,391,285,389,706,611,562,238,33,2,1908,86,124,258,165,233,381,308,252,90,10,1,1716,93,104,133,120,156,325,303,310,148,23,1
2017,02,읍면동,경기도 연천군 미산면,1745,67,80,170,100,163,383,365,277,120,17,3,917,36,40,108,58,99,204,196,129,42,4,1,828,31,40,62,42,64,179,169,148,78,13,2
2017,02,읍면동,경기도 연천군 백학면,2835,149,206,285,213,310,574,463,452,167,16,0,1502,76,114,188,128,185,303,229,207,66,6,0,1333,73,92,97,85,125,271,234,245,101,10,0
2017,02,읍면동,경기도 연천군 신서면,3082,102,162,415,202,306,565,597,504,200,27,2,1658,48,82,313,121,190,304,279,228,83,9,1,1424,54,80,102,81,116,261,318,276,117,18,1
2017,02,읍면동,경기도 연천군 연천읍,8275,813,585,1424,1055,912,1212,943,890,388,51,2,4481,429,305,978,593,525,675,455,358,151,12,0,3794,384,280,446,462,387,537,488,532,237,39,2
2017,02,읍면동,경기도 연천군 왕징면,1099,43,56,95,64,107,189,250,209,71,14,1,582,30,31,58,42,69,103,122,97,26,3,1,517,13,25,37,22,38,86,128,112,45,11,0
2017,02,읍면동,경기도 연천군 장남면,736,34,39,59,48,84,143,137,132,48,11,1,366,15,24,36,25,49,70,68,62,17,0,0,370,19,15,23,23,35,73,69,70,31,11,1
2017,02,읍면동,경기도 연천군 전곡읍,19972,1939,2185,2593,2553,2992,3308,2131,1448,705,104,14,10293,1003,1141,1527,1322,1563,1746,1085,627,246,27,6,9679,936,1044,1066,1231,1429,1562,1046,821,459,77,8
2017,02,읍면동,경기도 연천군 중면,222,12,13,65,23,15,34,29,19,10,2,0,132,5,6,55,12,9,18,16,8,3,0,0,90,7,7,10,11,6,16,13,11,7,2,0
2017,02,읍면동,경기도 연천군 청산면,4232,193,256,492,392,480,885,696,563,233,38,4,2235,89,149,339,223,281,483,336,246,80,8,1,1997,104,107,153,169,199,402,360,317,153,30,3
2017,02,시군,경기도 오산시 ,209420,27088,24414,26581,40588,39126,27132,13581,7780,2722,376,32,107465,13983,12507,14075,21250,20549,14147,6604,3322,935,87,6,101955,13105,11907,12506,19338,18577,12985,6977,4458,1787,289,26
2017,02,읍면동,경기도 오산시 남촌동,22350,1572,1583,4415,5975,3887,2603,1338,710,227,35,5,12825,822,805,2494,3750,2325,1513,699,338,72,6,1,9525,750,778,1921,2225,1562,1090,639,372,155,29,4
2017,02,읍면동,경기도 오산시 대원동,66584,8943,8241,8514,12641,12731,8408,4009,2231,747,113,6,34058,4607,4332,4534,6436,6567,4424,1930,937,260,31,0,32526,4336,3909,3980,6205,6164,3984,2079,1294,487,82,6
2017,02,읍면동,경기도 오산시 세마동,19463,2999,2238,2143,3638,3664,2537,1308,668,223,40,5,9892,1600,1129,1111,1743,1959,1297,659,306,77,10,1,9571,1399,1109,1032,1895,1705,1240,649,362,146,30,4
2017,02,읍면동,경기도 오산시 신장동,55988,8220,6194,6252,10918,9849,7435,3982,2236,791,104,7,27997,4208,3101,3244,5572,5093,3646,1908,943,263,19,0,27991,4012,3093,3008,5346,4756,3789,2074,1293,528,85,7
2017,02,읍면동,경기도 오산시 중앙동,27951,3097,3847,3455,4255,5637,3920,1938,1258,486,54,4,14050,1562,1970,1783,2157,2841,2111,919,522,171,13,1,13901,1535,1877,1672,2098,2796,1809,1019,736,315,41,3
2017,02,읍면동,경기도 오산시 초평동,17084,2257,2311,1802,3161,3358,2229,1006,677,248,30,5,8643,1184,1170,909,1592,1764,1156,489,276,92,8,3,8441,1073,1141,893,1569,1594,1073,517,401,156,22,2
2017,02,시군,경기도 용인시 ,992474,111582,124228,117444,151548,196073,134546,81887,52969,19196,2851,150,493031,57255,64075,60531,73177,98073,69309,37899,24681,7303,703,25,499443,54327,60153,56913,78371,98000,65237,43988,28288,11893,2148,125
2017,02,구,경기도 용인시 기흥구 ,417777,51792,52489,47469,67366,84290,52761,32275,20912,7297,1082,44,206652,26552,27025,24373,32195,42244,26742,14646,9783,2818,267,7,211125,25240,25464,23096,35171,42046,26019,17629,11129,4479,815,37
2017,02,읍면동,경기도 용인시 기흥구 구갈동,27075,2299,3070,4354,4601,5017,4091,2081,1109,388,62,3,13626,1157,1540,2209,2436,2521,2104,1009,513,125,12,0,13449,1142,1530,2145,2165,2496,1987,1072,596,263,50,3
2017,02,읍면동,경기도 용인시 기흥구 구성동,40748,4964,5046,3783,5965,8475,4892,3845,2767,888,117,6,19735,2534,2564,1948,2731,4226,2359,1657,1311,386,18,1,21013,2430,2482,1835,3234,4249,2533,2188,1456,502,99,5
2017,02,읍면동,경기도 용인시 기흥구 기흥동,22781,2779,2395,2529,3834,4205,3224,2109,1224,416,62,4,11331,1395,1282,1324,1893,2137,1559,1001,581,141,18,0,11450,1384,1113,1205,1941,2068,1665,1108,643,275,44,4
2017,02,읍면동,경기도 용인시 기흥구 동백동,80391,11841,12949,7175,12191,19001,8574,4568,2963,984,136,9,39397,6029,6680,3645,5258,9538,4511,1984,1340,376,34,2,40994,5812,6269,3530,6933,9463,4063,2584,1623,608,102,7
2017,02,읍면동,경기도 용인시 기흥구 마북동,32383,3314,3584,3772,4766,5769,4417,3377,2425,848,107,4,15884,1718,1818,1977,2292,2802,2203,1491,1203,351,29,0,16499,1596,1766,1795,2474,2967,2214,1886,1222,497,78,4
2017,02,읍면동,경기도 용인시 기흥구 보정동,36644,4314,4428,3839,5543,7364,4428,3398,2492,719,119,0,17991,2223,2256,1931,2556,3626,2249,1537,1264,323,26,0,18653,2091,2172,1908,2987,3738,2179,1861,1228,396,93,0
2017,02,읍면동,경기도 용인시 기흥구 상갈동,46648,5232,6151,5098,7052,9662,5978,3806,2662,884,117,6,23462,2745,3201,2581,3509,4933,3105,1730,1267,356,33,2,23186,2487,2950,2517,3543,4729,2873,2076,1395,528,84,4
2017,02,읍면동,경기도 용인시 기흥구 상하동,25334,2865,3268,2939,3707,5125,3576,2066,1281,444,61,2,12383,1465,1676,1520,1744,2512,1793,936,575,151,11,0,12951,1400,1592,1419,1963,2613,1783,1130,706,293,50,2
2017,02,읍면동,경기도 용인시 기흥구 서농동,24151,3844,2162,4435,5467,3635,2658,1154,574,184,37,1,12375,1994,1134,2354,2842,1878,1301,552,250,61,9,0,11776,1850,1028,2081,2625,1757,1357,602,324,123,28,1
2017,02,읍면동,경기도 용인시 기흥구 신갈동,36538,3884,4269,4486,5658,7201,5272,2980,1971,709,103,5,18119,1979,2179,2269,2800,3627,2737,1372,861,271,23,1,18419,1905,2090,2217,2858,3574,2535,1608,1110,438,80,4
2017,02,읍면동,경기도 용인시 기흥구 영덕동,45084,6456,5167,5059,8582,8836,5651,2891,1444,833,161,4,22349,3313,2695,2615,4134,4444,2821,1377,618,277,54,1,22735,3143,2472,2444,4448,4392,2830,1514,826,556,107,3
2017,02,구,경기도 용인시 수지구 ,348381,39018,46322,40690,51697,71539,44878,27859,19069,6295,974,40,170450,20071,23659,20473,23982,34847,23108,12438,9118,2508,240,6,177931,18947,22663,20217,27715,36692,21770,15421,9951,3787,734,34
2017,02,읍면동,경기도 용인시 수지구 동천동,36424,4102,4659,4410,5420,7550,4927,3004,1720,525,103,4,17955,2108,2390,2222,2506,3740,2496,1430,843,202,18,0,18469,1994,2269,2188,2914,3810,2431,1574,877,323,85,4
2017,02,읍면동,경기도 용인시 수지구 상현1동,47733,5502,6526,5557,7198,9783,6003,3793,2426,810,131,4,23249,2840,3327,2752,3274,4752,3125,1650,1184,320,25,0,24484,2662,3199,2805,3924,5031,2878,2143,1242,490,106,4
2017,02,읍면동,경기도 용인시 수지구 상현2동,33150,3599,4659,3529,4358,6863,4307,2934,2155,644,100,2,16092,1887,2346,1768,1958,3305,2211,1291,1045,253,28,0,17058,1712,2313,1761,2400,3558,2096,1643,1110,391,72,2
2017,02,읍면동,경기도 용인시 수지구 성복동,37877,3964,4574,3841,4696,7190,5022,4560,3046,823,154,7,18201,2001,2302,1971,1985,3461,2469,1982,1618,368,42,2,19676,1963,2272,1870,2711,3729,2553,2578,1428,455,112,5
2017,02,읍면동,경기도 용인시 수지구 신봉동,37234,4319,5297,3663,4874,8261,4576,3102,2319,726,92,5,18129,2171,2713,1865,2147,4005,2392,1341,1142,331,22,0,19105,2148,2584,1798,2727,4256,2184,1761,1177,395,70,5
2017,02,읍면동,경기도 용인시 수지구 죽전1동,59252,6917,7962,7259,9082,12172,7475,4208,2980,1025,165,7,28967,3541,4065,3659,4232,5953,3802,1903,1359,409,43,1,30285,3376,3897,3600,4850,6219,3673,2305,1621,616,122,6
2017,02,읍면동,경기도 용인시 수지구 죽전2동,19580,2001,1961,2886,3755,3406,2756,1469,909,391,45,1,9653,1033,1025,1409,1898,1659,1363,683,430,144,9,0,9927,968,936,1477,1857,1747,1393,786,479,247,36,1
2017,02,읍면동,경기도 용인시 수지구 풍덕천1동,37342,3772,4439,5095,6402,7183,5077,2703,1902,661,104,4,18670,1947,2328,2634,3282,3543,2619,1244,813,230,30,0,18672,1825,2111,2461,3120,3640,2458,1459,1089,431,74,4
2017,02,읍면동,경기도 용인시 수지구 풍덕천2동,39789,4842,6245,4450,5912,9131,4735,2086,1612,690,80,6,19534,2543,3163,2193,2700,4429,2631,914,684,251,23,3,20255,2299,3082,2257,3212,4702,2104,1172,928,439,57,3
2017,02,구,경기도 용인시 처인구 ,226316,20772,25417,29285,32485,40244,36907,21753,12988,5604,795,66,115929,10632,13391,15685,17000,20982,19459,10815,5780,1977,196,12,110387,10140,12026,13600,15485,19262,17448,10938,7208,3627,599,54
2017,02,읍면동,경기도 용인시 처인구 남사면,6992,307,554,734,660,1034,1429,1075,745,394,54,6,3708,158,280,406,378,609,815,566,327,155,14,0,3284,149,274,328,282,425,614,509,418,239,40,6
2017,02,읍면동,경기도 용인시 처인구 동부동,14261,1070,1562,1987,1928,2495,2571,1500,789,311,42,6,7263,541,849,1061,1015,1255,1310,761,357,105,9,0,6998,529,713,926,913,1240,1261,739,432,206,33,6
2017,02,읍면동,경기도 용인시 처인구 모현면,26328,2540,2646,3231,3869,4610,4343,2800,1570,624,87,8,13877,1346,1381,1787,2042,2492,2375,1447,750,233,22,2,12451,1194,1265,1444,1827,2118,1968,1353,820,391,65,6
2017,02,읍면동,경기도 용인시 처인구 백암면,8901,360,705,1000,825,1199,1810,1405,985,519,85,8,4654,182,375,563,488,682,994,725,427,190,25,3,4247,178,330,437,337,517,816,680,558,329,60,5
2017,02,읍면동,경기도 용인시 처인구 양지면,17943,1563,1910,2188,2547,3111,3113,1871,1047,502,86,5,9424,852,1028,1198,1374,1653,1661,976,491,167,23,1,8519,711,882,990,1173,1458,1452,895,556,335,63,4
2017,02,읍면동,경기도 용인시 처인구 역삼동,30206,3280,3508,4570,5162,5373,4313,2210,1275,445,63,7,15190,1656,1822,2412,2646,2627,2187,1070,589,163,17,1,15016,1624,1686,2158,2516,2746,2126,1140,686,282,46,6
2017,02,읍면동,경기도 용인시 처인구 원삼면,7871,430,590,757,770,1138,1552,1305,855,417,52,5,4093,229,300,426,445,643,807,682,397,148,15,1,3778,201,290,331,325,495,745,623,458,269,37,4
2017,02,읍면동,경기도 용인시 처인구 유림동,32990,3678,4699,3909,4979,6787,4686,2263,1418,513,56,2,16657,1816,2490,2023,2507,3412,2524,1078,596,194,17,0,16333,1862,2209,1886,2472,3375,2162,1185,822,319,39,2
2017,02,읍면동,경기도 용인시 처인구 이동면,21393,2153,2156,2216,3031,3717,3723,2282,1347,658,101,9,10868,1079,1153,1245,1561,2007,1937,1085,569,206,25,1,10525,1074,1003,971,1470,1710,1786,1197,778,452,76,8
2017,02,읍면동,경기도 용인시 처인구 중앙동,24707,2016,2720,3935,3522,4270,4136,2286,1224,517,72,9,12461,1035,1418,2035,1846,2206,2064,1121,536,181,16,3,12246,981,1302,1900,1676,2064,2072,1165,688,336,56,6
2017,02,읍면동,경기도 용인시 처인구 포곡읍,34724,3375,4367,4758,5192,6510,5231,2756,1733,704,97,1,17734,1738,2295,2529,2698,3396,2785,1304,741,235,13,0,16990,1637,2072,2229,2494,3114,2446,1452,992,469,84,1
2017,02,시군,경기도 의왕시 ,155870,14057,16434,22094,22361,26635,27729,15057,7581,3363,520,39,77918,7279,8423,11643,11537,13102,13708,7635,3392,1062,128,9,77952,6778,8011,10451,10824,13533,14021,7422,4189,2301,392,30
2017,02,읍면동,경기도 의왕시 고천동,12526,1008,1157,1637,1842,1872,2311,1602,721,329,46,1,6325,513,597,877,980,944,1105,841,356,98,13,1,6201,495,560,760,862,928,1206,761,365,231,33,0
2017,02,읍면동,경기도 의왕시 내손1동,22622,1967,2644,3555,2922,4004,4307,1890,850,419,56,8,11121,1013,1372,1829,1418,1875,2144,955,367,137,11,0,11501,954,1272,1726,1504,2129,2163,935,483,282,45,8
2017,02,읍면동,경기도 의왕시 내손2동,33080,3214,3217,5042,5023,5595,5848,2939,1377,698,121,6,16424,1647,1698,2643,2528,2698,2926,1498,562,199,24,1,16656,1567,1519,2399,2495,2897,2922,1441,815,499,97,5
2017,02,읍면동,경기도 의왕시 부곡동,26380,2101,2637,3734,3749,4374,4574,2599,1738,774,91,9,13503,1103,1313,2025,2120,2239,2335,1305,766,265,29,3,12877,998,1324,1709,1629,2135,2239,1294,972,509,62,6
2017,02,읍면동,경기도 의왕시 오전동,39813,3610,4677,5324,5515,7036,7170,3957,1746,645,127,6,19868,1883,2394,2811,2759,3446,3499,2031,820,196,27,2,19945,1727,2283,2513,2756,3590,3671,1926,926,449,100,4
2017,02,읍면동,경기도 의왕시 청계동,21449,2157,2102,2802,3310,3754,3519,2070,1149,498,79,9,10677,1120,1049,1458,1732,1900,1699,1005,521,167,24,2,10772,1037,1053,1344,1578,1854,1820,1065,628,331,55,7
2017,02,시군,경기도 의정부시 ,438718,37049,48035,59072,60362,78014,74635,43169,26982,9975,1237,188,216659,19015,24750,30249,30635,38548,37358,20487,11766,3500,308,43,222059,18034,23285,28823,29727,39466,37277,22682,15216,6475,929,145
2017,02,읍면동,경기도 의정부시 가능1동,24816,1519,2381,3508,3125,4108,4876,2814,1759,652,64,10,12485,775,1223,1864,1705,2087,2451,1346,779,242,12,1,12331,744,1158,1644,1420,2021,2425,1468,980,410,52,9
2017,02,읍면동,경기도 의정부시 가능2동,10779,861,1137,1524,1462,1773,1934,1095,705,244,36,8,5370,413,605,780,793,921,958,496,308,81,13,2,5409,448,532,744,669,852,976,599,397,163,23,6
2017,02,읍면동,경기도 의정부시 가능3동,10801,629,1070,1428,1292,1826,2073,1267,832,320,46,18,5440,330,564,786,681,949,1073,588,346,113,9,1,5361,299,506,642,611,877,1000,679,486,207,37,17
2017,02,읍면동,경기도 의정부시 녹양동,23438,2221,2668,3164,3227,4243,3985,2093,1267,506,61,3,11720,1197,1404,1655,1637,2111,1965,1007,556,171,17,0,11718,1024,1264,1509,1590,2132,2020,1086,711,335,44,3
2017,02,읍면동,경기도 의정부시 송산1동,33834,2815,3959,4522,4380,6225,5942,3153,1901,808,118,11,16851,1396,2082,2424,2256,3042,3027,1531,808,257,28,0,16983,1419,1877,2098,2124,3183,2915,1622,1093,551,90,11
2017,02,읍면동,경기도 의정부시 송산2동,57308,6911,7769,6632,8599,11625,8036,4009,2586,1009,128,4,27952,3501,3910,3362,4098,5654,4126,1840,1084,354,21,2,29356,3410,3859,3270,4501,5971,3910,2169,1502,655,107,2
2017,02,읍면동,경기도 의정부시 신곡1동,44279,3563,5128,6168,5741,8008,7846,4287,2504,921,102,11,21860,1849,2592,3212,2943,3787,3943,2100,1085,315,32,2,22419,1714,2536,2956,2798,4221,3903,2187,1419,606,70,9
2017,02,읍면동,경기도 의정부시 신곡2동,47202,4076,6286,6702,5741,8775,8221,3952,2371,943,127,8,22919,2112,3270,3374,2768,4088,4076,1890,1004,301,35,1,24283,1964,3016,3328,2973,4687,4145,2062,1367,642,92,7
2017,02,읍면동,경기도 의정부시 의정부1동,20561,1002,1430,3193,2951,3273,4100,2512,1437,545,87,31,10626,523,702,1605,1661,1816,2157,1274,655,199,25,9,9935,479,728,1588,1290,1457,1943,1238,782,346,62,22
2017,02,읍면동,경기도 의정부시 의정부2동,28205,1796,2395,4579,4324,4776,4932,2844,1837,644,70,8,14004,926,1269,2284,2310,2384,2451,1326,786,236,29,3,14201,870,1126,2295,2014,2392,2481,1518,1051,408,41,5
2017,02,읍면동,경기도 의정부시 의정부3동,13624,637,987,2189,1906,2110,2639,1658,1033,404,40,21,6848,334,530,1088,1012,1155,1375,780,416,144,10,4,6776,303,457,1101,894,955,1264,878,617,260,30,17
2017,02,읍면동,경기도 의정부시 자금동,30234,2750,3451,3944,4043,5491,5160,2780,1806,701,91,17,14850,1393,1821,1987,2023,2647,2592,1340,773,246,18,10,15384,1357,1630,1957,2020,2844,2568,1440,1033,455,73,7
2017,02,읍면동,경기도 의정부시 장암동,20827,1890,2236,2413,2910,3609,3376,2260,1465,592,66,10,10030,949,1144,1260,1419,1796,1631,1034,613,172,11,1,10797,941,1092,1153,1491,1813,1745,1226,852,420,55,9
2017,02,읍면동,경기도 의정부시 호원1동,35401,2950,2980,4456,5531,5694,5522,4522,2798,824,104,20,17407,1575,1508,2158,2834,2916,2612,2123,1330,322,24,5,17994,1375,1472,2298,2697,2778,2910,2399,1468,502,80,15
2017,02,읍면동,경기도 의정부시 호원2동,37409,3429,4158,4650,5130,6478,5993,3923,2681,862,97,8,18297,1742,2126,2410,2495,3195,2921,1812,1223,347,24,2,19112,1687,2032,2240,2635,3283,3072,2111,1458,515,73,6
2017,02,시군,경기도 이천시 ,210697,21962,24302,26750,31858,35376,33110,19175,12049,5334,737,44,107273,11295,12673,14155,16520,18204,17367,9680,5368,1810,189,12,103424,10667,11629,12595,15338,17172,15743,9495,6681,3524,548,32
2017,02,읍면동,경기도 이천시 관고동,10583,761,1080,1590,1522,1674,1974,1117,606,226,31,2,5303,417,516,816,825,823,1010,565,251,70,9,1,5280,344,564,774,697,851,964,552,355,156,22,1
2017,02,읍면동,경기도 이천시 대월면,13959,1556,1418,1998,2493,2095,1925,1254,842,313,59,6,6942,805,729,918,1242,1116,1025,625,358,108,14,2,7017,751,689,1080,1251,979,900,629,484,205,45,4
2017,02,읍면동,경기도 이천시 마장면,10338,1018,862,1393,1574,1536,1616,1154,771,351,59,4,5566,540,453,812,893,895,880,604,353,120,16,0,4772,478,409,581,681,641,736,550,418,231,43,4
2017,02,읍면동,경기도 이천시 모가면,4690,217,328,481,441,578,1024,740,569,269,42,1,2502,119,197,287,265,319,566,384,261,95,9,0,2188,98,131,194,176,259,458,356,308,174,33,1
2017,02,읍면동,경기도 이천시 백사면,10447,798,984,1310,1200,1608,1997,1229,842,419,58,2,5344,418,524,683,658,828,1054,632,386,143,18,0,5103,380,460,627,542,780,943,597,456,276,40,2
2017,02,읍면동,경기도 이천시 부발읍,37873,5011,4967,4642,6820,6893,4869,2541,1451,591,86,2,19302,2523,2589,2367,3420,3597,2642,1296,640,209,19,0,18571,2488,2378,2275,3400,3296,2227,1245,811,382,67,2
2017,02,읍면동,경기도 이천시 설성면,5176,252,352,518,466,606,1049,888,672,338,33,2,2704,116,169,305,265,375,571,460,311,123,8,1,2472,136,183,213,201,231,478,428,361,215,25,1
2017,02,읍면동,경기도 이천시 신둔면,11452,887,1058,1372,1407,1832,2260,1383,821,358,70,4,6001,480,559,736,751,999,1214,734,391,120,16,1,5451,407,499,636,656,833,1046,649,430,238,54,3
2017,02,읍면동,경기도 이천시 율면,2916,95,171,251,198,312,565,539,458,292,33,2,1461,52,74,149,114,189,299,264,212,99,8,1,1455,43,97,102,84,123,266,275,246,193,25,1
2017,02,읍면동,경기도 이천시 장호원읍,15815,1340,1699,1707,1910,2348,2754,1947,1331,689,80,10,7992,688,877,963,992,1228,1408,958,604,239,30,5,7823,652,822,744,918,1120,1346,989,727,450,50,5
2017,02,읍면동,경기도 이천시 중리동,14505,1228,1171,2328,2481,2138,2483,1469,836,316,54,1,7845,665,621,1397,1507,1115,1274,739,400,113,14,0,6660,563,550,931,974,1023,1209,730,436,203,40,1
2017,02,읍면동,경기도 이천시 증포동,48384,6967,7830,5526,7984,9875,6130,2198,1261,551,59,3,24053,3540,4131,2830,3770,4769,3248,1084,500,166,14,1,24331,3427,3699,2696,4214,5106,2882,1114,761,385,45,2
2017,02,읍면동,경기도 이천시 창전동,18707,1388,1986,2974,2638,3008,3365,1906,1041,365,32,4,9203,701,1034,1539,1398,1434,1580,935,448,128,6,0,9504,687,952,1435,1240,1574,1785,971,593,237,26,4
2017,02,읍면동,경기도 이천시 호법면,5852,444,396,660,724,873,1099,810,548,256,41,1,3055,231,200,353,420,517,596,400,253,77,8,0,2797,213,196,307,304,356,503,410,295,179,33,1
2017,02,시군,경기도 파주시 ,431135,47769,48731,52529,67543,77415,62962,36834,25519,10232,1433,168,218720,24349,25225,27457,35495,40251,32973,17765,11060,3726,369,50,212415,23420,23506,25072,32048,37164,29989,19069,14459,6506,1064,118
2017,02,읍면동,경기도 파주시 광탄면,12373,602,921,1554,1208,1704,2672,1770,1223,606,100,13,6640,318,491,907,703,973,1518,957,543,205,21,4,5733,284,430,647,505,731,1154,813,680,401,79,9
2017,02,읍면동,경기도 파주시 교하동,42610,5236,5924,4286,6521,9077,5689,3086,1867,805,108,11,21517,2694,3110,2276,3139,4651,3058,1486,819,262,21,1,21093,2542,2814,2010,3382,4426,2631,1600,1048,543,87,10
2017,02,읍면동,경기도 파주시 금촌1동,23388,1634,1967,3466,3499,3745,4207,2515,1596,653,96,10,12227,818,1053,1910,1976,2043,2247,1245,677,229,25,4,11161,816,914,1556,1523,1702,1960,1270,919,424,71,6
2017,02,읍면동,경기도 파주시 금촌2동,35825,4802,4922,4169,6173,6937,4466,2166,1550,557,75,8,17638,2449,2556,2011,3142,3421,2258,969,620,193,18,1,18187,2353,2366,2158,3031,3516,2208,1197,930,364,57,7
2017,02,읍면동,경기도 파주시 금촌3동,28998,3237,3352,3888,4684,4917,4299,2369,1567,611,71,3,14837,1620,1795,2022,2538,2515,2247,1161,691,223,25,0,14161,1617,1557,1866,2146,2402,2052,1208,876,388,46,3
2017,02,읍면동,경기도 파주시 문산읍,50622,6256,4865,6387,9213,7731,6849,4260,3436,1417,186,22,25806,3158,2550,3303,5075,4165,3486,2007,1447,552,54,9,24816,3098,2315,3084,4138,3566,3363,2253,1989,865,132,13
2017,02,읍면동,경기도 파주시 법원읍,11960,608,1056,1384,1196,1745,2414,1676,1267,529,73,12,6284,314,590,785,700,981,1305,843,560,182,21,3,5676,294,466,599,496,764,1109,833,707,347,52,9
2017,02,읍면동,경기도 파주시 운정1동,44567,6381,5775,4739,7659,9001,5683,2893,1736,618,76,6,21864,3254,2861,2341,3628,4524,2859,1399,761,218,18,1,22703,3127,2914,2398,4031,4477,2824,1494,975,400,58,5
2017,02,읍면동,경기도 파주시 운정2동,38235,5503,5470,3544,6341,8043,4522,2458,1685,597,69,3,18618,2808,2779,1736,3011,3992,2245,1080,708,238,20,1,19617,2695,2691,1808,3330,4051,2277,1378,977,359,49,2
2017,02,읍면동,경기도 파주시 운정3동,58618,8291,7454,5992,10066,12038,7493,3849,2459,859,113,4,28630,4261,3744,2995,4724,6092,3691,1734,1058,310,21,0,29988,4030,3710,2997,5342,5946,3802,2115,1401,549,92,4
2017,02,읍면동,경기도 파주시 월롱면,12152,291,382,4643,2578,1092,1401,929,549,249,33,5,7411,152,208,2495,2193,694,826,509,245,83,3,3,4741,139,174,2148,385,398,575,420,304,166,30,2
2017,02,읍면동,경기도 파주시 장단출장소,617,42,43,76,57,82,117,85,90,23,2,0,309,17,21,34,34,52,62,36,43,9,1,0,308,25,22,42,23,30,55,49,47,14,1,0
2017,02,읍면동,경기도 파주시 적성면,7961,707,663,935,1009,1002,1391,1038,846,322,48,0,4156,360,363,536,552,565,750,515,381,125,9,0,3805,347,300,399,457,437,641,523,465,197,39,0
2017,02,읍면동,경기도 파주시 조리읍,31343,2298,3528,3815,3549,5333,5881,3555,2304,917,151,12,15810,1131,1791,2051,1864,2673,3120,1747,1044,341,44,4,15533,1167,1737,1764,1685,2660,2761,1808,1260,576,107,8
2017,02,읍면동,경기도 파주시 진동면,173,9,8,3,9,25,32,37,34,13,3,0,92,2,4,2,5,12,21,19,20,6,1,0,81,7,4,1,4,13,11,18,14,7,2,0
2017,02,읍면동,경기도 파주시 탄현면,13994,1010,1229,1606,1917,2526,2349,1579,1161,527,86,4,7513,539,665,880,1115,1443,1315,795,534,203,24,0,6481,471,564,726,802,1083,1034,784,627,324,62,4
2017,02,읍면동,경기도 파주시 파주읍,13604,702,903,1610,1593,1959,2610,1917,1511,667,87,45,7254,372,498,922,950,1177,1472,938,626,252,31,16,6350,330,405,688,643,782,1138,979,885,415,56,29
2017,02,읍면동,경기도 파주시 파평면,4095,160,269,432,271,458,887,652,638,262,56,10,2114,82,146,251,146,278,493,325,283,95,12,3,1981,78,123,181,125,180,394,327,355,167,44,7
2017,02,시군,경기도 평택시 ,473738,48148,54075,60972,73630,85910,73642,39872,25445,10496,1337,211,242100,24681,28137,32799,38911,44806,38673,19187,10900,3569,373,64,231638,23467,25938,28173,34719,41104,34969,20685,14545,6927,964,147
2017,02,읍면동,경기도 평택시 고덕면,11504,1193,1091,1437,1664,1867,1880,1196,789,334,48,5,5996,605,584,821,883,1002,1028,608,352,102,10,1,5508,588,507,616,781,865,852,588,437,232,38,4
2017,02,읍면동,경기도 평택시 비전1동,47785,5849,6068,6248,8911,9186,6436,2836,1537,628,78,8,24213,3045,3138,3191,4653,4613,3313,1371,666,200,22,1,23572,2804,2930,3057,4258,4573,3123,1465,871,428,56,7
2017,02,읍면동,경기도 평택시 비전2동,59577,6937,8178,7976,9392,11529,8621,3789,2179,863,99,14,29923,3585,4291,4159,4656,5652,4464,1822,944,328,20,2,29654,3352,3887,3817,4736,5877,4157,1967,1235,535,79,12
2017,02,읍면동,경기도 평택시 서정동,30437,2338,3347,4468,4318,5461,5211,2740,1814,649,74,17,15235,1228,1746,2362,2299,2717,2624,1231,771,222,27,8,15202,1110,1601,2106,2019,2744,2587,1509,1043,427,47,9
2017,02,읍면동,경기도 평택시 서탄면,4103,207,279,443,487,554,807,632,462,209,22,1,2210,101,162,235,305,337,468,323,203,72,4,0,1893,106,117,208,182,217,339,309,259,137,18,1
2017,02,읍면동,경기도 평택시 세교동,22101,1923,2930,3268,2708,4198,3799,1708,1083,424,57,3,11196,990,1529,1772,1412,2047,1996,831,445,153,21,0,10905,933,1401,1496,1296,2151,1803,877,638,271,36,3
2017,02,읍면동,경기도 평택시 송북동,23171,2162,2609,3197,3262,4101,3993,2003,1234,525,76,9,11496,1077,1391,1647,1628,2071,2030,958,496,171,23,4,11675,1085,1218,1550,1634,2030,1963,1045,738,354,53,5
2017,02,읍면동,경기도 평택시 송탄동,15664,2041,1776,1780,2586,3027,2443,1069,610,288,38,6,8148,1048,915,944,1310,1640,1348,552,290,89,10,2,7516,993,861,836,1276,1387,1095,517,320,199,28,4
2017,02,읍면동,경기도 평택시 신장1동,6608,631,497,821,1130,1044,1051,723,485,190,27,9,3170,317,256,419,594,569,482,284,169,69,6,5,3438,314,241,402,536,475,569,439,316,121,21,4
2017,02,읍면동,경기도 평택시 신장2동,6598,289,493,780,743,1018,1275,926,726,288,42,18,3228,142,249,422,390,577,642,412,281,95,11,7,3370,147,244,358,353,441,633,514,445,193,31,11
2017,02,읍면동,경기도 평택시 신평동,24510,1600,2537,3914,3420,4215,4364,2375,1468,547,57,13,12220,820,1343,2015,1851,2021,2187,1142,624,200,13,4,12290,780,1194,1899,1569,2194,2177,1233,844,347,44,9
2017,02,읍면동,경기도 평택시 안중읍,41525,4963,6395,4633,6257,8746,5281,2661,1740,726,112,11,21001,2450,3266,2489,3124,4508,2906,1267,726,234,29,2,20524,2513,3129,2144,3133,4238,2375,1394,1014,492,83,9
2017,02,읍면동,경기도 평택시 오성면,7187,454,643,808,752,1033,1414,933,738,367,42,3,3742,226,333,457,423,581,784,465,324,124,25,0,3445,228,310,351,329,452,630,468,414,243,17,3
2017,02,읍면동,경기도 평택시 원평동,12429,1000,1047,1820,1965,1978,2105,1294,847,317,42,14,6352,499,556,977,1096,1015,1101,594,397,103,9,5,6077,501,491,843,869,963,1004,700,450,214,33,9
2017,02,읍면동,경기도 평택시 중앙동,45929,4566,6437,6258,6193,8989,7269,3252,2031,821,100,13,22995,2339,3293,3366,3112,4433,3750,1571,828,270,28,5,22934,2227,3144,2892,3081,4556,3519,1681,1203,551,72,8
2017,02,읍면동,경기도 평택시 지산동,11289,912,1090,1830,2071,1979,1596,975,607,202,24,3,5791,456,563,997,1156,1027,810,455,257,66,3,1,5498,456,527,833,915,952,786,520,350,136,21,2
2017,02,읍면동,경기도 평택시 진위면,12588,903,1078,1710,1805,2003,2221,1485,946,392,39,6,6664,462,553,961,1041,1103,1207,749,453,127,7,1,5924,441,525,749,764,900,1014,736,493,265,32,5
2017,02,읍면동,경기도 평택시 청북읍,25249,4781,2335,2098,6175,3977,2638,1698,984,479,79,5,13259,2517,1178,1156,3171,2351,1400,853,468,144,21,0,11990,2264,1157,942,3004,1626,1238,845,516,335,58,5
2017,02,읍면동,경기도 평택시 통복동,4446,192,367,546,449,745,908,664,416,136,21,2,2262,93,195,315,258,388,454,325,183,48,3,0,2184,99,172,231,191,357,454,339,233,88,18,2
2017,02,읍면동,경기도 평택시 팽성읍,28905,2001,2135,3148,3583,4631,5490,3787,2758,1185,145,42,14702,1013,1125,1789,1999,2580,2818,1740,1130,445,47,16,14203,988,1010,1359,1584,2051,2672,2047,1628,740,98,26
2017,02,읍면동,경기도 평택시 포승읍,26094,2955,2317,3209,5185,4835,3694,2053,1225,547,67,7,15117,1541,1256,1960,3207,3083,2214,1089,561,185,21,0,10977,1414,1061,1249,1978,1752,1480,964,664,362,46,7
2017,02,읍면동,경기도 평택시 현덕면,6039,251,426,580,574,794,1146,1073,766,379,48,2,3180,127,215,345,343,491,647,545,332,122,13,0,2859,124,211,235,231,303,499,528,434,257,35,2
2017,02,시군,경기도 포천시 ,154096,11476,15835,18670,17283,24903,30410,18061,11821,4877,704,56,80983,5962,8319,10454,9339,13458,16843,9516,5158,1722,194,18,73113,5514,7516,8216,7944,11445,13567,8545,6663,3155,510,38
2017,02,읍면동,경기도 포천시 가산면,8264,323,607,905,743,1324,2083,1191,698,344,45,1,4754,163,320,525,472,801,1302,717,329,115,10,0,3510,160,287,380,271,523,781,474,369,229,35,1
2017,02,읍면동,경기도 포천시 관인면,3109,106,202,306,177,342,673,568,517,188,26,4,1607,48,95,178,105,200,369,287,243,71,8,3,1502,58,107,128,72,142,304,281,274,117,18,1
2017,02,읍면동,경기도 포천시 군내면,6540,314,494,719,606,878,1500,1027,648,306,47,1,3567,162,272,415,371,493,870,574,289,111,10,0,2973,152,222,304,235,385,630,453,359,195,37,1
2017,02,읍면동,경기도 포천시 내촌면,5150,195,330,586,430,768,1284,766,533,231,26,1,2927,94,182,360,268,481,767,442,234,90,9,0,2223,101,148,226,162,287,517,324,299,141,17,1
2017,02,읍면동,경기도 포천시 선단동,14548,944,1452,1910,1698,2700,3109,1551,794,347,39,4,7769,543,737,1040,938,1474,1754,823,342,113,3,2,6779,401,715,870,760,1226,1355,728,452,234,36,2
2017,02,읍면동,경기도 포천시 소흘읍,46835,4105,6203,6015,5578,8871,8644,4034,2274,966,138,7,23861,2080,3235,3185,2787,4476,4693,2062,985,320,37,1,22974,2025,2968,2830,2791,4395,3951,1972,1289,646,101,6
2017,02,읍면동,경기도 포천시 신북면,13370,1035,1274,1618,1574,2032,2691,1683,985,407,65,6,7161,558,648,897,871,1155,1526,898,455,136,16,1,6209,477,626,721,703,877,1165,785,530,271,49,5
2017,02,읍면동,경기도 포천시 영북면,9344,797,627,1160,1149,1111,1649,1233,1098,426,81,13,4894,403,340,712,638,658,865,623,462,160,29,4,4450,394,287,448,511,453,784,610,636,266,52,9
2017,02,읍면동,경기도 포천시 영중면,5452,268,443,527,429,740,1196,898,697,220,32,2,2941,143,233,293,246,448,691,486,309,78,14,0,2511,125,210,234,183,292,505,412,388,142,18,2
2017,02,읍면동,경기도 포천시 이동면,6614,660,521,801,922,786,1075,875,676,255,40,3,3529,333,283,530,526,453,581,426,290,92,14,1,3085,327,238,271,396,333,494,449,386,163,26,2
2017,02,읍면동,경기도 포천시 일동면,10549,867,992,1095,1238,1456,1857,1473,1043,459,65,4,5495,473,540,635,681,814,981,745,435,169,20,2,5054,394,452,460,557,642,876,728,608,290,45,2
2017,02,읍면동,경기도 포천시 창수면,2355,69,152,212,165,287,523,436,375,123,12,1,1308,39,96,131,100,175,301,236,169,57,4,0,1047,30,56,81,65,112,222,200,206,66,8,1
2017,02,읍면동,경기도 포천시 포천동,19173,1583,2356,2535,2215,3286,3576,1906,1174,459,74,9,9684,813,1253,1384,1131,1647,1839,954,488,155,16,4,9489,770,1103,1151,1084,1639,1737,952,686,304,58,5
2017,02,읍면동,경기도 포천시 화현면,2793,210,182,281,359,322,550,420,309,146,14,0,1486,110,85,169,205,183,304,243,128,55,4,0,1307,100,97,112,154,139,246,177,181,91,10,0
2017,02,시군,경기도 하남시 ,215100,24138,19859,25541,37283,36302,34283,22784,10421,3744,650,95,108419,12347,10217,13279,18815,19036,16981,11403,5025,1138,152,26,106681,11791,9642,12262,18468,17266,17302,11381,5396,2606,498,69
2017,02,읍면동,경기도 하남시 감북동,4007,176,266,495,515,591,897,597,325,123,17,5,2235,95,155,283,309,349,506,324,163,44,6,1,1772,81,111,212,206,242,391,273,162,79,11,4
2017,02,읍면동,경기도 하남시 덕풍1동,17656,1291,1620,2488,2663,2836,3240,2128,1009,324,50,7,8906,664,862,1286,1449,1439,1535,1060,496,101,13,1,8750,627,758,1202,1214,1397,1705,1068,513,223,37,6
2017,02,읍면동,경기도 하남시 덕풍2동,20618,1331,1812,2965,3007,3184,3964,2607,1218,443,77,10,10354,691,933,1562,1637,1592,1990,1260,556,112,18,3,10264,640,879,1403,1370,1592,1974,1347,662,331,59,7
2017,02,읍면동,경기도 하남시 덕풍3동,27103,2681,3053,3271,3911,4910,4501,2836,1347,504,78,11,13484,1366,1617,1702,1948,2474,2182,1395,633,149,17,1,13619,1315,1436,1569,1963,2436,2319,1441,714,355,61,10
2017,02,읍면동,경기도 하남시 미사1동,21256,3667,1978,1995,4572,3857,2465,1757,675,244,44,2,10614,1896,991,1023,2189,2085,1163,857,329,68,12,1,10642,1771,987,972,2383,1772,1302,900,346,176,32,1
2017,02,읍면동,경기도 하남시 미사2동,37558,6755,3423,3201,8355,7025,4228,2855,1202,435,76,3,18707,3467,1754,1626,3894,3802,2073,1413,571,94,12,1,18851,3288,1669,1575,4461,3223,2155,1442,631,341,64,2
2017,02,읍면동,경기도 하남시 신장1동,6727,372,539,1059,1064,1029,1309,794,391,144,19,7,3477,187,288,570,629,542,651,396,163,43,5,3,3250,185,251,489,435,487,658,398,228,101,14,4
2017,02,읍면동,경기도 하남시 신장2동,43557,4016,4465,5328,6789,7112,7284,5123,2467,824,140,9,21620,2028,2289,2752,3424,3564,3507,2504,1217,297,37,1,21937,1988,2176,2576,3365,3548,3777,2619,1250,527,103,8
2017,02,읍면동,경기도 하남시 위례동,15206,2076,1307,2260,3044,2580,2342,1124,349,100,23,1,7479,1034,605,1132,1441,1307,1152,592,182,27,6,1,7727,1042,702,1128,1603,1273,1190,532,167,73,17,0
2017,02,읍면동,경기도 하남시 천현동,8049,520,532,1011,1173,1163,1586,1248,555,217,34,10,4332,256,276,541,694,694,844,666,281,72,6,2,3717,264,256,470,479,469,742,582,274,145,28,8
2017,02,읍면동,경기도 하남시 초이동,3825,195,256,442,476,603,856,548,315,115,18,1,2208,118,123,254,305,374,522,313,151,44,3,1,1617,77,133,188,171,229,334,235,164,71,15,0
2017,02,읍면동,경기도 하남시 춘궁동,3941,179,247,441,484,603,828,638,348,140,26,7,2233,95,148,250,298,378,475,352,172,56,8,1,1708,84,99,191,186,225,353,286,176,84,18,6
2017,02,읍면동,경기도 하남시 풍산동,5597,879,361,585,1230,809,783,529,220,131,48,22,2770,450,176,298,598,436,381,271,111,31,9,9,2827,429,185,287,632,373,402,258,109,100,39,13
2017,02,시군,경기도 화성시 ,649646,91569,77885,71803,123964,123042,81099,44083,24534,10250,1333,84,335524,46813,39969,37799,63724,66448,44002,22057,10981,3396,307,28,314122,44756,37916,34004,60240,56594,37097,22026,13553,6854,1026,56
2017,02,읍면동,경기도 화성시 기배동,14693,1986,2167,1445,2335,3057,1872,1077,551,176,26,1,7484,1033,1169,721,1125,1598,974,549,256,54,5,0,7209,953,998,724,1210,1459,898,528,295,122,21,1
2017,02,읍면동,경기도 화성시 남양읍,29487,3271,2900,3453,5165,4933,4676,2721,1556,706,103,3,15839,1704,1498,1960,2883,2815,2565,1438,701,254,21,0,13648,1567,1402,1493,2282,2118,2111,1283,855,452,82,3
2017,02,읍면동,경기도 화성시 동탄1동,53803,8600,7776,6591,11437,11446,4964,1782,863,303,39,2,27225,4392,4040,3221,5580,5869,2767,848,398,103,7,0,26578,4208,3736,3370,5857,5577,2197,934,465,200,32,2
2017,02,읍면동,경기도 화성시 동탄2동,37924,6206,6388,3455,6337,8896,3926,1557,826,291,41,1,18741,3165,3253,1780,2800,4484,2101,724,338,87,9,0,19183,3041,3135,1675,3537,4412,1825,833,488,204,32,1
2017,02,읍면동,경기도 화성시 동탄3동,44096,8391,5678,4422,10741,8583,3218,1767,938,315,41,2,22044,4279,2915,2135,5339,4463,1663,733,408,101,8,0,22052,4112,2763,2287,5402,4120,1555,1034,530,214,33,2
2017,02,읍면동,경기도 화성시 동탄4동,74405,15274,9037,6580,18228,14733,6218,2724,1143,412,55,1,37015,7840,4505,3106,8609,7785,3293,1240,492,132,13,0,37390,7434,4532,3474,9619,6948,2925,1484,651,280,42,1
2017,02,읍면동,경기도 화성시 동탄면,9542,1685,667,1061,2798,1333,965,602,269,135,26,1,5038,875,360,527,1520,764,502,314,128,44,4,0,4504,810,307,534,1278,569,463,288,141,91,22,1
2017,02,읍면동,경기도 화성시 마도면,6702,366,473,730,787,999,1402,968,646,289,39,3,3819,202,256,443,505,629,833,515,322,108,5,1,2883,164,217,287,282,370,569,453,324,181,34,2
2017,02,읍면동,경기도 화성시 매송면,8224,584,683,1007,970,1288,1582,1067,717,294,30,2,4300,291,353,566,530,728,865,546,312,99,9,1,3924,293,330,441,440,560,717,521,405,195,21,1
2017,02,읍면동,경기도 화성시 반월동,28111,4705,3539,3451,5683,5111,3490,1364,512,223,32,1,14229,2393,1786,1795,2804,2631,1804,702,237,68,8,1,13882,2312,1753,1656,2879,2480,1686,662,275,155,24,0
2017,02,읍면동,경기도 화성시 병점1동,29162,3871,3756,3834,5585,5503,3496,1843,933,306,35,0,14659,1995,1916,1960,2818,2786,1817,873,393,91,10,0,14503,1876,1840,1874,2767,2717,1679,970,540,215,25,0
2017,02,읍면동,경기도 화성시 병점2동,26628,3901,4503,2564,4635,5892,2695,1315,785,305,33,0,13013,1972,2264,1254,2181,2964,1400,575,294,105,4,0,13615,1929,2239,1310,2454,2928,1295,740,491,200,29,0
2017,02,읍면동,경기도 화성시 봉담읍,71489,9592,9479,7692,11780,14340,9698,5100,2657,984,160,7,36130,4753,4841,4029,5771,7585,5075,2537,1203,300,33,3,35359,4839,4638,3663,6009,6755,4623,2563,1454,684,127,4
2017,02,읍면동,경기도 화성시 비봉면,5862,278,401,620,571,779,1287,933,612,339,40,2,3243,140,210,376,358,468,754,537,277,113,8,2,2619,138,191,244,213,311,533,396,335,226,32,0
2017,02,읍면동,경기도 화성시 서신면,7005,240,375,609,592,931,1652,1288,822,429,59,8,3840,129,201,368,363,587,936,688,379,165,21,3,3165,111,174,241,229,344,716,600,443,264,38,5
2017,02,읍면동,경기도 화성시 송산면,11232,619,902,1145,1061,1633,2254,1715,1209,599,86,9,5978,328,462,681,615,975,1254,865,568,206,24,0,5254,291,440,464,446,658,1000,850,641,393,62,9
2017,02,읍면동,경기도 화성시 양감면,4210,156,233,450,455,579,1002,683,416,214,20,2,2474,83,126,273,312,396,633,377,193,78,3,0,1736,73,107,177,143,183,369,306,223,136,17,2
2017,02,읍면동,경기도 화성시 우정읍,18046,1412,1651,1973,2270,2941,3278,2252,1471,713,80,5,9668,731,810,1199,1290,1764,1795,1159,657,242,19,2,8378,681,841,774,980,1177,1483,1093,814,471,61,3
2017,02,읍면동,경기도 화성시 장안면,10763,602,762,1086,1136,1620,2236,1657,1089,515,54,6,6058,315,399,658,718,1025,1342,891,496,194,16,4,4705,287,363,428,418,595,894,766,593,321,38,2
2017,02,읍면동,경기도 화성시 정남면,12199,686,1021,1408,1460,2026,2516,1523,1009,486,57,7,6898,366,543,840,919,1271,1499,823,467,155,14,1,5301,320,478,568,541,755,1017,700,542,331,43,6
2017,02,읍면동,경기도 화성시 진안동,36647,4374,3608,5948,8619,6256,4127,2154,1110,379,71,1,19483,2268,1878,3080,4969,3456,2154,1056,481,122,18,1,17164,2106,1730,2868,3650,2800,1973,1098,629,257,53,0
2017,02,읍면동,경기도 화성시 팔탄면,10371,494,606,1199,1260,1704,2383,1408,840,418,52,7,6108,266,318,756,842,1149,1440,797,383,144,11,2,4263,228,288,443,418,555,943,611,457,274,41,5
2017,02,읍면동,경기도 화성시 향남읍,75704,11777,8751,8228,16376,14194,8390,4384,2485,999,113,7,39990,6023,4527,4465,8868,7965,4536,2156,1117,302,26,5,35714,5754,4224,3763,7508,6229,3854,2228,1368,697,87,2
2017,02,읍면동,경기도 화성시 화산동,23341,2499,2529,2852,3683,4265,3772,2199,1075,420,41,6,12248,1270,1339,1606,2005,2291,2000,1114,481,129,11,2,11093,1229,1190,1246,1678,1974,1772,1085,594,291,30,4
2017,01,도,경기도  ,12728620,1248617,1435457,1688217,1953339,2313508,2031171,1117929,643304,257927,35824,3327,6401310,640253,742055,882287,992737,1170487,1043519,549700,283215,87349,8826,882,6327310,608364,693402,805930,960602,1143021,987652,568229,360089,170578,26998,2445
2017,01,시군,경기도 가평군 ,62457,4178,5404,6309,6478,8886,11808,9365,6620,2970,402,37,31969,2135,2867,3570,3439,4783,6204,4789,2971,1087,108,16,30488,2043,2537,2739,3039,4103,5604,4576,3649,1883,294,21
2017,01,읍면동,경기도 가평군 가평읍,19718,1426,1995,2217,1989,3044,3585,2522,1941,866,121,12,10012,729,1057,1219,1049,1602,1878,1267,859,308,40,4,9706,697,938,998,940,1442,1707,1255,1082,558,81,8
2017,01,읍면동,경기도 가평군 북면,3976,197,216,294,339,463,839,765,554,273,32,4,2037,95,125,169,202,279,426,388,243,102,6,2,1939,102,91,125,137,184,413,377,311,171,26,2
2017,01,읍면동,경기도 가평군 상면,5340,207,341,549,413,654,1149,969,689,319,44,6,2760,112,189,323,222,356,629,483,323,112,8,3,2580,95,152,226,191,298,520,486,366,207,36,3
2017,01,읍면동,경기도 가평군 설악면,8998,590,884,745,857,1150,1765,1465,981,500,57,4,4575,290,445,426,440,608,920,783,459,189,12,3,4423,300,439,319,417,542,845,682,522,311,45,1
2017,01,읍면동,경기도 가평군 조종면,9945,853,766,1087,1270,1346,1764,1417,980,396,60,6,5234,441,385,662,683,744,945,765,439,151,17,2,4711,412,381,425,587,602,819,652,541,245,43,4
2017,01,읍면동,경기도 가평군 청평면,14480,905,1202,1417,1610,2229,2706,2227,1475,616,88,5,7351,468,666,771,843,1194,1406,1103,648,225,25,2,7129,437,536,646,767,1035,1300,1124,827,391,63,3
2017,01,시군,경기도 고양시 ,1040648,92104,121120,145499,143310,197004,175319,84291,54753,23900,3097,251,511353,47264,62460,74212,69566,95219,89175,41276,22884,8393,841,63,529295,44840,58660,71287,73744,101785,86144,43015,31869,15507,2256,188
2017,01,구,경기도 고양시 덕양구 ,446851,41050,46063,59860,65071,80388,75284,40628,26462,10484,1403,158,221810,21037,23793,30817,32452,40320,38438,19670,11244,3636,368,35,225041,20013,22270,29043,32619,40068,36846,20958,15218,6848,1035,123
2017,01,읍면동,경기도 고양시 덕양구 고양동,33106,3291,3757,3655,4657,6290,4943,3491,2131,776,103,12,16595,1704,1945,1938,2302,3241,2576,1648,919,290,29,3,16511,1587,1812,1717,2355,3049,2367,1843,1212,486,74,9
2017,01,읍면동,경기도 고양시 덕양구 관산동,35121,2707,3229,4270,4894,5875,6377,4146,2545,901,144,33,17760,1387,1721,2223,2572,3137,3242,2045,1121,270,35,7,17361,1320,1508,2047,2322,2738,3135,2101,1424,631,109,26
2017,01,읍면동,경기도 고양시 덕양구 능곡동,19502,1453,1819,2675,2486,3315,3812,2097,1287,470,76,12,9947,799,963,1424,1259,1712,2004,1039,576,153,17,1,9555,654,856,1251,1227,1603,1808,1058,711,317,59,11
2017,01,읍면동,경기도 고양시 덕양구 대덕동,3401,271,254,400,504,532,667,402,247,99,21,4,1862,145,129,217,270,325,395,225,111,36,7,2,1539,126,125,183,234,207,272,177,136,63,14,2
2017,01,읍면동,경기도 고양시 덕양구 성사1동,24992,2109,2361,3373,3451,4555,4451,2386,1583,633,81,9,12347,1088,1230,1762,1681,2362,2249,1126,617,208,23,1,12645,1021,1131,1611,1770,2193,2202,1260,966,425,58,8
2017,01,읍면동,경기도 고양시 덕양구 성사2동,12319,989,1288,1636,1686,2082,2098,1176,927,391,45,1,6038,497,686,854,871,997,997,595,385,144,12,0,6281,492,602,782,815,1085,1101,581,542,247,33,1
2017,01,읍면동,경기도 고양시 덕양구 신도동,19507,2246,1234,2506,3696,2931,3011,2047,1281,479,67,9,9546,1149,641,1232,1841,1503,1434,979,592,158,13,4,9961,1097,593,1274,1855,1428,1577,1068,689,321,54,5
2017,01,읍면동,경기도 고양시 덕양구 원신동,19268,2652,1403,2385,3652,2932,3047,1799,980,353,58,7,9383,1333,696,1209,1813,1463,1416,875,447,118,11,2,9885,1319,707,1176,1839,1469,1631,924,533,235,47,5
2017,01,읍면동,경기도 고양시 덕양구 주교동,17579,973,1861,2473,1924,3156,3556,1864,1216,491,60,5,9021,535,999,1342,1026,1647,1900,906,480,164,20,2,8558,438,862,1131,898,1509,1656,958,736,327,40,3
2017,01,읍면동,경기도 고양시 덕양구 창릉동,12864,1623,1135,1417,2180,2142,1946,1391,726,251,43,10,6505,820,580,710,1043,1172,1018,711,344,101,5,1,6359,803,555,707,1137,970,928,680,382,150,38,9
2017,01,읍면동,경기도 고양시 덕양구 행신1동,24224,2153,2681,3454,3406,4416,4254,1966,1308,513,70,3,11867,1092,1362,1742,1699,2168,2129,941,535,178,20,1,12357,1061,1319,1712,1707,2248,2125,1025,773,335,50,2
2017,01,읍면동,경기도 고양시 덕양구 행신2동,35344,3116,4003,5359,5449,6490,5864,2466,1749,745,97,6,17465,1610,2050,2767,2754,3098,3032,1188,697,238,31,0,17879,1506,1953,2592,2695,3392,2832,1278,1052,507,66,6
2017,01,읍면동,경기도 고양시 덕양구 행신3동,50045,4238,6365,7152,6025,10039,8600,3753,2601,1128,138,6,24384,2164,3196,3656,2940,4753,4406,1796,1059,373,41,0,25661,2074,3169,3496,3085,5286,4194,1957,1542,755,97,6
2017,01,읍면동,경기도 고양시 덕양구 행주동,21760,1230,1812,3297,3021,3699,4367,2239,1433,593,63,6,11155,636,950,1755,1673,1925,2325,1107,585,194,4,1,10605,594,862,1542,1348,1774,2042,1132,848,399,59,5
2017,01,읍면동,경기도 고양시 덕양구 화전동,5932,534,455,728,849,820,963,806,539,195,29,14,3198,289,234,420,472,460,573,409,251,74,11,5,2734,245,221,308,377,360,390,397,288,121,18,9
2017,01,읍면동,경기도 고양시 덕양구 화정1동,41000,2964,4919,6398,5062,7742,7074,3165,2479,1057,133,7,19937,1504,2522,3183,2490,3604,3647,1503,1027,412,44,1,21063,1460,2397,3215,2572,4138,3427,1662,1452,645,89,6
2017,01,읍면동,경기도 고양시 덕양구 화정2동,35483,3672,4669,4563,5131,7517,5277,2198,1664,722,70,0,17331,1883,2449,2330,2344,3627,2695,1043,666,280,14,0,18152,1789,2220,2233,2787,3890,2582,1155,998,442,56,0
2017,01,읍면동,경기도 고양시 덕양구 효자동,2407,221,132,256,351,316,419,338,229,107,27,11,1257,117,79,129,182,179,224,175,106,47,15,4,1150,104,53,127,169,137,195,163,123,60,12,7
2017,01,읍면동,경기도 고양시 덕양구 흥도동,32997,4608,2686,3863,6647,5539,4558,2898,1537,580,78,3,16212,2285,1361,1924,3220,2947,2176,1359,726,198,16,0,16785,2323,1325,1939,3427,2592,2382,1539,811,382,62,3
2017,01,구,경기도 고양시 일산동구 ,292813,23837,34925,43547,40066,56880,50193,22256,13687,6494,884,44,143013,12295,17993,21938,19144,26957,25332,11133,5705,2260,241,15,149800,11542,16932,21609,20922,29923,24861,11123,7982,4234,643,29
2017,01,읍면동,경기도 고양시 일산동구 고봉동,19521,1456,1632,2486,2510,3343,3924,2291,1267,527,83,2,10292,760,861,1388,1374,1826,2111,1231,569,159,12,1,9229,696,771,1098,1136,1517,1813,1060,698,368,71,1
2017,01,읍면동,경기도 고양시 일산동구 마두1동,26576,1817,4041,4321,2531,5238,4908,1855,1170,618,70,7,12894,925,2080,2165,1162,2375,2519,937,505,210,13,3,13682,892,1961,2156,1369,2863,2389,918,665,408,57,4
2017,01,읍면동,경기도 고양시 일산동구 마두2동,17438,1475,2633,2450,1790,3485,2984,1129,881,539,71,1,8274,748,1338,1238,751,1545,1514,585,330,201,24,0,9164,727,1295,1212,1039,1940,1470,544,551,338,47,1
2017,01,읍면동,경기도 고양시 일산동구 백석1동,32985,2622,3860,5119,5398,6282,5442,2300,1307,582,68,5,15911,1336,2003,2529,2684,2861,2605,1150,526,200,15,2,17074,1286,1857,2590,2714,3421,2837,1150,781,382,53,3
2017,01,읍면동,경기도 고양시 일산동구 백석2동,22132,1261,1810,3502,4226,4384,3588,1707,1074,509,68,3,10752,668,949,1670,2075,2134,1798,848,423,165,21,1,11380,593,861,1832,2151,2250,1790,859,651,344,47,2
2017,01,읍면동,경기도 고양시 일산동구 식사동,32835,4020,4733,4155,4062,7190,5045,1991,1106,477,53,3,16019,2086,2369,2100,1672,3471,2672,1016,444,164,24,1,16816,1934,2364,2055,2390,3719,2373,975,662,313,29,2
2017,01,읍면동,경기도 고양시 일산동구 장항1동,3077,151,175,344,321,453,769,517,250,75,18,4,1723,82,91,179,178,285,451,284,140,27,5,1,1354,69,84,165,143,168,318,233,110,48,13,3
2017,01,읍면동,경기도 고양시 일산동구 장항2동,27082,1753,2096,4483,5372,5543,4204,1768,1164,615,82,2,13195,896,1088,2155,2552,2703,2146,881,491,243,40,0,13887,857,1008,2328,2820,2840,2058,887,673,372,42,2
2017,01,읍면동,경기도 고양시 일산동구 정발산동,27122,2002,3137,4523,3572,4904,4699,2275,1341,588,79,2,13111,1035,1608,2293,1756,2255,2284,1092,560,207,19,2,14011,967,1529,2230,1816,2649,2415,1183,781,381,60,0
2017,01,읍면동,경기도 고양시 일산동구 중산동,44625,3321,5571,6856,5059,8301,8278,3554,2334,1153,189,9,21706,1720,2932,3534,2460,3813,4078,1749,968,402,47,3,22919,1601,2639,3322,2599,4488,4200,1805,1366,751,142,6
2017,01,읍면동,경기도 고양시 일산동구 풍산동,39420,3959,5237,5308,5225,7757,6352,2869,1793,811,103,6,19136,2039,2674,2687,2480,3689,3154,1360,749,282,21,1,20284,1920,2563,2621,2745,4068,3198,1509,1044,529,82,5
2017,01,구,경기도 고양시 일산서구 ,300984,27217,40132,42092,38173,59736,49842,21407,14604,6922,810,49,146530,13932,20674,21457,17970,27942,25405,10473,5935,2497,232,13,154454,13285,19458,20635,20203,31794,24437,10934,8669,4425,578,36
2017,01,읍면동,경기도 고양시 일산서구 대화동,33108,2212,3640,5963,4653,5833,5804,2579,1592,729,98,5,16042,1127,1933,2905,2338,2686,2864,1238,662,259,30,0,17066,1085,1707,3058,2315,3147,2940,1341,930,470,68,5
2017,01,읍면동,경기도 고양시 일산서구 송산동,48294,5312,6640,5755,6371,10144,7455,3563,2112,815,119,8,23893,2701,3335,3057,2932,4983,3878,1796,893,288,27,3,24401,2611,3305,2698,3439,5161,3577,1767,1219,527,92,5
2017,01,읍면동,경기도 고양시 일산서구 송포동,17870,1588,2571,2315,1964,3621,3025,1413,932,407,32,2,8913,814,1348,1234,905,1690,1617,713,421,164,7,0,8957,774,1223,1081,1059,1931,1408,700,511,243,25,2
2017,01,읍면동,경기도 고양시 일산서구 일산1동,30154,2902,3631,4181,4145,5542,5030,2376,1624,628,85,10,14710,1464,1857,2161,1999,2568,2546,1148,700,244,21,2,15444,1438,1774,2020,2146,2974,2484,1228,924,384,64,8
2017,01,읍면동,경기도 고양시 일산서구 일산2동,21008,1458,2194,3193,2496,3714,4266,1900,1190,539,55,3,10353,711,1164,1610,1255,1796,2162,941,498,193,23,0,10655,747,1030,1583,1241,1918,2104,959,692,346,32,3
2017,01,읍면동,경기도 고양시 일산서구 일산3동,38618,3363,6795,5366,3846,8775,6272,2107,1265,745,80,4,18718,1714,3467,2769,1708,3917,3276,1085,496,262,23,1,19900,1649,3328,2597,2138,4858,2996,1022,769,483,57,3
2017,01,읍면동,경기도 고양시 일산서구 주엽1동,30206,2571,4080,3975,3762,5948,4848,2175,1764,980,96,7,14371,1288,2125,2012,1724,2730,2381,1053,660,365,31,2,15835,1283,1955,1963,2038,3218,2467,1122,1104,615,65,5
2017,01,읍면동,경기도 고양시 일산서구 주엽2동,31553,2635,3982,4308,3753,5915,5240,2418,2026,1119,149,8,14877,1353,2012,2152,1751,2671,2591,1156,754,390,43,4,16676,1282,1970,2156,2002,3244,2649,1262,1272,729,106,4
2017,01,읍면동,경기도 고양시 일산서구 탄현동,50173,5176,6599,7036,7183,10244,7902,2876,2099,960,96,2,24653,2760,3433,3557,3358,4901,4090,1343,851,332,27,1,25520,2416,3166,3479,3825,5343,3812,1533,1248,628,69,1
2017,01,시군,경기도 과천시 ,62929,4932,7833,8811,7870,11221,10972,5861,3416,1692,279,42,30604,2517,4084,4599,3880,5256,5391,2826,1424,553,70,4,32325,2415,3749,4212,3990,5965,5581,3035,1992,1139,209,38
2017,01,읍면동,경기도 과천시 갈현동,14097,1431,1849,1854,1823,2814,2308,1066,638,266,43,5,6807,694,949,970,815,1366,1142,515,262,85,9,0,7290,737,900,884,1008,1448,1166,551,376,181,34,5
2017,01,읍면동,경기도 과천시 과천동,9265,711,724,1203,1664,1479,1488,1146,594,216,38,2,4770,372,365,649,936,799,714,566,290,71,8,0,4495,339,359,554,728,680,774,580,304,145,30,2
2017,01,읍면동,경기도 과천시 문원동,7842,687,1018,888,1002,1476,1244,802,476,204,37,8,3803,352,554,451,495,707,615,357,205,58,8,1,4039,335,464,437,507,769,629,445,271,146,29,7
2017,01,읍면동,경기도 과천시 별양동,12616,815,1725,2009,1253,2159,2400,1117,657,408,61,12,6030,413,928,1033,603,934,1173,535,254,141,16,0,6586,402,797,976,650,1225,1227,582,403,267,45,12
2017,01,읍면동,경기도 과천시 부림동,12179,861,1687,1777,1408,2218,2218,997,625,338,47,3,5861,447,852,935,701,990,1106,478,235,103,14,0,6318,414,835,842,707,1228,1112,519,390,235,33,3
2017,01,읍면동,경기도 과천시 중앙동,6930,427,830,1080,720,1075,1314,733,426,260,53,12,3333,239,436,561,330,460,641,375,178,95,15,3,3597,188,394,519,390,615,673,358,248,165,38,9
2017,01,시군,경기도 광명시 ,339071,32566,37898,43293,53672,61371,53646,32649,16610,6418,824,124,168004,16668,19615,22653,26723,30699,26491,15786,7152,2004,184,29,171067,15898,18283,20640,26949,30672,27155,16863,9458,4414,640,95
2017,01,읍면동,경기도 광명시 광명1동,14358,946,1414,2060,2110,2365,2441,1677,954,351,37,3,7204,505,770,1126,1139,1170,1176,792,380,138,7,1,7154,441,644,934,971,1195,1265,885,574,213,30,2
2017,01,읍면동,경기도 광명시 광명2동,11231,658,989,1575,1607,1801,2045,1441,809,275,28,3,5512,319,498,809,870,911,999,642,363,91,10,0,5719,339,491,766,737,890,1046,799,446,184,18,3
2017,01,읍면동,경기도 광명시 광명3동,10314,549,781,1469,1568,1631,1907,1381,756,233,32,7,5011,278,399,751,820,808,925,608,328,83,8,3,5303,271,382,718,748,823,982,773,428,150,24,4
2017,01,읍면동,경기도 광명시 광명4동,15123,1026,1173,2145,2536,2336,2605,1954,989,288,54,17,7387,531,590,1108,1295,1142,1242,930,435,99,10,5,7736,495,583,1037,1241,1194,1363,1024,554,189,44,12
2017,01,읍면동,경기도 광명시 광명5동,15725,1347,1619,1874,2559,2773,2526,1720,925,338,35,9,7802,656,856,1003,1319,1425,1217,831,394,93,6,2,7923,691,763,871,1240,1348,1309,889,531,245,29,7
2017,01,읍면동,경기도 광명시 광명6동,15511,1468,1572,2022,2403,2640,2640,1631,797,296,35,7,7688,727,788,1046,1188,1354,1304,819,358,92,11,1,7823,741,784,976,1215,1286,1336,812,439,204,24,6
2017,01,읍면동,경기도 광명시 광명7동,23944,1756,2505,3431,3564,3874,4186,2771,1322,466,65,4,12058,873,1302,1841,1889,1975,2026,1373,613,153,13,0,11886,883,1203,1590,1675,1899,2160,1398,709,313,52,4
2017,01,읍면동,경기도 광명시 소하1동,32568,4094,4310,3619,4721,6409,4786,2790,1251,509,64,15,16090,2114,2248,1914,2172,3175,2365,1369,574,140,16,3,16478,1980,2062,1705,2549,3234,2421,1421,677,369,48,12
2017,01,읍면동,경기도 광명시 소하2동,33630,3459,3702,4384,5172,5897,5321,3309,1695,606,73,12,16972,1793,1892,2412,2607,3046,2667,1600,732,201,17,5,16658,1666,1810,1972,2565,2851,2654,1709,963,405,56,7
2017,01,읍면동,경기도 광명시 철산1동,13990,1511,1806,1794,2189,2768,2094,1066,524,206,31,1,6901,769,912,935,1052,1357,1052,514,233,71,6,0,7089,742,894,859,1137,1411,1042,552,291,135,25,1
2017,01,읍면동,경기도 광명시 철산2동,16502,1034,1661,2582,2642,2812,3057,1583,794,302,33,2,8391,538,889,1332,1403,1400,1597,778,359,83,11,1,8111,496,772,1250,1239,1412,1460,805,435,219,22,1
2017,01,읍면동,경기도 광명시 철산3동,37837,3987,5004,4992,5461,7232,5987,3100,1371,617,76,10,18673,2048,2591,2598,2518,3524,2955,1587,620,209,21,2,19164,1939,2413,2394,2943,3708,3032,1513,751,408,55,8
2017,01,읍면동,경기도 광명시 철산4동,14740,1516,1428,1891,2855,2622,2127,1399,678,200,23,1,7395,765,777,980,1456,1345,1046,673,284,65,4,0,7345,751,651,911,1399,1277,1081,726,394,135,19,1
2017,01,읍면동,경기도 광명시 하안1동,28029,3417,3502,3286,4171,5524,4336,2251,1030,435,71,6,14033,1773,1781,1773,1961,2818,2195,1149,444,127,11,1,13996,1644,1721,1513,2210,2706,2141,1102,586,308,60,5
2017,01,읍면동,경기도 광명시 하안2동,15937,1699,1656,1749,3420,3055,1988,1216,709,387,49,9,7662,862,843,835,1736,1527,930,548,274,98,7,2,8275,837,813,914,1684,1528,1058,668,435,289,42,7
2017,01,읍면동,경기도 광명시 하안3동,23051,2372,2575,2597,3940,4270,3233,2140,1266,575,77,6,11017,1223,1344,1264,1964,2069,1582,941,457,158,15,0,12034,1149,1231,1333,1976,2201,1651,1199,809,417,62,6
2017,01,읍면동,경기도 광명시 하안4동,14145,1629,2052,1581,2472,3085,1825,805,472,201,22,1,6881,843,1053,783,1177,1497,910,392,171,49,6,0,7264,786,999,798,1295,1588,915,413,301,152,16,1
2017,01,읍면동,경기도 광명시 학온동,2436,98,149,242,282,277,542,415,268,133,19,11,1327,51,82,143,157,156,303,240,133,54,5,3,1109,47,67,99,125,121,239,175,135,79,14,8
2017,01,시군,경기도 광주시 ,328940,34274,32819,38613,56392,58214,53131,32692,16130,5758,852,65,168970,17597,16987,20285,29532,30867,27367,16514,7643,1978,182,18,159970,16677,15832,18328,26860,27347,25764,16178,8487,3780,670,47
2017,01,읍면동,경기도 광주시 경안동,39955,3849,4539,5169,6186,7373,6698,3600,1804,637,88,12,20369,1971,2375,2682,3183,3801,3523,1789,817,212,11,5,19586,1878,2164,2487,3003,3572,3175,1811,987,425,77,7
2017,01,읍면동,경기도 광주시 곤지암읍,23336,1825,2315,2821,3111,4161,4421,2548,1408,616,92,18,12379,958,1207,1545,1660,2301,2435,1353,680,211,25,4,10957,867,1108,1276,1451,1860,1986,1195,728,405,67,14
2017,01,읍면동,경기도 광주시 광남동,45370,5060,5074,5018,7629,8589,7013,4351,1932,609,92,3,23284,2594,2656,2594,3919,4547,3584,2184,975,210,20,1,22086,2466,2418,2424,3710,4042,3429,2167,957,399,72,2
2017,01,읍면동,경기도 광주시 남종면,1617,64,94,128,132,196,334,314,241,101,13,0,837,32,50,65,72,113,181,163,115,40,6,0,780,32,44,63,60,83,153,151,126,61,7,0
2017,01,읍면동,경기도 광주시 남한산성면,2964,273,229,272,286,490,525,450,277,133,27,2,1559,135,121,151,148,287,292,243,128,47,7,0,1405,138,108,121,138,203,233,207,149,86,20,2
2017,01,읍면동,경기도 광주시 도척면,9009,690,710,950,1117,1453,1729,1266,709,318,65,2,4898,370,393,536,643,840,968,682,331,123,11,1,4111,320,317,414,474,613,761,584,378,195,54,1
2017,01,읍면동,경기도 광주시 송정동,57551,5857,5877,7398,9520,10362,9798,5289,2470,844,127,9,29113,2942,2972,3901,4974,5315,4894,2679,1119,287,28,2,28438,2915,2905,3497,4546,5047,4904,2610,1351,557,99,7
2017,01,읍면동,경기도 광주시 오포읍,93925,10953,8161,11272,20140,15645,13496,8632,4065,1364,186,11,47855,5628,4199,5790,10659,8251,6656,4229,1936,458,45,4,46070,5325,3962,5482,9481,7394,6840,4403,2129,906,141,7
2017,01,읍면동,경기도 광주시 초월읍,41555,4538,4686,4442,6530,7762,6679,4001,2107,717,90,3,21683,2356,2422,2374,3373,4190,3644,2080,985,242,17,0,19872,2182,2264,2068,3157,3572,3035,1921,1122,475,73,3
2017,01,읍면동,경기도 광주시 퇴촌면,13658,1165,1134,1143,1741,2183,2438,2241,1117,419,72,5,6993,611,592,647,901,1222,1190,1112,557,148,12,1,6665,554,542,496,840,961,1248,1129,560,271,60,4
2017,01,시군,경기도 구리시 ,194298,16992,21728,26897,27880,35442,33702,17717,9914,3452,511,63,96646,8727,11248,13882,13901,17314,17138,8760,4370,1162,124,20,97652,8265,10480,13015,13979,18128,16564,8957,5544,2290,387,43
2017,01,읍면동,경기도 구리시 갈매동,13439,1736,944,1604,2745,1916,2160,1432,634,226,40,2,6649,867,478,823,1394,961,1009,744,301,64,7,1,6790,869,466,781,1351,955,1151,688,333,162,33,1
2017,01,읍면동,경기도 구리시 교문1동,17480,1084,1482,2342,2497,2969,3401,2027,1203,386,68,21,8945,562,762,1253,1344,1575,1762,983,545,128,23,8,8535,522,720,1089,1153,1394,1639,1044,658,258,45,13
2017,01,읍면동,경기도 구리시 교문2동,24179,2325,3404,3153,3096,4721,3945,2020,1059,396,56,4,11759,1167,1717,1636,1419,2215,1966,1003,482,139,14,1,12420,1158,1687,1517,1677,2506,1979,1017,577,257,42,3
2017,01,읍면동,경기도 구리시 동구동,41327,4057,5292,5720,5672,8007,6908,3031,1880,664,89,7,20413,2108,2744,2948,2744,3780,3519,1523,795,234,17,1,20914,1949,2548,2772,2928,4227,3389,1508,1085,430,72,6
2017,01,읍면동,경기도 구리시 수택1동,22535,1386,2043,3485,3067,3766,4504,2482,1297,438,61,6,11211,756,1034,1761,1615,1835,2300,1207,550,137,15,1,11324,630,1009,1724,1452,1931,2204,1275,747,301,46,5
2017,01,읍면동,경기도 구리시 수택2동,26349,1627,2806,4086,3532,4394,4984,2784,1518,535,71,12,13168,841,1492,2093,1861,2157,2532,1327,672,172,17,4,13181,786,1314,1993,1671,2237,2452,1457,846,363,54,8
2017,01,읍면동,경기도 구리시 수택3동,23748,2360,2891,3012,3685,4862,3641,1838,1010,387,58,4,11988,1196,1527,1590,1787,2442,1920,933,433,147,12,1,11760,1164,1364,1422,1898,2420,1721,905,577,240,46,3
2017,01,읍면동,경기도 구리시 인창동,25241,2417,2866,3495,3586,4807,4159,2103,1313,420,68,7,12513,1230,1494,1778,1737,2349,2130,1040,592,141,19,3,12728,1187,1372,1717,1849,2458,2029,1063,721,279,49,4
2017,01,시군,경기도 군포시 ,284735,27824,31797,39167,44883,50395,47234,23779,12899,5910,796,51,141590,14283,16397,20297,22818,24658,23485,11912,5466,2052,209,13,143145,13541,15400,18870,22065,25737,23749,11867,7433,3858,587,38
2017,01,읍면동,경기도 군포시 광정동,26932,2509,3423,3594,3874,5167,4160,2013,1252,809,126,5,13063,1299,1756,1833,1876,2479,2068,978,474,271,29,0,13869,1210,1667,1761,1998,2688,2092,1035,778,538,97,5
2017,01,읍면동,경기도 군포시 군포1동,34822,2750,3451,5145,5310,6016,6461,3400,1597,610,72,10,18271,1417,1827,2819,3003,3109,3367,1794,705,212,13,5,16551,1333,1624,2326,2307,2907,3094,1606,892,398,59,5
2017,01,읍면동,경기도 군포시 군포2동,56718,6667,6897,7778,8917,10171,9294,4096,1956,804,129,9,28282,3457,3472,4051,4403,4936,4678,2075,902,275,31,2,28436,3210,3425,3727,4514,5235,4616,2021,1054,529,98,7
2017,01,읍면동,경기도 군포시 궁내동,22358,2402,3615,2695,2576,4887,3322,1414,898,489,58,2,10896,1228,1838,1406,1156,2289,1704,713,356,187,19,0,11462,1174,1777,1289,1420,2598,1618,701,542,302,39,2
2017,01,읍면동,경기도 군포시 금정동,19354,1282,1630,3005,2982,3188,3724,2165,985,343,44,6,10006,667,841,1585,1658,1702,1865,1120,456,99,11,2,9348,615,789,1420,1324,1486,1859,1045,529,244,33,4
2017,01,읍면동,경기도 군포시 대야동,10092,1061,1062,1276,1349,1891,1751,940,511,220,28,3,5165,550,566,701,668,951,910,487,237,83,11,1,4927,511,496,575,681,940,841,453,274,137,17,2
2017,01,읍면동,경기도 군포시 산본1동,18967,1206,1346,3013,3138,2746,3622,2142,1166,505,74,9,9484,595,708,1624,1762,1371,1724,1035,489,155,20,1,9483,611,638,1389,1376,1375,1898,1107,677,350,54,8
2017,01,읍면동,경기도 군포시 산본2동,29906,3269,3425,4230,4549,5146,5070,2406,1184,540,85,2,14576,1681,1763,2151,2128,2457,2462,1228,497,192,17,0,15330,1588,1662,2079,2421,2689,2608,1178,687,348,68,2
2017,01,읍면동,경기도 군포시 수리동,19068,1775,2099,2397,3092,3270,3055,1585,1133,593,66,3,9188,879,1105,1156,1559,1555,1497,727,448,238,23,1,9880,896,994,1241,1533,1715,1558,858,685,355,43,2
2017,01,읍면동,경기도 군포시 오금동,24693,2933,2818,2929,4826,4489,3361,1694,1099,488,56,0,12199,1518,1500,1470,2399,2200,1606,846,459,186,15,0,12494,1415,1318,1459,2427,2289,1755,848,640,302,41,0
2017,01,읍면동,경기도 군포시 재궁동,21825,1970,2031,3105,4270,3424,3414,1924,1118,509,58,2,10460,992,1021,1501,2206,1609,1604,909,443,154,20,1,11365,978,1010,1604,2064,1815,1810,1015,675,355,38,1
2017,01,시군,경기도 김포시 ,364808,44516,39882,39539,60219,66706,53647,33149,18896,7199,1001,54,183302,22748,20604,20583,29427,34721,27808,16102,8546,2498,248,17,181506,21768,19278,18956,30792,31985,25839,17047,10350,4701,753,37
2017,01,읍면동,경기도 김포시 고촌읍,26224,2823,2523,2914,3962,4545,4223,3088,1500,554,83,9,13208,1485,1316,1558,1892,2381,2081,1570,718,191,15,1,13016,1338,1207,1356,2070,2164,2142,1518,782,363,68,8
2017,01,읍면동,경기도 김포시 구래동,33913,6427,2667,2822,8534,5570,3390,2625,1401,424,50,3,16615,3244,1343,1330,4102,3044,1568,1159,659,152,13,1,17298,3183,1324,1492,4432,2526,1822,1466,742,272,37,2
2017,01,읍면동,경기도 김포시 김포1동,52384,4728,6992,6998,6493,9993,8806,4459,2731,1025,150,9,25879,2387,3661,3585,3138,4762,4592,2178,1160,370,44,2,26505,2341,3331,3413,3355,5231,4214,2281,1571,655,106,7
2017,01,읍면동,경기도 김포시 김포2동,37519,6166,4959,3211,7206,7784,3898,2444,1340,446,64,1,18288,3098,2513,1571,3285,3982,1932,1107,626,159,15,0,19231,3068,2446,1640,3921,3802,1966,1337,714,287,49,1
2017,01,읍면동,경기도 김포시 대곶면,10119,418,685,1083,985,1550,2392,1578,923,426,77,2,5786,227,373,634,616,997,1443,868,443,164,21,0,4333,191,312,449,369,553,949,710,480,262,56,2
2017,01,읍면동,경기도 김포시 사우동,21647,1630,2466,3128,2834,4037,3789,1991,1259,454,57,2,10887,844,1334,1592,1512,1979,1983,956,520,156,11,0,10760,786,1132,1536,1322,2058,1806,1035,739,298,46,2
2017,01,읍면동,경기도 김포시 양촌읍,26537,2648,2300,2773,4218,4406,4622,3035,1725,697,103,10,13913,1310,1176,1543,2282,2531,2485,1557,777,215,33,4,12624,1338,1124,1230,1936,1875,2137,1478,948,482,70,6
2017,01,읍면동,경기도 김포시 운양동,24375,4777,2254,1981,5859,4510,2538,1549,639,230,38,0,12065,2471,1161,1015,2647,2432,1232,722,308,67,10,0,12310,2306,1093,966,3212,2078,1306,827,331,163,28,0
2017,01,읍면동,경기도 김포시 월곶면,5756,209,347,600,514,778,1297,1077,592,291,45,6,3170,107,178,378,324,474,726,589,284,98,9,3,2586,102,169,222,190,304,571,488,308,193,36,3
2017,01,읍면동,경기도 김포시 장기동,38097,5517,4599,3938,6957,7581,4560,2717,1609,556,63,0,18647,2811,2308,1957,3315,3851,2296,1212,710,175,12,0,19450,2706,2291,1981,3642,3730,2264,1505,899,381,51,0
2017,01,읍면동,경기도 김포시 통진읍,27647,2342,2738,3520,3621,4653,5177,2927,1758,817,91,3,14525,1184,1443,2010,1987,2542,2807,1479,764,291,15,3,13122,1158,1295,1510,1634,2111,2370,1448,994,526,76,0
2017,01,읍면동,경기도 김포시 풍무동,51844,6462,6744,5586,8238,10138,7024,4247,2419,856,124,6,25590,3356,3469,2847,3861,5051,3561,2003,1112,298,31,1,26254,3106,3275,2739,4377,5087,3463,2244,1307,558,93,5
2017,01,읍면동,경기도 김포시 하성면,8746,369,608,985,798,1161,1931,1412,1000,423,56,3,4729,224,329,563,466,695,1102,702,465,162,19,2,4017,145,279,422,332,466,829,710,535,261,37,1
2017,01,시군,경기도 남양주시 ,662183,70701,77685,76963,96784,124633,102129,61985,36357,13007,1769,170,330753,36374,39983,40012,47151,63409,52504,29918,16379,4530,443,50,331430,34327,37702,36951,49633,61224,49625,32067,19978,8477,1326,120
2017,01,읍면동,경기도 남양주시 금곡동,21843,1301,1873,3195,2850,3197,4549,2597,1558,645,66,12,11142,663,1012,1736,1579,1644,2291,1307,671,215,19,5,10701,638,861,1459,1271,1553,2258,1290,887,430,47,7
2017,01,읍면동,경기도 남양주시 도농동,39090,3728,4522,5340,5571,6693,6289,4027,2083,726,101,10,19031,1901,2226,2758,2639,3207,3058,1958,987,272,24,1,20059,1827,2296,2582,2932,3486,3231,2069,1096,454,77,9
2017,01,읍면동,경기도 남양주시 별내동,65136,9096,5862,8181,12853,10865,9430,5461,2366,871,145,6,31981,4620,2914,4156,6214,5444,4509,2745,1088,263,27,1,33155,4476,2948,4025,6639,5421,4921,2716,1278,608,118,5
2017,01,읍면동,경기도 남양주시 별내면,21088,1714,2445,2522,2515,3910,3369,2396,1565,570,70,12,10487,885,1265,1286,1276,1948,1731,1143,705,226,18,4,10601,829,1180,1236,1239,1962,1638,1253,860,344,52,8
2017,01,읍면동,경기도 남양주시 수동면,9077,489,694,904,837,1339,1802,1540,925,440,101,6,4755,278,382,520,451,731,967,806,446,146,24,4,4322,211,312,384,386,608,835,734,479,294,77,2
2017,01,읍면동,경기도 남양주시 양정동,5225,272,303,642,676,678,1130,894,448,151,24,7,2891,133,152,368,405,406,648,488,220,67,4,0,2334,139,151,274,271,272,482,406,228,84,20,7
2017,01,읍면동,경기도 남양주시 오남읍,55192,5917,7479,5954,7361,11491,7999,4697,3094,1061,132,7,27618,3092,3849,3086,3512,5929,4224,2195,1351,341,36,3,27574,2825,3630,2868,3849,5562,3775,2502,1743,720,96,4
2017,01,읍면동,경기도 남양주시 와부읍,69258,6652,8807,8016,8834,13658,10646,6670,4285,1440,224,26,34216,3400,4497,4149,4216,6705,5502,3115,2010,544,71,7,35042,3252,4310,3867,4618,6953,5144,3555,2275,896,153,19
2017,01,읍면동,경기도 남양주시 조안면,4394,281,307,466,486,617,901,702,423,184,25,2,2300,155,157,245,254,348,480,378,206,72,4,1,2094,126,150,221,232,269,421,324,217,112,21,1
2017,01,읍면동,경기도 남양주시 지금동,19237,2028,2266,2205,2837,3783,2977,1833,931,315,47,15,9515,1024,1184,1129,1352,1935,1473,893,411,99,8,7,9722,1004,1082,1076,1485,1848,1504,940,520,216,39,8
2017,01,읍면동,경기도 남양주시 진건읍,27393,1706,2793,3935,3107,4381,5674,3074,1869,731,106,17,14143,899,1482,2116,1651,2246,3101,1550,813,252,30,3,13250,807,1311,1819,1456,2135,2573,1524,1056,479,76,14
2017,01,읍면동,경기도 남양주시 진접읍,96187,11822,11800,9978,14390,18655,14077,8483,5031,1745,194,12,48537,6095,6126,5259,6905,9775,7352,4052,2277,638,54,4,47650,5727,5674,4719,7485,8880,6725,4431,2754,1107,140,8
2017,01,읍면동,경기도 남양주시 퇴계원면,32149,2615,3284,4677,4365,5106,6066,3433,1865,651,82,5,16091,1330,1695,2427,2261,2556,2995,1769,820,221,16,1,16058,1285,1589,2250,2104,2550,3071,1664,1045,430,66,4
2017,01,읍면동,경기도 남양주시 평내동,41747,4845,6037,4375,6242,8993,5512,3051,1922,680,85,5,20534,2449,3089,2217,2927,4496,2878,1430,811,217,20,0,21213,2396,2948,2158,3315,4497,2634,1621,1111,463,65,5
2017,01,읍면동,경기도 남양주시 호평동,50217,7098,6784,4783,8298,10917,5731,3521,2237,742,101,5,24639,3664,3479,2444,3790,5524,2931,1512,1015,254,23,3,25578,3434,3305,2339,4508,5393,2800,2009,1222,488,78,2
2017,01,읍면동,경기도 남양주시 화도읍,93450,9880,11463,10508,13612,18475,14073,8303,5107,1784,223,22,46962,5118,5956,5441,6723,9535,7411,3890,2228,602,52,6,46488,4762,5507,5067,6889,8940,6662,4413,2879,1182,171,16
2017,01,읍면동,경기도 남양주시 화도읍동부출장소,11500,1257,966,1282,1950,1875,1904,1303,648,271,43,1,5911,668,518,675,996,980,953,687,320,101,13,0,5589,589,448,607,954,895,951,616,328,170,30,1
2017,01,시군,경기도 동두천시 ,98062,8626,10231,11301,12749,16637,16218,10607,8077,3135,409,72,48875,4404,5286,6009,6493,8698,8411,4972,3302,1154,125,21,49187,4222,4945,5292,6256,7939,7807,5635,4775,1981,284,51
2017,01,읍면동,경기도 동두천시 보산동,3392,187,292,372,360,518,657,492,371,125,16,2,1636,103,154,210,173,264,344,209,142,33,4,0,1756,84,138,162,187,254,313,283,229,92,12,2
2017,01,읍면동,경기도 동두천시 불현동,28027,2515,3206,3482,3608,4773,4680,2777,2085,802,88,11,13823,1270,1577,1878,1810,2410,2394,1317,846,297,20,4,14204,1245,1629,1604,1798,2363,2286,1460,1239,505,68,7
2017,01,읍면동,경기도 동두천시 상패동,5581,303,364,592,599,863,1107,862,603,247,34,7,2945,164,190,328,345,499,619,432,269,85,12,2,2636,139,174,264,254,364,488,430,334,162,22,5
2017,01,읍면동,경기도 동두천시 생연1동,7366,569,695,867,976,1143,1330,841,672,238,31,4,3660,295,355,464,508,581,676,402,272,94,11,2,3706,274,340,403,468,562,654,439,400,144,20,2
2017,01,읍면동,경기도 동두천시 생연2동,12277,1119,1358,1243,1563,2102,1963,1305,1116,457,39,12,6057,593,749,633,760,1119,984,566,446,190,13,4,6220,526,609,610,803,983,979,739,670,267,26,8
2017,01,읍면동,경기도 동두천시 소요동,9230,544,615,1022,1006,1362,1819,1376,1009,399,67,11,4791,268,335,584,545,773,991,669,463,143,17,3,4439,276,280,438,461,589,828,707,546,256,50,8
2017,01,읍면동,경기도 동두천시 송내동,26549,3185,3354,3084,4124,5063,3431,2073,1568,582,80,5,13077,1604,1733,1573,2047,2583,1742,936,618,212,26,3,13472,1581,1621,1511,2077,2480,1689,1137,950,370,54,2
2017,01,읍면동,경기도 동두천시 중앙동,5640,204,347,639,513,813,1231,881,653,285,54,20,2886,107,193,339,305,469,661,441,246,100,22,3,2754,97,154,300,208,344,570,440,407,185,32,17
2017,01,시군,경기도 부천시 ,851245,70615,86794,126160,131835,144549,153239,81981,38121,15672,2085,194,424990,36168,44856,65225,67633,72123,75895,41179,16580,4797,486,48,426255,34447,41938,60935,64202,72426,77344,40802,21541,10875,1599,146
2017,01,읍면동,경기도 부천시 고강1동,16376,1112,1668,2502,2156,2962,3112,1587,884,357,34,2,8172,536,865,1315,1144,1495,1571,771,351,115,8,1,8204,576,803,1187,1012,1467,1541,816,533,242,26,1
2017,01,읍면동,경기도 부천시 고강본동,30596,2041,3389,4196,4165,5620,5454,3161,1838,651,71,10,15448,1064,1768,2207,2255,2899,2735,1520,767,214,17,2,15148,977,1621,1989,1910,2721,2719,1641,1071,437,54,8
2017,01,읍면동,경기도 부천시 괴안동,22145,1722,2299,3231,3247,3715,3926,2204,1147,563,85,6,10906,871,1172,1700,1668,1820,1932,1073,464,178,25,3,11239,851,1127,1531,1579,1895,1994,1131,683,385,60,3
2017,01,읍면동,경기도 부천시 도당동,24583,1737,2779,3801,3286,4534,4834,2168,1039,364,39,2,12696,900,1479,2033,1742,2332,2551,1133,409,110,7,0,11887,837,1300,1768,1544,2202,2283,1035,630,254,32,2
2017,01,읍면동,경기도 부천시 범박동,34373,4589,3871,3966,6082,5872,4964,3067,1345,512,95,10,17073,2355,1974,2031,2925,2953,2440,1608,618,145,23,1,17300,2234,1897,1935,3157,2919,2524,1459,727,367,72,9
2017,01,읍면동,경기도 부천시 상1동,25941,2829,2621,3498,4955,4516,4060,2207,883,327,45,0,12778,1491,1345,1735,2440,2221,1877,1167,379,110,13,0,13163,1338,1276,1763,2515,2295,2183,1040,504,217,32,0
2017,01,읍면동,경기도 부천시 상2동,32105,3972,4460,4348,5308,6134,4971,1761,754,346,49,2,15778,1989,2336,2194,2493,2886,2588,891,296,94,9,2,16327,1983,2124,2154,2815,3248,2383,870,458,252,40,0
2017,01,읍면동,경기도 부천시 상3동,33483,3349,5007,5097,4101,6879,6003,1902,740,346,58,1,16678,1724,2561,2694,1846,3209,3185,1038,316,93,12,0,16805,1625,2446,2403,2255,3670,2818,864,424,253,46,1
2017,01,읍면동,경기도 부천시 상동,20415,1366,2132,3371,2685,3183,4043,2137,999,428,64,7,10163,707,1135,1712,1348,1554,1986,1152,420,133,13,3,10252,659,997,1659,1337,1629,2057,985,579,295,51,4
2017,01,읍면동,경기도 부천시 성곡동,44495,3296,5191,6572,5611,7990,8532,4081,2148,949,116,9,22445,1696,2663,3530,2920,3995,4363,2068,893,289,26,2,22050,1600,2528,3042,2691,3995,4169,2013,1255,660,90,7
2017,01,읍면동,경기도 부천시 소사동,9329,533,548,1219,1485,1364,1775,1374,716,252,57,6,4563,289,268,639,809,695,813,649,319,70,12,0,4766,244,280,580,676,669,962,725,397,182,45,6
2017,01,읍면동,경기도 부천시 소사본3동,33241,2855,3575,4826,4750,5301,6268,3543,1434,598,86,5,16365,1412,1821,2557,2366,2552,3075,1730,667,165,20,0,16876,1443,1754,2269,2384,2749,3193,1813,767,433,66,5
2017,01,읍면동,경기도 부천시 소사본동,24703,1608,1879,3666,3700,3648,4783,3222,1543,557,88,9,12439,817,961,1898,1998,1882,2353,1598,731,178,20,3,12264,791,918,1768,1702,1766,2430,1624,812,379,68,6
2017,01,읍면동,경기도 부천시 송내1동,24124,1980,2145,3678,3939,3749,4377,2618,1143,426,63,6,11990,1023,1119,1910,2024,1838,2082,1319,514,145,15,1,12134,957,1026,1768,1915,1911,2295,1299,629,281,48,5
2017,01,읍면동,경기도 부천시 송내2동,28293,2549,2950,4147,4429,4795,4928,2727,1210,495,59,4,14048,1318,1560,2169,2246,2350,2365,1332,544,143,19,2,14245,1231,1390,1978,2183,2445,2563,1395,666,352,40,2
2017,01,읍면동,경기도 부천시 신흥동,19595,1251,1782,3024,2794,3422,4069,2006,875,319,44,9,10520,674,965,1630,1565,1925,2235,1044,374,101,6,1,9075,577,817,1394,1229,1497,1834,962,501,218,38,8
2017,01,읍면동,경기도 부천시 심곡1동,13719,783,1050,2162,2425,2207,2529,1551,693,276,41,2,7069,412,551,1107,1398,1136,1278,762,330,83,12,0,6650,371,499,1055,1027,1071,1251,789,363,193,29,2
2017,01,읍면동,경기도 부천시 심곡2동,18794,987,1102,3360,3856,3133,3100,1912,957,333,42,12,9800,491,555,1652,2153,1805,1609,942,460,120,10,3,8994,496,547,1708,1703,1328,1491,970,497,213,32,9
2017,01,읍면동,경기도 부천시 심곡3동,13820,862,1301,2214,2052,2348,2748,1415,605,241,25,9,7093,450,704,1190,1129,1194,1381,708,248,81,5,3,6727,412,597,1024,923,1154,1367,707,357,160,20,6
2017,01,읍면동,경기도 부천시 심곡본1동,18802,1066,1537,2801,2921,3020,3596,2277,1111,419,43,11,9428,541,779,1451,1611,1548,1742,1092,500,152,9,3,9374,525,758,1350,1310,1472,1854,1185,611,267,34,8
2017,01,읍면동,경기도 부천시 심곡본동,18328,1209,1391,2567,2872,2973,3223,2360,1209,451,68,5,9142,655,710,1332,1533,1533,1513,1131,570,149,15,1,9186,554,681,1235,1339,1440,1710,1229,639,302,53,4
2017,01,읍면동,경기도 부천시 약대동,19153,1900,1824,2987,3302,3103,3541,1616,596,250,29,5,9651,974,926,1562,1684,1548,1745,870,257,75,8,2,9502,926,898,1425,1618,1555,1796,746,339,175,21,3
2017,01,읍면동,경기도 부천시 역곡1동,19729,1876,1802,2542,3362,3230,3218,2161,1034,440,58,6,9745,941,902,1285,1701,1689,1532,1072,468,140,15,0,9984,935,900,1257,1661,1541,1686,1089,566,300,43,6
2017,01,읍면동,경기도 부천시 역곡2동,20418,1812,1701,3051,3670,3293,3267,2125,995,431,65,8,10074,904,888,1588,1861,1703,1532,1001,424,157,14,2,10344,908,813,1463,1809,1590,1735,1124,571,274,51,6
2017,01,읍면동,경기도 부천시 역곡3동,25409,1967,2127,3556,4283,3997,4356,2863,1525,661,66,8,12507,979,1091,1810,2230,2042,2089,1337,682,223,21,3,12902,988,1036,1746,2053,1955,2267,1526,843,438,45,5
2017,01,읍면동,경기도 부천시 오정동,23430,2216,2274,3386,3804,3869,4214,2307,956,358,39,7,12113,1168,1221,1795,2073,1997,2126,1198,422,102,10,1,11317,1048,1053,1591,1731,1872,2088,1109,534,256,29,6
2017,01,읍면동,경기도 부천시 원미1동,18036,1287,1793,2674,2560,3051,3474,1980,846,316,48,7,9211,677,952,1394,1370,1587,1729,990,385,108,15,4,8825,610,841,1280,1190,1464,1745,990,461,208,33,3
2017,01,읍면동,경기도 부천시 원미2동,14032,884,1194,2037,1921,2263,2820,1767,807,303,33,3,7065,430,587,1097,1037,1149,1404,883,376,92,10,0,6967,454,607,940,884,1114,1416,884,431,211,23,3
2017,01,읍면동,경기도 부천시 원종1동,24140,1712,2472,3688,3247,4143,4630,2462,1233,490,59,4,12190,899,1290,1958,1705,2055,2334,1268,512,155,12,2,11950,813,1182,1730,1542,2088,2296,1194,721,335,47,2
2017,01,읍면동,경기도 부천시 원종2동,24623,1832,2921,3842,3252,4599,4571,1923,1124,496,60,3,12309,933,1512,1989,1718,2279,2346,960,423,142,7,0,12314,899,1409,1853,1534,2320,2225,963,701,354,53,3
2017,01,읍면동,경기도 부천시 중1동,35056,3039,3704,5781,6168,6272,5994,2546,1004,485,62,1,17043,1551,1890,2816,2982,2982,2875,1369,425,137,16,0,18013,1488,1814,2965,3186,3290,3119,1177,579,348,46,1
2017,01,읍면동,경기도 부천시 중2동,33315,2805,3715,5390,4934,5372,6241,3095,1115,563,84,1,16256,1477,1877,2716,2380,2541,2919,1660,503,161,22,0,17059,1328,1838,2674,2554,2831,3322,1435,612,402,62,1
2017,01,읍면동,경기도 부천시 중3동,25928,2401,2653,3894,4515,4014,4614,2157,1069,542,69,0,12456,1185,1344,1948,2199,1883,2226,1063,461,134,13,0,13472,1216,1309,1946,2316,2131,2388,1094,608,408,56,0
2017,01,읍면동,경기도 부천시 중4동,20600,1854,2109,3037,3865,3355,3460,1711,770,384,51,4,9846,940,1067,1491,1920,1550,1645,795,319,107,12,0,10754,914,1042,1546,1945,1805,1815,916,451,277,39,4
2017,01,읍면동,경기도 부천시 중동,25128,2247,2624,3844,3566,4378,4656,2345,987,428,46,7,12353,1128,1383,1965,1759,2111,2242,1195,437,124,8,1,12775,1119,1241,1879,1807,2267,2414,1150,550,304,38,6
2017,01,읍면동,경기도 부천시 춘의동,14988,1087,1204,2205,2567,2245,2888,1643,787,315,44,3,7577,567,635,1125,1401,1185,1477,790,316,72,7,2,7411,520,569,1080,1166,1060,1411,853,471,243,37,1
2017,01,시군,경기도 성남시 ,974755,82874,103422,136627,154963,174393,156956,92146,50250,19652,3070,402,483390,42503,53414,69365,77976,86430,78895,44836,22504,6612,758,97,491365,40371,50008,67262,76987,87963,78061,47310,27746,13040,2312,305
2017,01,구,경기도 성남시 분당구 ,503865,47489,61490,69617,79762,95207,74743,40264,22900,10661,1659,73,244449,24402,31704,34299,37999,44725,37351,19553,10268,3712,427,9,259416,23087,29786,35318,41763,50482,37392,20711,12632,6949,1232,64
2017,01,읍면동,경기도 성남시 분당구 구미1동,18693,1547,2178,2855,2950,3491,2930,1414,843,413,71,1,9043,797,1136,1370,1422,1629,1471,690,353,163,12,0,9650,750,1042,1485,1528,1862,1459,724,490,250,59,1
2017,01,읍면동,경기도 성남시 분당구 구미동,33414,2674,3538,4742,5132,5967,5235,2955,1962,1026,172,11,16219,1363,1835,2392,2499,2788,2634,1401,866,392,48,1,17195,1311,1703,2350,2633,3179,2601,1554,1096,634,124,10
2017,01,읍면동,경기도 성남시 분당구 금곡동,30168,2408,2923,4271,5150,4973,4660,2964,1801,892,122,4,14301,1235,1485,2039,2500,2309,2230,1416,765,288,34,0,15867,1173,1438,2232,2650,2664,2430,1548,1036,604,88,4
2017,01,읍면동,경기도 성남시 분당구 백현동,29532,4074,3615,3887,5181,5237,4287,1913,874,411,50,3,14396,2140,1882,1863,2409,2489,2139,931,409,122,11,1,15136,1934,1733,2024,2772,2748,2148,982,465,289,39,2
2017,01,읍면동,경기도 성남시 분당구 분당동,28084,2477,3520,4057,4084,5473,4224,2296,1266,595,87,5,13674,1290,1821,2015,1940,2580,2056,1127,597,219,27,2,14410,1187,1699,2042,2144,2893,2168,1169,669,376,60,3
2017,01,읍면동,경기도 성남시 분당구 삼평동,25817,3359,3302,3099,4032,5120,3755,1855,884,359,48,4,12586,1709,1711,1521,1846,2493,1868,917,403,108,9,1,13231,1650,1591,1578,2186,2627,1887,938,481,251,39,3
2017,01,읍면동,경기도 성남시 분당구 서현1동,32867,2902,4588,4684,4705,6729,4616,2275,1502,750,112,4,15838,1491,2345,2314,2136,3090,2378,1109,657,293,25,0,17029,1411,2243,2370,2569,3639,2238,1166,845,457,87,4
2017,01,읍면동,경기도 성남시 분당구 서현2동,19702,1615,2863,2996,2477,3930,3254,1408,729,365,62,3,9669,841,1480,1549,1192,1753,1656,727,328,128,14,1,10033,774,1383,1447,1285,2177,1598,681,401,237,48,2
2017,01,읍면동,경기도 성남시 분당구 수내1동,18155,1417,2522,2313,2699,3981,2388,1266,949,547,70,3,8689,726,1360,1139,1206,1805,1241,562,419,207,24,0,9466,691,1162,1174,1493,2176,1147,704,530,340,46,3
2017,01,읍면동,경기도 성남시 분당구 수내2동,11002,1141,2086,1132,986,2802,1406,734,453,219,41,2,5348,562,1066,579,396,1320,781,348,212,71,13,0,5654,579,1020,553,590,1482,625,386,241,148,28,2
2017,01,읍면동,경기도 성남시 분당구 수내3동,15115,1243,2708,2083,1830,3608,2071,893,445,186,46,2,7498,658,1412,1040,898,1704,1064,441,209,58,14,0,7617,585,1296,1043,932,1904,1007,452,236,128,32,2
2017,01,읍면동,경기도 성남시 분당구 야탑1동,18573,1631,1623,2951,3312,2993,2846,1879,940,330,67,1,9105,791,841,1473,1627,1482,1368,935,449,120,19,0,9468,840,782,1478,1685,1511,1478,944,491,210,48,1
2017,01,읍면동,경기도 성남시 분당구 야탑2동,17813,1438,2022,2467,2562,2956,2799,1968,1087,449,61,4,8481,723,1033,1218,1165,1346,1335,976,516,156,13,0,9332,715,989,1249,1397,1610,1464,992,571,293,48,4
2017,01,읍면동,경기도 성남시 분당구 야탑3동,31344,2839,2832,4639,6223,5007,4969,2718,1414,592,106,5,15411,1488,1417,2378,3274,2465,2320,1304,578,167,20,0,15933,1351,1415,2261,2949,2542,2649,1414,836,425,86,5
2017,01,읍면동,경기도 성남시 분당구 운중동,21398,2455,2324,2687,3281,4029,3527,1935,734,354,72,0,10472,1238,1202,1329,1518,1958,1775,979,362,100,11,0,10926,1217,1122,1358,1763,2071,1752,956,372,254,61,0
2017,01,읍면동,경기도 성남시 분당구 이매1동,27387,2628,3728,3705,3954,5269,4151,2133,1212,515,88,4,13376,1345,1922,1880,1854,2487,2089,1060,549,166,24,0,14011,1283,1806,1825,2100,2782,2062,1073,663,349,64,4
2017,01,읍면동,경기도 성남시 분당구 이매2동,14484,1121,2086,2037,1526,2774,2341,1412,757,370,56,4,7121,617,1113,1049,685,1239,1206,710,361,124,17,0,7363,504,973,988,841,1535,1135,702,396,246,39,4
2017,01,읍면동,경기도 성남시 분당구 정자1동,30773,2312,3533,4586,5625,5966,4175,2320,1565,612,76,3,14577,1146,1786,2031,2560,2704,2187,1090,754,294,23,2,16196,1166,1747,2555,3065,3262,1988,1230,811,318,53,1
2017,01,읍면동,경기도 성남시 분당구 정자2동,17621,1291,1830,2329,3544,2962,2531,1410,1028,598,93,5,8322,685,973,1074,1835,1348,1240,615,370,153,28,1,9299,606,857,1255,1709,1614,1291,795,658,445,65,4
2017,01,읍면동,경기도 성남시 분당구 정자3동,16636,1563,2191,2279,2558,3225,2397,1156,766,437,64,0,8018,815,1102,1153,1223,1472,1183,559,328,164,19,0,8618,748,1089,1126,1335,1753,1214,597,438,273,45,0
2017,01,읍면동,경기도 성남시 분당구 정자동,21148,1852,2277,3278,4122,3658,2960,1741,897,317,45,1,10478,927,1144,1631,2125,1760,1472,863,428,117,11,0,10670,925,1133,1647,1997,1898,1488,878,469,200,34,1
2017,01,읍면동,경기도 성남시 분당구 판교동,24139,3502,3201,2540,3829,5057,3221,1619,792,324,50,4,11827,1815,1638,1262,1689,2504,1658,793,355,102,11,0,12312,1687,1563,1278,2140,2553,1563,826,437,222,39,4
2017,01,구,경기도 성남시 수정구 ,233831,17182,20204,33433,37677,39256,40227,26419,14039,4536,692,166,118834,8762,10510,17565,20195,20862,20245,12722,6258,1503,169,43,114997,8420,9694,15868,17482,18394,19982,13697,7781,3033,523,123
2017,01,읍면동,경기도 성남시 수정구 고등동,1721,85,68,204,257,240,333,319,151,50,13,1,914,41,36,117,140,150,175,158,71,21,5,0,807,44,32,87,117,90,158,161,80,29,8,1
2017,01,읍면동,경기도 성남시 수정구 단대동,16997,1472,1529,2360,2869,2759,2797,1820,994,323,66,8,8439,772,825,1218,1481,1391,1353,832,441,109,15,2,8558,700,704,1142,1388,1368,1444,988,553,214,51,6
2017,01,읍면동,경기도 성남시 수정구 복정동,12196,1276,534,2055,3846,1964,1159,847,363,125,23,4,6552,657,252,1081,2159,1207,568,397,188,34,8,1,5644,619,282,974,1687,757,591,450,175,91,15,3
2017,01,읍면동,경기도 성남시 수정구 산성동,14618,1064,1319,1889,2282,2586,2419,1673,1009,310,44,23,7496,550,689,980,1252,1405,1241,788,461,110,11,9,7122,514,630,909,1030,1181,1178,885,548,200,33,14
2017,01,읍면동,경기도 성남시 수정구 수진1동,13936,611,1081,1834,1815,2392,2797,1907,1076,349,58,16,7166,318,566,984,1038,1289,1443,932,465,109,15,7,6770,293,515,850,777,1103,1354,975,611,240,43,9
2017,01,읍면동,경기도 성남시 수정구 수진2동,18069,1138,1537,2616,2726,2872,3297,2258,1215,341,52,17,9139,576,845,1355,1482,1475,1633,1068,562,126,14,3,8930,562,692,1261,1244,1397,1664,1190,653,215,38,14
2017,01,읍면동,경기도 성남시 수정구 시흥동,3232,229,203,415,524,431,563,510,245,96,14,2,1670,140,111,220,277,236,267,261,121,34,3,0,1562,89,92,195,247,195,296,249,124,62,11,2
2017,01,읍면동,경기도 성남시 수정구 신촌동,4716,652,461,691,942,748,532,418,192,71,8,1,2459,328,249,404,503,423,255,187,87,21,2,0,2257,324,212,287,439,325,277,231,105,50,6,1
2017,01,읍면동,경기도 성남시 수정구 신흥1동,14475,694,979,2120,2249,2418,2849,1800,1014,290,45,17,7480,358,501,1162,1261,1366,1441,852,427,96,14,2,6995,336,478,958,988,1052,1408,948,587,194,31,15
2017,01,읍면동,경기도 성남시 수정구 신흥2동,21857,1496,2264,3016,3125,3773,4000,2527,1197,378,67,14,11084,734,1178,1601,1646,1965,2021,1265,535,123,11,5,10773,762,1086,1415,1479,1808,1979,1262,662,255,56,9
2017,01,읍면동,경기도 성남시 수정구 신흥3동,11121,513,808,1677,1657,1950,2077,1388,797,214,34,6,5754,254,425,907,920,1094,1071,653,350,69,11,0,5367,259,383,770,737,856,1006,735,447,145,23,6
2017,01,읍면동,경기도 성남시 수정구 양지동,10640,803,1134,1461,1476,1886,1768,1192,672,217,27,4,5306,414,608,733,787,970,863,556,297,69,8,1,5334,389,526,728,689,916,905,636,375,148,19,3
2017,01,읍면동,경기도 성남시 수정구 위례동,25637,3194,2467,3529,4480,4176,4206,2270,873,391,51,0,12581,1606,1216,1832,2115,2079,2038,1172,397,114,12,0,13056,1588,1251,1697,2365,2097,2168,1098,476,277,39,0
2017,01,읍면동,경기도 성남시 수정구 태평1동,17617,916,1238,2937,2963,2698,3053,2213,1166,381,42,10,8934,473,623,1467,1659,1481,1513,1057,516,134,10,1,8683,443,615,1470,1304,1217,1540,1156,650,247,32,9
2017,01,읍면동,경기도 성남시 수정구 태평2동,16763,977,1551,2465,2290,2987,3015,1943,1093,373,57,12,8499,523,804,1282,1250,1550,1540,928,475,132,11,4,8264,454,747,1183,1040,1437,1475,1015,618,241,46,8
2017,01,읍면동,경기도 성남시 수정구 태평3동,15000,944,1371,2104,2105,2594,2773,1721,991,333,47,17,7616,455,724,1135,1123,1340,1454,826,430,111,14,4,7384,489,647,969,982,1254,1319,895,561,222,33,13
2017,01,읍면동,경기도 성남시 수정구 태평4동,15236,1118,1660,2060,2071,2782,2589,1613,991,294,44,14,7745,563,858,1087,1102,1441,1369,790,435,91,5,4,7491,555,802,973,969,1341,1220,823,556,203,39,10
2017,01,구,경기도 성남시 중원구 ,237059,18203,21728,33577,37524,39930,41986,25463,13311,4455,719,163,120107,9339,11200,17501,19782,20843,21299,12561,5978,1397,162,45,116952,8864,10528,16076,17742,19087,20687,12902,7333,3058,557,118
2017,01,읍면동,경기도 성남시 중원구 금광1동,12360,790,1016,1756,1916,1999,2484,1404,715,213,39,28,6472,424,513,916,1056,1090,1354,704,339,65,6,5,5888,366,503,840,860,909,1130,700,376,148,33,23
2017,01,읍면동,경기도 성남시 중원구 금광2동,27946,1810,2588,4426,4336,4655,4871,3049,1581,534,82,14,13591,904,1259,2157,2158,2310,2411,1488,707,173,21,3,14355,906,1329,2269,2178,2345,2460,1561,874,361,61,11
2017,01,읍면동,경기도 성남시 중원구 도촌동,27983,3583,2858,3391,5167,4890,4081,2365,1123,447,78,0,13714,1835,1482,1769,2472,2480,1922,1109,505,129,11,0,14269,1748,1376,1622,2695,2410,2159,1256,618,318,67,0
2017,01,읍면동,경기도 성남시 중원구 상대원1동,28284,2238,2462,3945,4785,4887,5021,2984,1407,483,60,12,14622,1162,1242,2126,2613,2661,2540,1507,619,134,15,3,13662,1076,1220,1819,2172,2226,2481,1477,788,349,45,9
2017,01,읍면동,경기도 성남시 중원구 상대원2동,16035,882,1393,2235,2148,2784,3216,1920,1045,335,67,10,8268,460,695,1201,1210,1506,1688,953,455,86,13,1,7767,422,698,1034,938,1278,1528,967,590,249,54,9
2017,01,읍면동,경기도 성남시 중원구 상대원3동,14056,869,1239,2053,2040,2404,2745,1581,814,265,38,8,7284,456,657,1082,1148,1259,1423,809,370,71,6,3,6772,413,582,971,892,1145,1322,772,444,194,32,5
2017,01,읍면동,경기도 성남시 중원구 성남동,30824,1871,2380,4761,5348,4780,5425,3499,1963,673,97,27,15888,935,1260,2493,2923,2576,2731,1772,927,243,17,11,14936,936,1120,2268,2425,2204,2694,1727,1036,430,80,16
2017,01,읍면동,경기도 성남시 중원구 은행1동,12160,990,1538,1694,1670,2290,1913,1155,665,204,38,3,6002,500,752,856,861,1153,976,534,301,56,11,2,6158,490,786,838,809,1137,937,621,364,148,27,1
2017,01,읍면동,경기도 성남시 중원구 은행2동,27477,2096,2777,3709,3947,4894,4651,2918,1797,577,87,24,13659,1083,1430,1952,2112,2459,2325,1329,749,190,25,5,13818,1013,1347,1757,1835,2435,2326,1589,1048,387,62,19
2017,01,읍면동,경기도 성남시 중원구 중앙동,17480,1271,1267,2085,2824,2861,3268,2239,1196,371,66,32,9168,658,690,1090,1496,1592,1805,1107,548,144,26,12,8312,613,577,995,1328,1269,1463,1132,648,227,40,20
2017,01,읍면동,경기도 성남시 중원구 하대원동,22454,1803,2210,3522,3343,3486,4311,2349,1005,353,67,5,11439,922,1220,1859,1733,1757,2124,1249,458,106,11,0,11015,881,990,1663,1610,1729,2187,1100,547,247,56,5
2017,01,시군,경기도 수원시 ,1194276,117400,136666,182908,197677,216623,183913,89039,47720,19280,2806,244,601153,60402,70884,95976,101289,107852,93855,43434,20641,6107,643,70,593123,56998,65782,86932,96388,108771,90058,45605,27079,13173,2163,174
2017,01,구,경기도 수원시 권선구 ,358449,36285,37707,53824,62588,62227,57330,28057,14016,5572,776,67,180796,18640,19694,27751,32480,31299,28953,13867,6139,1788,161,24,177653,17645,18013,26073,30108,30928,28377,14190,7877,3784,615,43
2017,01,읍면동,경기도 수원시 권선구 곡선동,29981,2514,2906,6036,6657,5439,4072,1374,643,296,40,4,15681,1257,1501,3051,3752,2876,2165,714,265,88,10,2,14300,1257,1405,2985,2905,2563,1907,660,378,208,30,2
2017,01,읍면동,경기도 수원시 권선구 구운동,27541,2088,2850,4522,4079,4683,5042,2483,1228,503,60,3,13943,1077,1449,2367,2218,2325,2526,1266,523,177,14,1,13598,1011,1401,2155,1861,2358,2516,1217,705,326,46,2
2017,01,읍면동,경기도 수원시 권선구 권선1동,25408,1814,2356,4577,4671,4239,4390,1992,905,403,54,7,12864,912,1302,2267,2493,2098,2251,1009,398,121,11,2,12544,902,1054,2310,2178,2141,2139,983,507,282,43,5
2017,01,읍면동,경기도 수원시 권선구 권선2동,51149,6936,6110,7316,9663,8986,7548,2894,1130,477,85,4,25367,3632,3256,3724,4615,4287,3698,1503,502,133,15,2,25782,3304,2854,3592,5048,4699,3850,1391,628,344,70,2
2017,01,읍면동,경기도 수원시 권선구 금곡동,36597,4467,4585,4720,5711,6815,5711,2505,1381,633,68,1,18174,2354,2452,2418,2770,3276,2884,1208,576,225,11,0,18423,2113,2133,2302,2941,3539,2827,1297,805,408,57,1
2017,01,읍면동,경기도 수원시 권선구 서둔동,41710,3473,4252,6410,6823,7118,6882,3878,2057,706,102,9,21132,1782,2205,3292,3679,3696,3451,1899,888,221,16,3,20578,1691,2047,3118,3144,3422,3431,1979,1169,485,86,6
2017,01,읍면동,경기도 수원시 권선구 세류1동,10993,1059,757,1714,2118,1575,1887,1086,538,213,35,11,5536,573,390,877,1154,801,919,498,233,79,9,3,5457,486,367,837,964,774,968,588,305,134,26,8
2017,01,읍면동,경기도 수원시 권선구 세류2동,26066,1664,2182,4113,4348,4291,4627,2802,1458,505,71,5,13337,829,1155,2167,2416,2243,2313,1369,662,162,18,3,12729,835,1027,1946,1932,2048,2314,1433,796,343,53,2
2017,01,읍면동,경기도 수원시 권선구 세류3동,23601,1658,2246,3353,3635,4045,4183,2570,1344,487,72,8,11809,779,1181,1803,1933,2062,2043,1219,607,164,17,1,11792,879,1065,1550,1702,1983,2140,1351,737,323,55,7
2017,01,읍면동,경기도 수원시 권선구 입북동,18476,2586,2250,2059,3179,3696,2555,1220,659,238,34,0,9296,1296,1139,1119,1499,1938,1320,594,303,78,10,0,9180,1290,1111,940,1680,1758,1235,626,356,160,24,0
2017,01,읍면동,경기도 수원시 권선구 평동,37655,3475,4122,5504,5703,6547,6471,3351,1665,698,106,13,19150,1837,2098,2943,2950,3255,3379,1687,761,218,17,5,18505,1638,2024,2561,2753,3292,3092,1664,904,480,89,8
2017,01,읍면동,경기도 수원시 권선구 호매실동,29272,4551,3091,3500,6001,4793,3962,1902,1008,413,49,2,14507,2312,1566,1723,3001,2442,2004,901,421,122,13,2,14765,2239,1525,1777,3000,2351,1958,1001,587,291,36,0
2017,01,구,경기도 수원시 영통구 ,341318,40026,44429,53556,62332,66004,44986,17092,8642,3695,533,23,171769,20547,22957,27900,31485,32402,23312,8382,3579,1084,116,5,169549,19479,21472,25656,30847,33602,21674,8710,5063,2611,417,18
2017,01,읍면동,경기도 수원시 영통구 광교1동,45763,6204,6621,6108,8727,9925,5237,1700,826,352,61,2,22636,3191,3302,2934,4115,4973,2821,849,336,97,18,0,23127,3013,3319,3174,4612,4952,2416,851,490,255,43,2
2017,01,읍면동,경기도 수원시 영통구 광교2동,25686,4094,2538,2674,5830,4374,3160,1759,910,301,46,0,12404,2055,1294,1282,2842,2137,1517,798,388,82,9,0,13282,2039,1244,1392,2988,2237,1643,961,522,219,37,0
2017,01,읍면동,경기도 수원시 영통구 매탄1동,20843,1956,2584,3364,3244,3853,3166,1573,755,306,39,3,10491,978,1360,1908,1621,1850,1592,735,339,101,7,0,10352,978,1224,1456,1623,2003,1574,838,416,205,32,3
2017,01,읍면동,경기도 수원시 영통구 매탄2동,16813,1375,2131,2586,2425,3100,2820,1353,716,268,37,2,8360,713,1103,1317,1252,1503,1405,662,312,86,7,0,8453,662,1028,1269,1173,1597,1415,691,404,182,30,2
2017,01,읍면동,경기도 수원시 영통구 매탄3동,38530,4040,5329,6770,6446,7512,5070,1943,907,451,59,3,19839,2067,2742,3709,3478,3662,2685,978,385,117,16,0,18691,1973,2587,3061,2968,3850,2385,965,522,334,43,3
2017,01,읍면동,경기도 수원시 영통구 매탄4동,24515,2194,3119,3950,4094,4576,3700,1662,804,354,58,4,12221,1156,1600,2084,2105,2207,1816,819,327,89,16,2,12294,1038,1519,1866,1989,2369,1884,843,477,265,42,2
2017,01,읍면동,경기도 수원시 영통구 영통1동,42206,5021,5791,6564,7373,8559,5629,1774,1000,424,69,2,21192,2581,3038,3416,3609,4188,2947,865,391,142,13,2,21014,2440,2753,3148,3764,4371,2682,909,609,282,56,0
2017,01,읍면동,경기도 수원시 영통구 영통2동,46956,6080,6744,6564,8893,9531,5960,1682,948,495,56,3,23428,3122,3521,3244,4419,4610,3171,831,356,145,9,0,23528,2958,3223,3320,4474,4921,2789,851,592,350,47,3
2017,01,읍면동,경기도 수원시 영통구 원천동,24375,2660,2132,4835,5657,4013,2783,1360,641,257,36,1,12717,1367,1172,2528,3099,2133,1409,649,278,74,7,1,11658,1293,960,2307,2558,1880,1374,711,363,183,29,0
2017,01,읍면동,경기도 수원시 영통구 태장동,55631,6402,7440,10141,9643,10561,7461,2286,1135,487,72,3,28481,3317,3825,5478,4945,5139,3949,1196,467,151,14,0,27150,3085,3615,4663,4698,5422,3512,1090,668,336,58,3
2017,01,구,경기도 수원시 장안구 ,296217,26340,35643,45414,41574,54584,47970,23831,13936,5958,893,74,148808,13549,18544,24626,20960,26886,24461,11611,6002,1933,216,20,147409,12791,17099,20788,20614,27698,23509,12220,7934,4025,677,54
2017,01,읍면동,경기도 수원시 장안구 송죽동,18751,1388,1943,2789,2903,3199,3293,1838,952,383,61,2,9310,721,995,1435,1474,1573,1637,922,415,123,15,0,9441,667,948,1354,1429,1626,1656,916,537,260,46,2
2017,01,읍면동,경기도 수원시 장안구 연무동,20038,1126,1709,3071,2587,3065,3688,2421,1588,663,102,18,10204,605,864,1711,1497,1637,1820,1142,694,206,25,3,9834,521,845,1360,1090,1428,1868,1279,894,457,77,15
2017,01,읍면동,경기도 수원시 장안구 영화동,22050,1308,1659,3059,3345,3578,4269,2737,1489,503,87,16,11062,647,825,1593,1831,1867,2099,1301,695,182,17,5,10988,661,834,1466,1514,1711,2170,1436,794,321,70,11
2017,01,읍면동,경기도 수원시 장안구 율천동,44050,4120,5142,9303,6692,7566,6117,2774,1539,692,96,9,23071,2079,2712,5680,3425,3788,3136,1351,621,249,25,5,20979,2041,2430,3623,3267,3778,2981,1423,918,443,71,4
2017,01,읍면동,경기도 수원시 장안구 정자1동,35008,3838,4320,4899,5102,6764,5447,2582,1355,613,80,8,17427,1968,2310,2600,2450,3318,2782,1240,571,169,16,3,17581,1870,2010,2299,2652,3446,2665,1342,784,444,64,5
2017,01,읍면동,경기도 수원시 장안구 정자2동,32640,2835,4155,4577,4646,6091,5233,2701,1694,622,84,2,16202,1482,2162,2408,2320,2937,2631,1278,739,222,22,1,16438,1353,1993,2169,2326,3154,2602,1423,955,400,62,1
2017,01,읍면동,경기도 수원시 장안구 정자3동,45569,5237,7942,5999,5857,10522,6263,1880,1227,562,78,2,22631,2706,4016,3107,2630,5075,3462,940,506,167,22,0,22938,2531,3926,2892,3227,5447,2801,940,721,395,56,2
2017,01,읍면동,경기도 수원시 장안구 조원1동,32039,2503,3747,4740,4192,5741,5449,2911,1799,830,121,6,16119,1327,1953,2470,2223,2842,2773,1455,781,270,25,0,15920,1176,1794,2270,1969,2899,2676,1456,1018,560,96,6
2017,01,읍면동,경기도 수원시 장안구 조원2동,20514,1892,2619,3243,2413,3670,3668,1455,916,532,102,4,9918,973,1402,1631,1105,1623,1866,716,379,186,36,1,10596,919,1217,1612,1308,2047,1802,739,537,346,66,3
2017,01,읍면동,경기도 수원시 장안구 파장동,25558,2093,2407,3734,3837,4388,4543,2532,1377,558,82,7,12864,1041,1305,1991,2005,2226,2255,1266,601,159,13,2,12694,1052,1102,1743,1832,2162,2288,1266,776,399,69,5
2017,01,구,경기도 수원시 팔달구 ,198292,14749,18887,30114,31183,33808,33627,20059,11126,4055,604,80,99780,7666,9689,15699,16364,17265,17129,9574,4921,1302,150,21,98512,7083,9198,14415,14819,16543,16498,10485,6205,2753,454,59
2017,01,읍면동,경기도 수원시 팔달구 고등동,10584,553,843,1445,1514,1749,1913,1394,870,245,49,9,5388,304,410,729,872,912,993,650,412,85,15,6,5196,249,433,716,642,837,920,744,458,160,34,3
2017,01,읍면동,경기도 수원시 팔달구 매교동,10541,505,702,1438,1603,1625,2103,1364,855,298,42,6,5492,270,367,803,887,924,1077,665,377,108,10,4,5049,235,335,635,716,701,1026,699,478,190,32,2
2017,01,읍면동,경기도 수원시 팔달구 매산동,11331,575,694,2047,1975,1685,2008,1350,697,251,44,5,5820,276,360,1028,1092,891,1031,702,332,92,14,2,5511,299,334,1019,883,794,977,648,365,159,30,3
2017,01,읍면동,경기도 수원시 팔달구 우만1동,22809,1552,2141,3527,3710,3762,3825,2397,1322,504,61,8,11385,818,1142,1892,2036,1876,1838,1108,526,131,15,3,11424,734,999,1635,1674,1886,1987,1289,796,373,46,5
2017,01,읍면동,경기도 수원시 팔달구 우만2동,18591,1732,2272,3483,2838,3229,2726,1304,676,286,44,1,9331,900,1213,1963,1371,1549,1356,597,282,89,11,0,9260,832,1059,1520,1467,1680,1370,707,394,197,33,1
2017,01,읍면동,경기도 수원시 팔달구 인계동,43976,3676,3821,7126,8439,7585,6849,3808,1896,658,103,15,22295,1875,2015,3613,4419,4007,3465,1841,852,186,19,3,21681,1801,1806,3513,4020,3578,3384,1967,1044,472,84,12
2017,01,읍면동,경기도 수원시 팔달구 지동,14304,747,1160,1789,1931,2343,2666,1981,1203,433,41,10,7281,406,602,961,1058,1292,1351,932,538,134,6,1,7023,341,558,828,873,1051,1315,1049,665,299,35,9
2017,01,읍면동,경기도 수원시 팔달구 행궁동,11323,405,709,1316,1345,1760,2393,1864,1069,383,69,10,6012,214,366,724,773,1028,1328,919,504,134,22,0,5311,191,343,592,572,732,1065,945,565,249,47,10
2017,01,읍면동,경기도 수원시 팔달구 화서1동,25653,2162,2764,3496,3638,4521,4354,2646,1441,536,85,10,12493,1103,1351,1758,1845,2215,2142,1237,627,193,21,1,13160,1059,1413,1738,1793,2306,2212,1409,814,343,64,9
2017,01,읍면동,경기도 수원시 팔달구 화서2동,29180,2842,3781,4447,4190,5549,4790,1951,1097,461,66,6,14283,1500,1863,2228,2011,2571,2548,923,471,150,17,1,14897,1342,1918,2219,2179,2978,2242,1028,626,311,49,5
2017,01,시군,경기도 시흥시 ,403398,39047,49972,56111,60356,81482,67683,27110,14878,5921,778,60,211634,20035,25875,30474,32424,42912,37467,14138,6250,1864,177,18,191764,19012,24097,25637,27932,38570,30216,12972,8628,4057,601,42
2017,01,읍면동,경기도 시흥시 과림동,2142,65,62,203,224,245,564,476,203,87,11,2,1299,33,30,129,142,183,338,286,117,35,4,2,843,32,32,74,82,62,226,190,86,52,7,0
2017,01,읍면동,경기도 시흥시 군자동,25521,2523,2948,3348,4105,4611,4234,2123,1117,453,50,9,13296,1296,1540,1810,2258,2475,2241,1046,489,127,12,2,12225,1227,1408,1538,1847,2136,1993,1077,628,326,38,7
2017,01,읍면동,경기도 시흥시 능곡동,16106,1813,2545,1807,1859,3554,2480,1066,676,262,43,1,7966,936,1249,952,848,1748,1346,526,271,84,6,0,8140,877,1296,855,1011,1806,1134,540,405,178,37,1
2017,01,읍면동,경기도 시흥시 대야동,32819,2235,3725,5123,3924,5746,6763,2962,1510,714,112,5,16742,1166,1924,2703,2085,2850,3576,1592,602,220,23,1,16077,1069,1801,2420,1839,2896,3187,1370,908,494,89,4
2017,01,읍면동,경기도 시흥시 매화동,13745,1087,1726,1797,1551,2690,2430,1238,838,342,45,1,7132,558,921,961,798,1423,1344,634,377,102,14,0,6613,529,805,836,753,1267,1086,604,461,240,31,1
2017,01,읍면동,경기도 시흥시 목감동,17529,2003,1573,2049,3064,2766,2929,1729,944,407,57,8,8917,998,808,1066,1585,1487,1521,904,416,121,8,3,8612,1005,765,983,1479,1279,1408,825,528,286,49,5
2017,01,읍면동,경기도 시흥시 신천동,42068,2836,5159,6653,4895,7903,8511,3501,1803,705,91,11,21625,1457,2669,3532,2625,3939,4593,1860,717,212,20,1,20443,1379,2490,3121,2270,3964,3918,1641,1086,493,71,10
2017,01,읍면동,경기도 시흥시 신현동,11518,814,1127,1668,1291,1991,2402,1214,663,302,40,6,6000,405,587,919,693,1024,1303,656,288,104,17,4,5518,409,540,749,598,967,1099,558,375,198,23,2
2017,01,읍면동,경기도 시흥시 연성동,25059,2440,3988,3263,2983,5700,3866,1433,983,351,47,5,12738,1228,2100,1719,1446,2817,2206,690,408,113,9,2,12321,1212,1888,1544,1537,2883,1660,743,575,238,38,3
2017,01,읍면동,경기도 시흥시 월곶동,16366,2041,1545,1686,3156,3350,2372,1263,690,236,26,1,8505,1049,808,865,1637,1858,1239,634,330,80,5,0,7861,992,737,821,1519,1492,1133,629,360,156,21,1
2017,01,읍면동,경기도 시흥시 은행동,30218,2671,4492,4553,3515,6093,5485,1890,1037,426,50,6,15169,1367,2332,2420,1688,2909,2943,984,392,125,7,2,15049,1304,2160,2133,1827,3184,2542,906,645,301,43,4
2017,01,읍면동,경기도 시흥시 장곡동,18975,2390,3583,2214,2392,4571,2498,631,480,189,26,1,9519,1249,1834,1141,1060,2231,1457,303,170,60,14,0,9456,1141,1749,1073,1332,2340,1041,328,310,129,12,1
2017,01,읍면동,경기도 시흥시 정왕1동,27399,2410,2681,3923,5357,6012,4404,1619,731,229,32,1,15810,1196,1374,2338,3306,3661,2644,891,321,71,7,1,11589,1214,1307,1585,2051,2351,1760,728,410,158,25,0
2017,01,읍면동,경기도 시흥시 정왕2동,34685,3864,4918,5123,5190,7367,5261,1600,966,369,27,0,17982,2015,2565,2763,2625,3764,2912,829,375,128,6,0,16703,1849,2353,2360,2565,3603,2349,771,591,241,21,0
2017,01,읍면동,경기도 시흥시 정왕3동,26221,2661,2877,3510,4694,5480,4324,1558,763,303,50,1,14639,1360,1517,1975,2796,3164,2544,839,339,93,12,0,11582,1301,1360,1535,1898,2316,1780,719,424,210,38,1
2017,01,읍면동,경기도 시흥시 정왕4동,38171,5225,5593,4951,6284,8128,5222,1522,859,342,45,0,19183,2735,2872,2561,2956,3986,2847,746,345,128,7,0,18988,2490,2721,2390,3328,4142,2375,776,514,214,38,0
2017,01,읍면동,경기도 시흥시 정왕본동,24856,1969,1430,4240,5872,5275,3938,1285,615,204,26,2,15112,987,745,2620,3876,3393,2413,718,293,61,6,0,9744,982,685,1620,1996,1882,1525,567,322,143,20,2
2017,01,시군,경기도 안산시 ,689326,58516,83525,107735,99124,131437,120523,49500,26031,11299,1538,98,353111,29781,43266,56978,52819,65916,64094,25450,10924,3517,343,23,336215,28735,40259,50757,46305,65521,56429,24050,15107,7782,1195,75
2017,01,구,경기도 안산시 단원구 ,313677,26862,38453,47938,45151,60270,55877,22820,10853,4800,599,54,161772,13660,19956,25491,24108,30482,29894,11924,4646,1461,135,15,151905,13202,18497,22447,21043,29788,25983,10896,6207,3339,464,39
2017,01,읍면동,경기도 안산시 단원구 고잔1동,20982,1566,2621,3431,2836,3898,3713,1613,877,385,39,3,10571,785,1353,1828,1521,1907,1893,798,361,119,6,0,10411,781,1268,1603,1315,1991,1820,815,516,266,33,3
2017,01,읍면동,경기도 안산시 단원구 고잔2동,21821,1770,2577,3777,3526,3965,3736,1564,582,275,45,4,10826,888,1317,1913,1757,1931,1856,835,235,82,10,2,10995,882,1260,1864,1769,2034,1880,729,347,193,35,2
2017,01,읍면동,경기도 안산시 단원구 대부동,8201,338,492,804,701,993,1878,1556,924,432,77,6,4279,184,258,457,413,560,961,811,473,143,16,3,3922,154,234,347,288,433,917,745,451,289,61,3
2017,01,읍면동,경기도 안산시 단원구 선부1동,12764,1084,1245,1878,2124,2185,2375,1067,511,267,28,0,6589,548,652,1061,1227,1127,1189,536,182,57,10,0,6175,536,593,817,897,1058,1186,531,329,210,18,0
2017,01,읍면동,경기도 안산시 단원구 선부2동,22579,1599,2696,3423,3115,4655,4218,1654,835,328,53,3,12197,839,1427,1821,1775,2545,2463,836,371,103,16,1,10382,760,1269,1602,1340,2110,1755,818,464,225,37,2
2017,01,읍면동,경기도 안산시 단원구 선부3동,35558,3100,4610,5694,5377,6879,6196,2150,1029,478,38,7,18185,1570,2413,3019,2828,3387,3274,1141,407,138,7,1,17373,1530,2197,2675,2549,3492,2922,1009,622,340,31,6
2017,01,읍면동,경기도 안산시 단원구 와동,44663,3805,5423,6893,7001,8925,7456,2902,1557,626,73,2,23431,2001,2823,3691,3875,4723,4044,1453,613,192,16,0,21232,1804,2600,3202,3126,4202,3412,1449,944,434,57,2
2017,01,읍면동,경기도 안산시 단원구 원곡1동,5785,247,444,736,692,886,1315,877,441,123,20,4,3057,130,231,421,420,494,674,436,196,47,6,2,2728,117,213,315,272,392,641,441,245,76,14,2
2017,01,읍면동,경기도 안산시 단원구 원곡2동,16411,1455,2039,2597,2151,2931,3212,1374,444,178,26,4,8246,715,1061,1374,1060,1391,1625,748,216,50,6,0,8165,740,978,1223,1091,1540,1587,626,228,128,20,4
2017,01,읍면동,경기도 안산시 단원구 원곡본동,32959,3133,3332,4258,5024,6399,6032,2792,1358,577,47,7,17864,1583,1712,2372,2849,3561,3446,1491,650,187,12,1,15095,1550,1620,1886,2175,2838,2586,1301,708,390,35,6
2017,01,읍면동,경기도 안산시 단원구 초지동,43035,4489,5971,5962,6707,8864,6513,2566,1285,581,88,9,21978,2241,3080,3239,3511,4386,3499,1309,512,179,18,4,21057,2248,2891,2723,3196,4478,3014,1257,773,402,70,5
2017,01,읍면동,경기도 안산시 단원구 호수동,48919,4276,7003,8485,5897,9690,9233,2705,1010,550,65,5,24549,2176,3629,4295,2872,4470,4970,1530,430,164,12,1,24370,2100,3374,4190,3025,5220,4263,1175,580,386,53,4
2017,01,구,경기도 안산시 상록구 ,375649,31654,45072,59797,53973,71167,64646,26680,15178,6499,939,44,191339,16121,23310,31487,28711,35434,34200,13526,6278,2056,208,8,184310,15533,21762,28310,25262,35733,30446,13154,8900,4443,731,36
2017,01,읍면동,경기도 안산시 상록구 반월동,20254,1737,1729,2634,2963,3281,3737,2387,1270,462,50,4,10285,888,861,1407,1588,1730,1866,1203,584,148,8,2,9969,849,868,1227,1375,1551,1871,1184,686,314,42,2
2017,01,읍면동,경기도 안산시 상록구 본오1동,43492,4038,5638,6347,6488,8787,6974,2729,1753,656,81,1,22315,2043,2901,3383,3481,4488,3767,1304,728,203,17,0,21177,1995,2737,2964,3007,4299,3207,1425,1025,453,64,1
2017,01,읍면동,경기도 안산시 상록구 본오2동,30605,2413,4131,4763,3889,6198,5201,2033,1341,570,64,2,15111,1237,2078,2393,1957,3001,2673,1032,546,179,15,0,15494,1176,2053,2370,1932,3197,2528,1001,795,391,49,2
2017,01,읍면동,경기도 안산시 상록구 본오3동,23401,1716,2586,3944,3426,4288,4222,1644,1055,448,71,1,11639,861,1297,2008,1829,2104,2099,837,423,164,17,0,11762,855,1289,1936,1597,2184,2123,807,632,284,54,1
2017,01,읍면동,경기도 안산시 상록구 부곡동,24277,2072,2961,3752,3169,4793,4289,1730,1064,395,50,2,12395,1071,1501,1978,1630,2425,2376,870,408,129,6,1,11882,1001,1460,1774,1539,2368,1913,860,656,266,44,1
2017,01,읍면동,경기도 안산시 상록구 사1동,38735,3113,4388,6518,6356,7513,6012,2183,1564,916,162,10,20081,1602,2331,3461,3551,3854,3290,1106,566,272,46,2,18654,1511,2057,3057,2805,3659,2722,1077,998,644,116,8
2017,01,읍면동,경기도 안산시 상록구 사2동,35743,3575,4803,5487,5019,6847,6008,2288,1163,478,73,2,18075,1792,2501,2855,2621,3318,3177,1175,477,142,17,0,17668,1783,2302,2632,2398,3529,2831,1113,686,336,56,2
2017,01,읍면동,경기도 안산시 상록구 사3동,19785,1733,2686,3524,2508,3760,3554,1317,464,196,42,1,10237,915,1369,1969,1289,1798,1897,719,223,52,6,0,9548,818,1317,1555,1219,1962,1657,598,241,144,36,1
2017,01,읍면동,경기도 안산시 상록구 성포동,26618,2087,3437,4684,3115,4549,5309,1971,878,508,77,3,13101,1055,1805,2468,1485,2004,2677,1058,372,153,22,2,13517,1032,1632,2216,1630,2545,2632,913,506,355,55,1
2017,01,읍면동,경기도 안산시 상록구 안산동,10090,822,930,1374,1334,1622,1965,1213,567,220,39,4,5222,410,486,736,725,868,1043,618,247,81,7,1,4868,412,444,638,609,754,922,595,320,139,32,3
2017,01,읍면동,경기도 안산시 상록구 월피동,45344,3618,6062,7592,5918,8703,8178,2882,1545,743,97,6,23222,1910,3231,4056,3133,4124,4428,1497,605,216,22,0,22122,1708,2831,3536,2785,4579,3750,1385,940,527,75,6
2017,01,읍면동,경기도 안산시 상록구 이동,28997,2080,2394,5263,5366,5248,4759,2171,1201,439,70,6,15305,1058,1282,2735,3082,2776,2575,1095,532,159,11,0,13692,1022,1112,2528,2284,2472,2184,1076,669,280,59,6
2017,01,읍면동,경기도 안산시 상록구 일동,28308,2650,3327,3915,4422,5578,4438,2132,1313,468,63,2,14351,1279,1667,2038,2340,2944,2332,1012,567,158,14,0,13957,1371,1660,1877,2082,2634,2106,1120,746,310,49,2
2017,01,시군,경기도 안성시 ,182784,17588,19669,20938,26499,30844,29177,18977,12465,5851,735,41,93367,9013,10246,11320,14031,16444,15305,9471,5427,1921,181,8,89417,8575,9423,9618,12468,14400,13872,9506,7038,3930,554,33
2017,01,읍면동,경기도 안성시 고삼면,2056,70,128,217,166,248,424,361,275,149,18,0,1078,31,66,134,101,154,209,191,133,54,5,0,978,39,62,83,65,94,215,170,142,95,13,0
2017,01,읍면동,경기도 안성시 공도읍,56845,7930,7600,5641,10284,11290,6882,3914,2249,960,95,0,28434,4042,3916,2910,5075,5893,3505,1849,921,304,19,0,28411,3888,3684,2731,5209,5397,3377,2065,1328,656,76,0
2017,01,읍면동,경기도 안성시 금광면,8419,806,884,837,1096,1312,1359,1012,709,349,51,4,4137,405,478,427,540,710,681,485,288,107,15,1,4282,401,406,410,556,602,678,527,421,242,36,3
2017,01,읍면동,경기도 안성시 대덕면,16534,1738,1230,2308,3532,2687,2400,1432,802,343,60,2,9170,929,634,1258,2129,1593,1370,734,371,133,19,0,7364,809,596,1050,1403,1094,1030,698,431,210,41,2
2017,01,읍면동,경기도 안성시 미양면,6917,514,482,684,984,961,1190,988,709,358,43,4,3632,242,251,376,584,583,633,533,309,114,6,1,3285,272,231,308,400,378,557,455,400,244,37,3
2017,01,읍면동,경기도 안성시 보개면,6011,277,454,640,562,765,1207,923,747,390,43,3,3174,148,283,342,345,458,647,482,333,129,7,0,2837,129,171,298,217,307,560,441,414,261,36,3
2017,01,읍면동,경기도 안성시 삼죽면,3623,132,238,431,321,409,753,604,490,225,19,1,1920,70,133,253,197,235,409,308,219,93,3,0,1703,62,105,178,124,174,344,296,271,132,16,1
2017,01,읍면동,경기도 안성시 서운면,3876,162,261,436,339,513,759,666,480,233,25,2,2064,90,160,261,192,312,416,329,216,80,7,1,1812,72,101,175,147,201,343,337,264,153,18,1
2017,01,읍면동,경기도 안성시 안성1동,12367,778,1282,1688,1334,1814,2361,1523,1060,459,61,7,6188,409,631,897,730,916,1209,741,476,158,19,2,6179,369,651,791,604,898,1152,782,584,301,42,5
2017,01,읍면동,경기도 안성시 안성2동,18808,1863,2320,2350,2678,3445,3026,1671,950,451,52,2,9404,955,1190,1259,1342,1766,1544,810,398,124,15,1,9404,908,1130,1091,1336,1679,1482,861,552,327,37,1
2017,01,읍면동,경기도 안성시 안성3동,21354,1901,2943,2998,2509,3911,3593,1815,1150,468,62,4,10651,969,1552,1642,1235,1848,1873,896,482,140,14,0,10703,932,1391,1356,1274,2063,1720,919,668,328,48,4
2017,01,읍면동,경기도 안성시 양성면,5539,238,332,573,498,707,1153,918,645,406,66,3,2876,117,168,350,298,397,642,487,285,120,12,0,2663,121,164,223,200,310,511,431,360,286,54,3
2017,01,읍면동,경기도 안성시 원곡면,5076,380,398,528,656,754,1028,643,444,210,33,2,2686,192,221,302,356,436,555,341,202,70,10,1,2390,188,177,226,300,318,473,302,242,140,23,1
2017,01,읍면동,경기도 안성시 일죽면,8013,444,573,796,804,999,1562,1385,925,454,69,2,4123,244,286,441,471,573,808,712,408,158,21,1,3890,200,287,355,333,426,754,673,517,296,48,1
2017,01,읍면동,경기도 안성시 죽산면,7346,355,544,811,736,1029,1480,1122,830,396,38,5,3830,170,277,468,436,570,804,573,386,137,9,0,3516,185,267,343,300,459,676,549,444,259,29,5
2017,01,시군,경기도 안양시 ,598392,50290,65790,87468,89325,104415,104252,55916,27982,11262,1545,147,297399,25758,34158,45473,45413,50786,51516,28085,12234,3543,391,42,300993,24532,31632,41995,43912,53629,52736,27831,15748,7719,1154,105
2017,01,구,경기도 안양시 동안구 ,344964,30708,41920,49768,51103,63505,58137,28830,13870,6205,848,70,170082,15703,21759,25838,25383,30171,28652,14547,5914,1896,200,19,174882,15005,20161,23930,25720,33334,29485,14283,7956,4309,648,51
2017,01,읍면동,경기도 안양시 동안구 갈산동,11792,878,1588,1759,1319,2114,2093,1146,553,295,41,6,5736,433,832,923,614,960,1041,572,254,95,9,3,6056,445,756,836,705,1154,1052,574,299,200,32,3
2017,01,읍면동,경기도 안양시 동안구 관양1동,39445,3251,3924,6334,5801,6326,7154,3753,1945,838,112,7,19454,1688,2016,3343,3027,3032,3422,1815,823,259,28,1,19991,1563,1908,2991,2774,3294,3732,1938,1122,579,84,6
2017,01,읍면동,경기도 안양시 동안구 관양2동,20100,1705,1815,2976,3529,3465,3396,1786,1018,368,38,4,10170,835,907,1613,1874,1775,1691,879,460,126,10,0,9930,870,908,1363,1655,1690,1705,907,558,242,28,4
2017,01,읍면동,경기도 안양시 동안구 귀인동,17565,1593,3569,2202,1494,4218,2657,991,555,256,29,1,8661,838,1871,1099,626,1933,1428,524,239,97,6,0,8904,755,1698,1103,868,2285,1229,467,316,159,23,1
2017,01,읍면동,경기도 안양시 동안구 달안동,12100,1235,934,1638,2901,2114,1596,851,528,276,27,0,5613,647,487,754,1440,963,692,376,184,64,6,0,6487,588,447,884,1461,1151,904,475,344,212,21,0
2017,01,읍면동,경기도 안양시 동안구 범계동,16310,1363,2639,2239,2002,3480,2538,1005,659,333,50,2,7927,692,1426,1089,933,1584,1306,485,284,115,13,0,8383,671,1213,1150,1069,1896,1232,520,375,218,37,2
2017,01,읍면동,경기도 안양시 동안구 부림동,25789,2898,2800,3067,5544,5171,3493,1574,846,353,43,0,12512,1484,1433,1458,2729,2492,1669,784,328,126,9,0,13277,1414,1367,1609,2815,2679,1824,790,518,227,34,0
2017,01,읍면동,경기도 안양시 동안구 부흥동,18575,1791,2555,2348,2686,3729,2771,1551,698,386,58,2,8977,932,1352,1199,1271,1774,1309,755,278,91,16,0,9598,859,1203,1149,1415,1955,1462,796,420,295,42,2
2017,01,읍면동,경기도 안양시 동안구 비산1동,26531,2475,3130,3673,3787,4696,4528,2591,1120,449,65,17,13073,1281,1596,1917,1875,2267,2173,1303,500,145,14,2,13458,1194,1534,1756,1912,2429,2355,1288,620,304,51,15
2017,01,읍면동,경기도 안양시 동안구 비산2동,13902,1106,1542,2215,1892,2317,2617,1351,562,240,52,8,6753,542,800,1143,911,1066,1267,690,246,73,13,2,7149,564,742,1072,981,1251,1350,661,316,167,39,6
2017,01,읍면동,경기도 안양시 동안구 비산3동,24441,1663,2571,3918,3267,3963,4676,2459,1220,617,84,3,12187,854,1322,2157,1733,1894,2273,1239,519,173,21,2,12254,809,1249,1761,1534,2069,2403,1220,701,444,63,1
2017,01,읍면동,경기도 안양시 동안구 신촌동,13899,1078,1969,2201,1711,2578,2575,1146,427,192,22,0,6851,523,1032,1136,851,1140,1292,621,196,55,5,0,7048,555,937,1065,860,1438,1283,525,231,137,17,0
2017,01,읍면동,경기도 안양시 동안구 평안동,25420,2978,4200,2881,3676,5940,3230,1368,727,375,41,4,12530,1505,2229,1486,1671,2857,1659,719,272,117,11,4,12890,1473,1971,1395,2005,3083,1571,649,455,258,30,0
2017,01,읍면동,경기도 안양시 동안구 평촌동,16447,1802,2176,2327,2171,3328,2733,1059,580,244,25,2,8193,956,1114,1252,1003,1550,1425,548,236,100,8,1,8254,846,1062,1075,1168,1778,1308,511,344,144,17,1
2017,01,읍면동,경기도 안양시 동안구 호계1동,11465,781,1068,1699,1769,1917,2198,1239,564,199,28,3,5935,420,566,919,969,1005,1145,617,245,45,3,1,5530,361,502,780,800,912,1053,622,319,154,25,2
2017,01,읍면동,경기도 안양시 동안구 호계2동,25786,2013,2704,4228,3859,4035,4946,2554,964,414,61,8,12735,1017,1379,2182,1970,1892,2396,1334,433,121,10,1,13051,996,1325,2046,1889,2143,2550,1220,531,293,51,7
2017,01,읍면동,경기도 안양시 동안구 호계3동,25397,2098,2736,4063,3695,4114,4936,2406,904,370,72,3,12775,1056,1397,2168,1886,1987,2464,1286,417,94,18,2,12622,1042,1339,1895,1809,2127,2472,1120,487,276,54,1
2017,01,구,경기도 안양시 만안구 ,253428,19582,23870,37700,38222,40910,46115,27086,14112,5057,697,77,127317,10055,12399,19635,20030,20615,22864,13538,6320,1647,191,23,126111,9527,11471,18065,18192,20295,23251,13548,7792,3410,506,54
2017,01,읍면동,경기도 안양시 만안구 박달1동,16902,1116,1563,2419,2191,2964,3284,1862,1086,363,47,7,8497,564,771,1260,1181,1527,1659,935,472,110,15,3,8405,552,792,1159,1010,1437,1625,927,614,253,32,4
2017,01,읍면동,경기도 안양시 만안구 박달2동,23229,2281,2641,3694,3614,3753,4062,1935,812,391,44,2,11649,1188,1382,1937,1811,1801,2010,1028,356,121,15,0,11580,1093,1259,1757,1803,1952,2052,907,456,270,29,2
2017,01,읍면동,경기도 안양시 만안구 석수1동,20699,1862,1879,2888,3197,3353,3683,2161,1160,436,71,9,10209,961,988,1509,1541,1681,1765,1073,536,136,16,3,10490,901,891,1379,1656,1672,1918,1088,624,300,55,6
2017,01,읍면동,경기도 안양시 만안구 석수2동,33870,2874,3350,4786,5034,5728,5951,3476,1913,659,90,9,17003,1484,1776,2443,2552,2912,3037,1714,851,213,19,2,16867,1390,1574,2343,2482,2816,2914,1762,1062,446,71,7
2017,01,읍면동,경기도 안양시 만안구 석수3동,15271,1393,1804,2171,2066,2709,2754,1334,726,279,33,2,7673,716,953,1192,1021,1358,1398,651,301,74,9,0,7598,677,851,979,1045,1351,1356,683,425,205,24,2
2017,01,읍면동,경기도 안양시 만안구 안양1동,18057,1611,1891,2709,2874,3044,3107,1766,727,278,49,1,8958,802,944,1424,1441,1474,1518,900,339,100,16,0,9099,809,947,1285,1433,1570,1589,866,388,178,33,1
2017,01,읍면동,경기도 안양시 만안구 안양2동,23031,1400,2007,3668,3298,3505,4429,2726,1465,468,56,9,11565,719,1058,1808,1776,1764,2242,1359,662,159,15,3,11466,681,949,1860,1522,1741,2187,1367,803,309,41,6
2017,01,읍면동,경기도 안양시 만안구 안양3동,17661,1164,1600,2717,2538,2752,3397,2093,1015,329,48,8,8832,605,850,1412,1377,1381,1611,1020,459,103,12,2,8829,559,750,1305,1161,1371,1786,1073,556,226,36,6
2017,01,읍면동,경기도 안양시 만안구 안양4동,7258,374,570,1138,1028,1084,1326,902,585,226,25,0,3663,183,298,570,584,581,661,444,245,89,8,0,3595,191,272,568,444,503,665,458,340,137,17,0
2017,01,읍면동,경기도 안양시 만안구 안양5동,13971,767,1170,2018,1927,2160,2630,1745,1098,407,47,2,7028,429,624,1044,1067,1096,1292,855,481,130,9,1,6943,338,546,974,860,1064,1338,890,617,277,38,1
2017,01,읍면동,경기도 안양시 만안구 안양6동,19048,1203,1337,2766,3419,2952,3408,2337,1166,405,45,10,9897,610,666,1479,1939,1577,1737,1167,539,160,19,4,9151,593,671,1287,1480,1375,1671,1170,627,245,26,6
2017,01,읍면동,경기도 안양시 만안구 안양7동,13830,1474,1341,1956,2555,2312,2290,1216,492,148,37,9,6975,760,686,988,1322,1142,1148,627,240,48,10,4,6855,714,655,968,1233,1170,1142,589,252,100,27,5
2017,01,읍면동,경기도 안양시 만안구 안양8동,12113,713,975,1960,1875,1808,2315,1438,717,261,49,2,6230,372,509,1078,1066,951,1091,741,338,72,12,0,5883,341,466,882,809,857,1224,697,379,189,37,2
2017,01,읍면동,경기도 안양시 만안구 안양9동,18488,1350,1742,2810,2606,2786,3479,2095,1150,407,56,7,9138,662,894,1491,1352,1370,1695,1024,501,132,16,1,9350,688,848,1319,1254,1416,1784,1071,649,275,40,6
2017,01,시군,경기도 양주시 ,205977,20458,24386,23310,27210,38043,33386,20746,12992,4752,652,42,104474,10395,12523,12433,13718,19716,17615,10270,5931,1708,154,11,101503,10063,11863,10877,13492,18327,15771,10476,7061,3044,498,31
2017,01,읍면동,경기도 양주시 광적면,11903,777,1070,1428,1257,1952,2519,1493,968,391,44,4,6390,390,582,819,723,1053,1418,808,437,148,12,0,5513,387,488,609,534,899,1101,685,531,243,32,4
2017,01,읍면동,경기도 양주시 남면,7645,508,573,929,895,1051,1545,1092,649,335,65,3,4190,262,287,567,529,654,866,616,296,98,13,2,3455,246,286,362,366,397,679,476,353,237,52,1
2017,01,읍면동,경기도 양주시 백석읍,28504,2238,3269,3545,3153,5010,5316,3168,1985,724,90,6,14439,1137,1702,1866,1648,2529,2798,1579,890,265,24,1,14065,1101,1567,1679,1505,2481,2518,1589,1095,459,66,5
2017,01,읍면동,경기도 양주시 양주1동,6220,331,448,712,599,878,1311,1003,639,261,36,2,3242,185,233,365,340,477,702,544,287,101,6,2,2978,146,215,347,259,401,609,459,352,160,30,0
2017,01,읍면동,경기도 양주시 양주2동,54198,7729,7560,4675,8419,11450,6320,4374,2766,784,116,5,26595,3944,3745,2418,3869,5901,3168,1970,1275,284,21,0,27603,3785,3815,2257,4550,5549,3152,2404,1491,500,95,5
2017,01,읍면동,경기도 양주시 은현면,6791,269,486,818,676,945,1570,1069,633,281,41,3,3796,144,250,484,417,582,895,604,307,101,12,0,2995,125,236,334,259,363,675,465,326,180,29,3
2017,01,읍면동,경기도 양주시 장흥면,10073,576,653,1137,1248,1244,2001,1786,973,379,70,6,5139,284,357,631,698,686,985,855,484,138,18,3,4934,292,296,506,550,558,1016,931,489,241,52,3
2017,01,읍면동,경기도 양주시 회천1동,10386,788,1002,1589,1326,1737,1903,1090,655,259,29,8,5358,398,496,911,690,879,1040,554,297,85,6,2,5028,390,506,678,636,858,863,536,358,174,23,6
2017,01,읍면동,경기도 양주시 회천2동,28730,2469,3345,3873,3578,5259,5322,2685,1592,546,57,4,14589,1269,1780,2004,1853,2677,2798,1306,699,192,11,0,14141,1200,1565,1869,1725,2582,2524,1379,893,354,46,4
2017,01,읍면동,경기도 양주시 회천3동,29589,3155,4727,3374,3836,6398,3992,1894,1536,605,71,1,14632,1545,2441,1734,1818,3177,2125,884,653,233,21,1,14957,1610,2286,1640,2018,3221,1867,1010,883,372,50,0
2017,01,읍면동,경기도 양주시 회천4동,11938,1618,1253,1230,2223,2119,1587,1092,596,187,33,0,6104,837,650,634,1133,1101,820,550,306,63,10,0,5834,781,603,596,1090,1018,767,542,290,124,23,0
2017,01,시군,경기도 양평군 ,111533,8309,9878,10736,11821,16499,20429,16955,11303,4846,710,47,56345,4260,5280,5973,5985,8741,10477,8384,5324,1713,197,11,55188,4049,4598,4763,5836,7758,9952,8571,5979,3133,513,36
2017,01,읍면동,경기도 양평군 강상면,8395,843,742,706,1035,1356,1464,1180,720,298,46,5,4216,424,396,395,502,697,735,592,347,113,14,1,4179,419,346,311,533,659,729,588,373,185,32,4
2017,01,읍면동,경기도 양평군 강하면,4415,212,295,373,377,554,908,940,527,194,35,0,2218,113,158,205,206,293,440,444,269,81,9,0,2197,99,137,168,171,261,468,496,258,113,26,0
2017,01,읍면동,경기도 양평군 개군면,4948,286,347,441,433,673,969,847,636,282,33,1,2511,137,186,265,226,374,512,406,309,88,7,1,2437,149,161,176,207,299,457,441,327,194,26,0
2017,01,읍면동,경기도 양평군 단월면,3717,168,232,303,336,452,719,705,557,223,21,1,1901,85,145,164,192,265,345,367,255,78,5,0,1816,83,87,139,144,187,374,338,302,145,16,1
2017,01,읍면동,경기도 양평군 서종면,8701,630,737,662,830,1388,1683,1595,792,316,65,3,4400,325,420,369,406,714,820,807,401,116,21,1,4301,305,317,293,424,674,863,788,391,200,44,2
2017,01,읍면동,경기도 양평군 양동면,4606,189,228,369,340,486,919,964,693,359,54,5,2292,99,126,196,180,283,488,483,303,120,14,0,2314,90,102,173,160,203,431,481,390,239,40,5
2017,01,읍면동,경기도 양평군 양서면,12100,783,1018,1154,1307,1822,2229,1958,1229,517,79,4,6097,368,559,640,658,955,1118,955,631,189,22,2,6003,415,459,514,649,867,1111,1003,598,328,57,2
2017,01,읍면동,경기도 양평군 양평읍,30648,2832,3534,3523,3931,5112,5221,3335,2173,849,123,15,15393,1466,1827,1926,1944,2585,2702,1637,983,282,36,5,15255,1366,1707,1597,1987,2527,2519,1698,1190,567,87,10
2017,01,읍면동,경기도 양평군 옥천면,7372,550,527,729,804,1041,1411,1227,750,292,38,3,3785,280,299,419,413,590,709,594,368,105,8,0,3587,270,228,310,391,451,702,633,382,187,30,3
2017,01,읍면동,경기도 양평군 용문면,16269,1404,1548,1689,1731,2392,2785,2190,1664,759,102,5,8273,740,809,945,873,1279,1478,1087,763,270,28,1,7996,664,739,744,858,1113,1307,1103,901,489,74,4
2017,01,읍면동,경기도 양평군 지평면,6658,282,465,521,446,809,1366,1236,983,482,67,1,3367,160,243,294,242,463,715,631,428,167,24,0,3291,122,222,227,204,346,651,605,555,315,43,1
2017,01,읍면동,경기도 양평군 청운면,3704,130,205,266,251,414,755,778,579,275,47,4,1892,63,112,155,143,243,415,381,267,104,9,0,1812,67,93,111,108,171,340,397,312,171,38,4
2017,01,시군,경기도 여주시 ,111558,9024,11297,12323,13472,17306,19684,14086,9485,4258,582,41,56448,4702,5774,6701,6900,9107,10313,7069,4277,1484,106,15,55110,4322,5523,5622,6572,8199,9371,7017,5208,2774,476,26
2017,01,읍면동,경기도 여주시 가남읍,16167,1411,1559,1732,2299,2484,2754,2007,1270,563,81,7,8284,728,804,939,1235,1326,1436,1019,582,196,16,3,7883,683,755,793,1064,1158,1318,988,688,367,65,4
2017,01,읍면동,경기도 여주시 강천면,3889,166,291,357,313,518,759,689,494,259,40,3,1993,95,158,192,180,299,393,347,238,87,3,1,1896,71,133,165,133,219,366,342,256,172,37,2
2017,01,읍면동,경기도 여주시 금사면,3060,145,201,250,232,358,639,624,395,184,30,2,1560,62,115,141,134,193,351,303,186,70,5,0,1500,83,86,109,98,165,288,321,209,114,25,2
2017,01,읍면동,경기도 여주시 능서면,6621,344,578,631,626,780,1352,1052,783,419,56,0,3421,160,307,373,344,457,728,556,349,130,17,0,3200,184,271,258,282,323,624,496,434,289,39,0
2017,01,읍면동,경기도 여주시 대신면,7472,287,582,728,547,880,1508,1333,1057,484,63,3,3851,152,302,421,313,505,793,697,462,188,16,2,3621,135,280,307,234,375,715,636,595,296,47,1
2017,01,읍면동,경기도 여주시 북내면,5216,202,506,508,358,775,1040,776,664,343,41,3,2668,102,258,280,196,429,570,403,294,128,7,1,2548,100,248,228,162,346,470,373,370,215,34,2
2017,01,읍면동,경기도 여주시 산북면,2585,131,212,209,207,333,491,452,375,151,22,2,1262,54,104,110,105,180,239,230,178,58,3,1,1323,77,108,99,102,153,252,222,197,93,19,1
2017,01,읍면동,경기도 여주시 여흥동,21802,2131,2225,2675,3053,3694,3698,2331,1390,519,77,9,10962,1095,1123,1486,1505,1901,1908,1139,630,161,10,4,10840,1036,1102,1189,1548,1793,1790,1192,760,358,67,5
2017,01,읍면동,경기도 여주시 오학동,14894,1865,1571,1700,2531,2647,2306,1222,733,271,42,6,7439,1012,784,898,1228,1332,1180,592,316,90,6,1,7455,853,787,802,1303,1315,1126,630,417,181,36,5
2017,01,읍면동,경기도 여주시 점동면,4868,186,482,483,339,563,964,871,613,323,44,0,2502,102,262,270,189,309,522,441,284,112,11,0,2366,84,220,213,150,254,442,430,329,211,33,0
2017,01,읍면동,경기도 여주시 중앙동,19816,1905,2719,2579,2572,3659,3105,1788,1023,416,47,3,9848,1003,1369,1321,1254,1833,1624,850,442,143,7,2,9968,902,1350,1258,1318,1826,1481,938,581,273,40,1
2017,01,읍면동,경기도 여주시 흥천면,5168,251,371,471,395,615,1068,941,688,326,39,3,2658,137,188,270,217,343,569,492,316,121,5,0,2510,114,183,201,178,272,499,449,372,205,34,3
2017,01,시군,경기도 연천군 ,45939,3528,3860,6010,4927,5842,8009,6220,5040,2158,315,30,24134,1813,2039,3873,2678,3244,4302,3091,2207,797,79,11,21805,1715,1821,2137,2249,2598,3707,3129,2833,1361,236,19
2017,01,읍면동,경기도 연천군 군남면,3627,171,232,400,281,392,708,614,562,232,33,2,1908,80,126,264,161,234,384,310,251,87,10,1,1719,91,106,136,120,158,324,304,311,145,23,1
2017,01,읍면동,경기도 연천군 미산면,1747,67,79,172,100,166,386,363,275,119,17,3,915,36,39,109,56,102,205,196,125,42,4,1,832,31,40,63,44,64,181,167,150,77,13,2
2017,01,읍면동,경기도 연천군 백학면,2849,150,206,287,217,316,579,460,449,170,15,0,1512,78,114,191,130,186,307,228,205,67,6,0,1337,72,92,96,87,130,272,232,244,103,9,0
2017,01,읍면동,경기도 연천군 신서면,3104,101,164,426,201,315,572,591,507,198,27,2,1677,47,83,322,122,194,307,280,229,84,8,1,1427,54,81,104,79,121,265,311,278,114,19,1
2017,01,읍면동,경기도 연천군 연천읍,8295,821,597,1413,1055,926,1207,947,894,381,52,2,4474,429,310,966,586,532,675,454,362,148,12,0,3821,392,287,447,469,394,532,493,532,233,40,2
2017,01,읍면동,경기도 연천군 왕징면,1102,45,57,95,64,112,188,249,206,72,13,1,585,31,33,58,42,73,102,120,96,26,3,1,517,14,24,37,22,39,86,129,110,46,10,0
2017,01,읍면동,경기도 연천군 장남면,730,34,39,58,45,85,141,137,132,47,11,1,363,15,24,34,24,49,71,67,62,17,0,0,367,19,15,24,21,36,70,70,70,30,11,1
2017,01,읍면동,경기도 연천군 전곡읍,20010,1937,2218,2590,2551,3029,3301,2132,1437,695,105,15,10315,1001,1159,1525,1322,1577,1747,1083,625,242,28,6,9695,936,1059,1065,1229,1452,1554,1049,812,453,77,9
2017,01,읍면동,경기도 연천군 중면,222,12,14,63,23,17,33,29,19,10,2,0,132,5,6,54,12,11,17,16,8,3,0,0,90,7,8,9,11,6,16,13,11,7,2,0
2017,01,읍면동,경기도 연천군 청산면,4253,190,254,506,390,484,894,698,559,234,40,4,2253,91,145,350,223,286,487,337,244,81,8,1,2000,99,109,156,167,198,407,361,315,153,32,3
2017,01,시군,경기도 오산시 ,208873,27084,24380,26544,40610,38991,26946,13506,7713,2704,362,33,107167,13990,12472,14068,21255,20458,14052,6563,3294,921,87,7,101706,13094,11908,12476,19355,18533,12894,6943,4419,1783,275,26
2017,01,읍면동,경기도 오산시 남촌동,22448,1587,1601,4427,6017,3914,2589,1347,703,224,34,5,12901,827,822,2513,3781,2342,1503,704,333,69,6,1,9547,760,779,1914,2236,1572,1086,643,370,155,28,4
2017,01,읍면동,경기도 오산시 대원동,66708,9047,8290,8488,12708,12744,8362,3989,2212,752,109,7,34093,4676,4349,4503,6471,6556,4401,1915,929,260,32,1,32615,4371,3941,3985,6237,6188,3961,2074,1283,492,77,6
2017,01,읍면동,경기도 오산시 세마동,19420,2999,2228,2137,3661,3647,2519,1299,667,220,38,5,9855,1588,1123,1112,1745,1955,1285,656,304,77,9,1,9565,1411,1105,1025,1916,1692,1234,643,363,143,29,4
2017,01,읍면동,경기도 오산시 신장동,55020,7992,6058,6223,10725,9649,7345,3935,2204,781,100,8,27512,4099,3026,3223,5487,4981,3598,1886,936,257,19,0,27508,3893,3032,3000,5238,4668,3747,2049,1268,524,81,8
2017,01,읍면동,경기도 오산시 중앙동,28124,3164,3869,3477,4314,5665,3908,1933,1259,480,51,4,14132,1602,1977,1802,2169,2855,2110,917,519,167,13,1,13992,1562,1892,1675,2145,2810,1798,1016,740,313,38,3
2017,01,읍면동,경기도 오산시 초평동,17153,2295,2334,1792,3185,3372,2223,1003,668,247,30,4,8674,1198,1175,915,1602,1769,1155,485,273,91,8,3,8479,1097,1159,877,1583,1603,1068,518,395,156,22,1
2017,01,시군,경기도 용인시 ,991622,111840,124354,117530,152162,195992,133573,81705,52483,19036,2801,146,492628,57395,64159,60590,73460,97996,68858,37776,24465,7218,686,25,498994,54445,60195,56940,78702,97996,64715,43929,28018,11818,2115,121
2017,01,구,경기도 용인시 기흥구 ,417409,51962,52432,47486,67698,84238,52291,32254,20716,7226,1064,42,206434,26653,26987,24361,32343,42211,26504,14607,9720,2777,264,7,210975,25309,25445,23125,35355,42027,25787,17647,10996,4449,800,35
2017,01,읍면동,경기도 용인시 기흥구 구갈동,27110,2321,3074,4379,4598,5070,4067,2056,1105,379,58,3,13625,1168,1544,2195,2432,2554,2090,1000,509,121,12,0,13485,1153,1530,2184,2166,2516,1977,1056,596,258,46,3
2017,01,읍면동,경기도 용인시 기흥구 구성동,40766,4995,5032,3808,6023,8464,4864,3840,2743,876,115,6,19735,2551,2554,1957,2759,4214,2350,1643,1309,377,20,1,21031,2444,2478,1851,3264,4250,2514,2197,1434,499,95,5
2017,01,읍면동,경기도 용인시 기흥구 기흥동,22765,2800,2383,2510,3871,4194,3208,2108,1212,414,61,4,11319,1406,1280,1309,1907,2136,1556,997,570,140,18,0,11446,1394,1103,1201,1964,2058,1652,1111,642,274,43,4
2017,01,읍면동,경기도 용인시 기흥구 동백동,80162,11848,12906,7137,12265,18961,8452,4560,2927,967,130,9,39289,6026,6652,3639,5275,9527,4460,1982,1332,362,32,2,40873,5822,6254,3498,6990,9434,3992,2578,1595,605,98,7
2017,01,읍면동,경기도 용인시 기흥구 마북동,32305,3332,3575,3760,4774,5772,4360,3384,2396,839,110,3,15841,1727,1815,1972,2303,2799,2169,1489,1191,347,29,0,16464,1605,1760,1788,2471,2973,2191,1895,1205,492,81,3
2017,01,읍면동,경기도 용인시 기흥구 보정동,36583,4300,4420,3835,5569,7334,4394,3416,2486,715,114,0,17946,2208,2244,1932,2562,3620,2219,1548,1264,324,25,0,18637,2092,2176,1903,3007,3714,2175,1868,1222,391,89,0
2017,01,읍면동,경기도 용인시 기흥구 상갈동,46777,5305,6179,5098,7124,9669,5941,3806,2647,885,117,6,23521,2794,3206,2589,3550,4925,3077,1731,1259,357,31,2,23256,2511,2973,2509,3574,4744,2864,2075,1388,528,86,4
2017,01,읍면동,경기도 용인시 기흥구 상하동,25322,2896,3248,2929,3740,5119,3555,2070,1261,444,58,2,12371,1485,1666,1514,1750,2505,1782,939,571,148,11,0,12951,1411,1582,1415,1990,2614,1773,1131,690,296,47,2
2017,01,읍면동,경기도 용인시 기흥구 서농동,24060,3801,2149,4497,5440,3603,2634,1148,567,183,37,1,12329,1974,1129,2381,2831,1867,1284,547,247,61,8,0,11731,1827,1020,2116,2609,1736,1350,601,320,122,29,1
2017,01,읍면동,경기도 용인시 기흥구 신갈동,36542,3893,4298,4493,5696,7208,5225,2976,1947,695,106,5,18144,1988,2200,2269,2832,3631,2713,1364,859,264,23,1,18398,1905,2098,2224,2864,3577,2512,1612,1088,431,83,4
2017,01,읍면동,경기도 용인시 기흥구 영덕동,45017,6471,5168,5040,8598,8844,5591,2890,1425,829,158,3,22314,3326,2697,2604,4142,4433,2804,1367,609,276,55,1,22703,3145,2471,2436,4456,4411,2787,1523,816,553,103,2
2017,01,구,경기도 용인시 수지구 ,348039,39056,46389,40648,51915,71481,44604,27828,18886,6249,945,38,170323,20079,23700,20487,24099,34802,22998,12423,9030,2474,225,6,177716,18977,22689,20161,27816,36679,21606,15405,9856,3775,720,32
2017,01,읍면동,경기도 용인시 수지구 동천동,36383,4109,4650,4418,5465,7513,4914,3010,1685,517,98,4,17940,2106,2380,2233,2524,3731,2494,1429,829,196,18,0,18443,2003,2270,2185,2941,3782,2420,1581,856,321,80,4
2017,01,읍면동,경기도 용인시 수지구 상현1동,47567,5493,6537,5498,7178,9777,5959,3791,2399,807,124,4,23180,2834,3331,2731,3270,4752,3104,1651,1167,318,22,0,24387,2659,3206,2767,3908,5025,2855,2140,1232,489,102,4
2017,01,읍면동,경기도 용인시 수지구 상현2동,33136,3588,4678,3531,4380,6868,4281,2937,2128,643,100,2,16087,1884,2362,1765,1971,3301,2203,1290,1033,252,26,0,17049,1704,2316,1766,2409,3567,2078,1647,1095,391,74,2
2017,01,읍면동,경기도 용인시 수지구 성복동,37701,3937,4550,3821,4692,7163,4995,4555,3009,822,150,7,18118,1990,2291,1960,1993,3439,2453,1986,1601,364,39,2,19583,1947,2259,1861,2699,3724,2542,2569,1408,458,111,5
2017,01,읍면동,경기도 용인시 수지구 신봉동,37105,4298,5292,3662,4869,8213,4556,3100,2311,710,89,5,18062,2152,2729,1859,2147,3984,2377,1340,1136,318,20,0,19043,2146,2563,1803,2722,4229,2179,1760,1175,392,69,5
2017,01,읍면동,경기도 용인시 수지구 죽전1동,59332,6973,7975,7275,9171,12162,7438,4198,2958,1017,160,5,28996,3566,4057,3680,4277,5939,3785,1903,1345,403,40,1,30336,3407,3918,3595,4894,6223,3653,2295,1613,614,120,4
2017,01,읍면동,경기도 용인시 수지구 죽전2동,19587,2021,1952,2905,3772,3411,2730,1465,898,389,43,1,9675,1048,1024,1426,1904,1665,1351,680,424,146,7,0,9912,973,928,1479,1868,1746,1379,785,474,243,36,1
2017,01,읍면동,경기도 용인시 수지구 풍덕천1동,37426,3788,4482,5097,6443,7213,5055,2693,1891,658,102,4,18730,1950,2345,2645,3306,3557,2624,1232,814,228,29,0,18696,1838,2137,2452,3137,3656,2431,1461,1077,430,73,4
2017,01,읍면동,경기도 용인시 수지구 풍덕천2동,39802,4849,6273,4441,5945,9161,4676,2079,1607,686,79,6,19535,2549,3181,2188,2707,4434,2607,912,681,249,24,3,20267,2300,3092,2253,3238,4727,2069,1167,926,437,55,3
2017,01,구,경기도 용인시 처인구 ,226174,20822,25533,29396,32549,40273,36678,21623,12881,5561,792,66,115871,10663,13472,15742,17018,20983,19356,10746,5715,1967,197,12,110303,10159,12061,13654,15531,19290,17322,10877,7166,3594,595,54
2017,01,읍면동,경기도 용인시 처인구 남사면,7036,318,568,741,668,1047,1427,1077,738,390,55,7,3726,163,282,410,384,619,812,564,326,153,13,0,3310,155,286,331,284,428,615,513,412,237,42,7
2017,01,읍면동,경기도 용인시 처인구 동부동,14275,1078,1569,1995,1945,2514,2548,1495,781,304,40,6,7281,546,857,1069,1017,1263,1305,760,354,101,9,0,6994,532,712,926,928,1251,1243,735,427,203,31,6
2017,01,읍면동,경기도 용인시 처인구 모현면,26248,2551,2600,3250,3883,4599,4316,2786,1552,620,83,8,13817,1349,1347,1793,2048,2488,2355,1440,740,234,21,2,12431,1202,1253,1457,1835,2111,1961,1346,812,386,62,6
2017,01,읍면동,경기도 용인시 처인구 백암면,9027,367,773,1034,821,1232,1800,1409,979,519,84,9,4708,187,406,577,487,698,990,725,419,191,25,3,4319,180,367,457,334,534,810,684,560,328,59,6
2017,01,읍면동,경기도 용인시 처인구 양지면,17940,1541,1970,2206,2527,3105,3118,1847,1036,495,90,5,9441,841,1078,1210,1364,1639,1669,960,489,167,23,1,8499,700,892,996,1163,1466,1449,887,547,328,67,4
2017,01,읍면동,경기도 용인시 처인구 역삼동,29982,3262,3455,4545,5145,5359,4267,2179,1257,444,62,7,15092,1655,1802,2395,2634,2635,2164,1048,583,159,16,1,14890,1607,1653,2150,2511,2724,2103,1131,674,285,46,6
2017,01,읍면동,경기도 용인시 처인구 원삼면,7896,426,605,779,779,1131,1544,1301,854,418,54,5,4093,226,314,437,447,631,805,677,392,147,16,1,3803,200,291,342,332,500,739,624,462,271,38,4
2017,01,읍면동,경기도 용인시 처인구 유림동,33066,3720,4724,3909,5030,6823,4634,2259,1407,503,55,2,16714,1828,2507,2027,2535,3436,2498,1083,591,192,17,0,16352,1892,2217,1882,2495,3387,2136,1176,816,311,38,2
2017,01,읍면동,경기도 용인시 처인구 이동면,21382,2171,2149,2225,3051,3711,3715,2262,1340,651,98,9,10858,1092,1144,1243,1575,2005,1927,1083,560,203,25,1,10524,1079,1005,982,1476,1706,1788,1179,780,448,73,8
2017,01,읍면동,경기도 용인시 처인구 중앙동,24573,2000,2700,3927,3490,4255,4127,2270,1201,522,73,8,12395,1030,1409,2035,1830,2183,2067,1115,520,185,18,3,12178,970,1291,1892,1660,2072,2060,1155,681,337,55,5
2017,01,읍면동,경기도 용인시 처인구 포곡읍,34749,3388,4420,4785,5210,6497,5182,2738,1736,695,98,0,17746,1746,2326,2546,2697,3386,2764,1291,741,235,14,0,17003,1642,2094,2239,2513,3111,2418,1447,995,460,84,0
2017,01,시군,경기도 의왕시 ,156410,14200,16533,22280,22444,26861,27669,14985,7552,3337,510,39,78166,7339,8462,11732,11537,13228,13716,7590,3368,1063,122,9,78244,6861,8071,10548,10907,13633,13953,7395,4184,2274,388,30
2017,01,읍면동,경기도 의왕시 고천동,12617,1018,1166,1662,1854,1893,2325,1606,719,328,45,1,6373,522,594,894,989,951,1110,846,352,102,12,1,6244,496,572,768,865,942,1215,760,367,226,33,0
2017,01,읍면동,경기도 의왕시 내손1동,22726,1996,2660,3559,2952,4049,4296,1887,847,415,56,9,11162,1021,1376,1834,1431,1888,2145,950,370,136,11,0,11564,975,1284,1725,1521,2161,2151,937,477,279,45,9
2017,01,읍면동,경기도 의왕시 내손2동,33231,3242,3249,5087,5031,5655,5863,2911,1377,690,120,6,16493,1666,1710,2662,2522,2736,2944,1474,559,194,25,1,16738,1576,1539,2425,2509,2919,2919,1437,818,496,95,5
2017,01,읍면동,경기도 의왕시 부곡동,26416,2125,2660,3736,3757,4400,4541,2596,1740,762,91,8,13516,1119,1323,2034,2111,2250,2323,1300,764,262,27,3,12900,1006,1337,1702,1646,2150,2218,1296,976,500,64,5
2017,01,읍면동,경기도 의왕시 오전동,39915,3650,4678,5394,5548,7062,7154,3917,1738,647,121,6,19929,1898,2396,2838,2763,3473,3504,2018,810,204,23,2,19986,1752,2282,2556,2785,3589,3650,1899,928,443,98,4
2017,01,읍면동,경기도 의왕시 청계동,21505,2169,2120,2842,3302,3802,3490,2068,1131,495,77,9,10693,1113,1063,1470,1721,1930,1690,1002,513,165,24,2,10812,1056,1057,1372,1581,1872,1800,1066,618,330,53,7
2017,01,시군,경기도 의정부시 ,438753,37132,48230,59134,60422,78235,74479,43032,26795,9880,1231,183,216582,19030,24865,30261,30645,38618,37278,20402,11673,3462,307,41,222171,18102,23365,28873,29777,39617,37201,22630,15122,6418,924,142
2017,01,읍면동,경기도 의정부시 가능1동,24850,1522,2401,3516,3124,4147,4873,2806,1748,641,63,9,12501,773,1230,1868,1709,2111,2446,1343,771,238,11,1,12349,749,1171,1648,1415,2036,2427,1463,977,403,52,8
2017,01,읍면동,경기도 의정부시 가능2동,10764,860,1142,1524,1452,1787,1926,1086,702,242,36,7,5372,416,611,777,785,931,960,491,306,81,12,2,5392,444,531,747,667,856,966,595,396,161,24,5
2017,01,읍면동,경기도 의정부시 가능3동,10806,632,1079,1422,1297,1834,2070,1261,833,315,45,18,5438,326,573,779,686,960,1064,591,341,108,9,1,5368,306,506,643,611,874,1006,670,492,207,36,17
2017,01,읍면동,경기도 의정부시 녹양동,23526,2244,2692,3191,3238,4270,3979,2081,1263,503,62,3,11750,1196,1423,1658,1631,2128,1974,998,555,170,17,0,11776,1048,1269,1533,1607,2142,2005,1083,708,333,45,3
2017,01,읍면동,경기도 의정부시 송산1동,33944,2838,3978,4541,4403,6275,5951,3140,1888,801,118,11,16883,1393,2086,2442,2256,3062,3038,1519,803,256,28,0,17061,1445,1892,2099,2147,3213,2913,1621,1085,545,90,11
2017,01,읍면동,경기도 의정부시 송산2동,56626,6806,7706,6552,8509,11517,7907,3955,2549,998,123,4,27636,3453,3882,3326,4068,5589,4063,1815,1072,347,19,2,28990,3353,3824,3226,4441,5928,3844,2140,1477,651,104,2
2017,01,읍면동,경기도 의정부시 신곡1동,44406,3615,5165,6175,5776,8068,7817,4283,2491,908,98,10,21911,1867,2608,3222,2957,3818,3919,2091,1084,311,32,2,22495,1748,2557,2953,2819,4250,3898,2192,1407,597,66,8
2017,01,읍면동,경기도 의정부시 신곡2동,47313,4085,6356,6699,5778,8821,8216,3935,2362,926,126,9,22946,2121,3302,3380,2784,4097,4060,1879,996,292,34,1,24367,1964,3054,3319,2994,4724,4156,2056,1366,634,92,8
2017,01,읍면동,경기도 의정부시 의정부1동,20636,1008,1452,3229,2945,3295,4100,2511,1429,547,89,31,10658,527,724,1617,1651,1822,2166,1266,648,202,26,9,9978,481,728,1612,1294,1473,1934,1245,781,345,63,22
2017,01,읍면동,경기도 의정부시 의정부2동,28181,1809,2396,4585,4315,4791,4919,2835,1813,638,72,8,13963,928,1267,2281,2308,2381,2435,1315,781,234,31,2,14218,881,1129,2304,2007,2410,2484,1520,1032,404,41,6
2017,01,읍면동,경기도 의정부시 의정부3동,13686,645,1008,2186,1925,2120,2649,1659,1041,392,41,20,6892,338,547,1085,1023,1161,1383,783,418,140,11,3,6794,307,461,1101,902,959,1266,876,623,252,30,17
2017,01,읍면동,경기도 의정부시 자금동,30342,2774,3488,3938,4063,5526,5158,2777,1804,704,93,17,14875,1410,1831,1975,2026,2653,2598,1340,771,243,18,10,15467,1364,1657,1963,2037,2873,2560,1437,1033,461,75,7
2017,01,읍면동,경기도 의정부시 장암동,20860,1906,2230,2416,2922,3620,3373,2275,1447,597,65,9,10043,957,1138,1254,1430,1800,1628,1043,607,174,11,1,10817,949,1092,1162,1492,1820,1745,1232,840,423,54,8
2017,01,읍면동,경기도 의정부시 호원1동,35367,2948,2985,4467,5531,5702,5516,4512,2764,820,103,19,17403,1575,1521,2176,2828,2917,2610,2122,1304,320,25,5,17964,1373,1464,2291,2703,2785,2906,2390,1460,500,78,14
2017,01,읍면동,경기도 의정부시 호원2동,37446,3440,4152,4693,5144,6462,6025,3916,2661,848,97,8,18311,1750,2122,2421,2503,3188,2934,1806,1216,346,23,2,19135,1690,2030,2272,2641,3274,3091,2110,1445,502,74,6
2017,01,시군,경기도 이천시 ,210565,21997,24430,26787,31865,35398,32953,19103,11953,5300,736,43,107180,11326,12731,14140,16524,18218,17300,9632,5313,1800,184,12,103385,10671,11699,12647,15341,17180,15653,9471,6640,3500,552,31
2017,01,읍면동,경기도 이천시 관고동,10600,765,1079,1595,1529,1692,1963,1107,604,232,32,2,5332,421,522,826,832,828,1014,558,249,73,8,1,5268,344,557,769,697,864,949,549,355,159,24,1
2017,01,읍면동,경기도 이천시 대월면,13945,1569,1416,1975,2499,2099,1918,1257,841,309,57,5,6924,814,731,887,1248,1119,1019,628,357,107,12,2,7021,755,685,1088,1251,980,899,629,484,202,45,3
2017,01,읍면동,경기도 이천시 마장면,10385,1012,921,1412,1568,1530,1616,1157,759,349,57,4,5578,534,484,820,885,894,878,600,348,119,16,0,4807,478,437,592,683,636,738,557,411,230,41,4
2017,01,읍면동,경기도 이천시 모가면,4682,218,340,474,445,581,1013,733,570,265,42,1,2496,118,205,285,268,322,556,379,261,93,9,0,2186,100,135,189,177,259,457,354,309,172,33,1
2017,01,읍면동,경기도 이천시 백사면,10452,800,989,1322,1198,1621,1987,1226,831,419,57,2,5341,420,525,691,651,833,1050,634,376,143,18,0,5111,380,464,631,547,788,937,592,455,276,39,2
2017,01,읍면동,경기도 이천시 부발읍,37948,5056,4965,4683,6866,6882,4846,2523,1448,590,87,2,19326,2547,2580,2377,3436,3597,2639,1284,640,208,18,0,18622,2509,2385,2306,3430,3285,2207,1239,808,382,69,2
2017,01,읍면동,경기도 이천시 설성면,5207,251,378,529,468,607,1043,893,666,335,35,2,2712,115,180,309,268,377,569,459,304,122,8,1,2495,136,198,220,200,230,474,434,362,213,27,1
2017,01,읍면동,경기도 이천시 신둔면,11438,890,1069,1361,1404,1844,2250,1370,819,357,70,4,6010,484,569,729,761,1005,1209,724,391,121,16,1,5428,406,500,632,643,839,1041,646,428,236,54,3
2017,01,읍면동,경기도 이천시 율면,2915,98,165,253,198,313,570,540,451,291,34,2,1465,53,75,151,116,185,307,259,213,97,8,1,1450,45,90,102,82,128,263,281,238,194,26,1
2017,01,읍면동,경기도 이천시 장호원읍,15842,1340,1712,1714,1919,2363,2749,1956,1319,680,80,10,7993,687,886,965,993,1231,1401,964,594,238,29,5,7849,653,826,749,926,1132,1348,992,725,442,51,5
2017,01,읍면동,경기도 이천시 중리동,14463,1232,1178,2332,2466,2134,2466,1461,831,307,55,1,7821,668,624,1399,1501,1110,1265,733,395,111,15,0,6642,564,554,933,965,1024,1201,728,436,196,40,1
2017,01,읍면동,경기도 이천시 증포동,48075,6918,7827,5476,7929,9827,6072,2176,1241,550,56,3,23907,3525,4114,2801,3735,4764,3223,1074,492,166,12,1,24168,3393,3713,2675,4194,5063,2849,1102,749,384,44,2
2017,01,읍면동,경기도 이천시 창전동,18726,1398,1990,2988,2640,3026,3361,1895,1029,364,31,4,9208,707,1035,1539,1407,1437,1572,935,443,127,6,0,9518,691,955,1449,1233,1589,1789,960,586,237,25,4
2017,01,읍면동,경기도 이천시 호법면,5887,450,401,673,736,879,1099,809,544,252,43,1,3067,233,201,361,423,516,598,401,250,75,9,0,2820,217,200,312,313,363,501,408,294,177,34,1
2017,01,시군,경기도 파주시 ,431035,47900,48794,52768,67586,77516,62674,36713,25338,10159,1418,169,218664,24443,25263,27600,35467,40273,32840,17691,10978,3688,371,50,212371,23457,23531,25168,32119,37243,29834,19022,14360,6471,1047,119
2017,01,읍면동,경기도 파주시 광탄면,12406,609,918,1576,1209,1721,2669,1765,1218,610,98,13,6653,315,486,922,699,985,1522,955,539,206,20,4,5753,294,432,654,510,736,1147,810,679,404,78,9
2017,01,읍면동,경기도 파주시 교하동,42719,5307,5910,4324,6592,9118,5644,3062,1854,792,104,12,21599,2751,3095,2302,3181,4682,3029,1468,813,256,21,1,21120,2556,2815,2022,3411,4436,2615,1594,1041,536,83,11
2017,01,읍면동,경기도 파주시 금촌1동,23380,1633,1977,3465,3496,3780,4179,2512,1595,637,96,10,12238,820,1057,1908,1984,2067,2232,1241,677,223,25,4,11142,813,920,1557,1512,1713,1947,1271,918,414,71,6
2017,01,읍면동,경기도 파주시 금촌2동,35862,4828,4939,4160,6184,6969,4440,2163,1532,565,74,8,17646,2458,2564,2006,3146,3433,2242,975,609,193,19,1,18216,2370,2375,2154,3038,3536,2198,1188,923,372,55,7
2017,01,읍면동,경기도 파주시 금촌3동,29015,3229,3387,3890,4673,4955,4287,2365,1552,604,70,3,14836,1614,1814,2019,2529,2524,2245,1159,686,221,25,0,14179,1615,1573,1871,2144,2431,2042,1206,866,383,45,3
2017,01,읍면동,경기도 파주시 문산읍,50633,6262,4896,6444,9219,7679,6838,4263,3413,1412,185,22,25760,3163,2558,3329,5053,4116,3490,2003,1439,545,55,9,24873,3099,2338,3115,4166,3563,3348,2260,1974,867,130,13
2017,01,읍면동,경기도 파주시 법원읍,11997,620,1075,1372,1223,1767,2411,1661,1261,521,74,12,6292,321,596,781,711,991,1300,836,553,179,21,3,5705,299,479,591,512,776,1111,825,708,342,53,9
2017,01,읍면동,경기도 파주시 운정1동,44528,6410,5759,4744,7670,9019,5634,2885,1729,598,74,6,21869,3273,2869,2348,3625,4536,2833,1399,756,211,18,1,22659,3137,2890,2396,4045,4483,2801,1486,973,387,56,5
2017,01,읍면동,경기도 파주시 운정2동,38166,5492,5465,3559,6336,8015,4504,2445,1685,593,69,3,18602,2823,2779,1743,3003,3977,2236,1076,708,236,20,1,19564,2669,2686,1816,3333,4038,2268,1369,977,357,49,2
2017,01,읍면동,경기도 파주시 운정3동,58396,8306,7413,5991,10060,11979,7417,3837,2419,855,115,4,28509,4266,3725,2997,4718,6053,3658,1719,1040,311,22,0,29887,4040,3688,2994,5342,5926,3759,2118,1379,544,93,4
2017,01,읍면동,경기도 파주시 월롱면,12228,297,383,4738,2550,1091,1414,921,547,248,34,5,7447,157,203,2561,2163,693,830,507,243,84,3,3,4781,140,180,2177,387,398,584,414,304,164,31,2
2017,01,읍면동,경기도 파주시 장단출장소,625,42,44,80,57,82,121,85,89,24,1,0,310,16,21,36,34,51,63,36,43,9,1,0,315,26,23,44,23,31,58,49,46,15,0,0
2017,01,읍면동,경기도 파주시 적성면,7991,703,675,953,1002,1009,1396,1044,839,320,50,0,4172,353,371,547,553,568,753,515,379,124,9,0,3819,350,304,406,449,441,643,529,460,196,41,0
2017,01,읍면동,경기도 파주시 조리읍,31296,2297,3550,3791,3550,5359,5854,3551,2285,903,144,12,15789,1131,1813,2032,1861,2683,3113,1738,1039,334,41,4,15507,1166,1737,1759,1689,2676,2741,1813,1246,569,103,8
2017,01,읍면동,경기도 파주시 진동면,172,9,8,4,9,25,32,36,33,13,3,0,91,2,4,2,5,12,21,18,20,6,1,0,81,7,4,2,4,13,11,18,13,7,2,0
2017,01,읍면동,경기도 파주시 탄현면,13951,991,1230,1613,1897,2544,2341,1563,1153,529,86,4,7490,527,669,878,1104,1452,1314,786,532,202,26,0,6461,464,561,735,793,1092,1027,777,621,327,60,4
2017,01,읍면동,경기도 파주시 파주읍,13554,700,897,1626,1579,1941,2608,1907,1492,673,86,45,7240,368,494,935,950,1169,1467,935,620,254,32,16,6314,332,403,691,629,772,1141,972,872,419,54,29
2017,01,읍면동,경기도 파주시 파평면,4116,165,268,438,280,463,885,648,642,262,55,10,2121,85,145,254,148,281,492,325,282,94,12,3,1995,80,123,184,132,182,393,323,360,168,43,7
2017,01,시군,경기도 평택시 ,472141,48012,54053,60934,73364,85736,73081,39750,25243,10408,1353,207,241053,24603,28053,32741,38757,44614,38413,19129,10774,3533,374,62,231088,23409,26000,28193,34607,41122,34668,20621,14469,6875,979,145
2017,01,읍면동,경기도 평택시 고덕면,11557,1191,1112,1447,1679,1885,1874,1197,789,330,48,5,6025,608,587,825,895,1015,1021,613,350,100,10,1,5532,583,525,622,784,870,853,584,439,230,38,4
2017,01,읍면동,경기도 평택시 비전1동,46416,5584,5875,6170,8630,8902,6267,2780,1513,607,81,7,23491,2909,3012,3144,4530,4466,3221,1348,645,194,21,1,22925,2675,2863,3026,4100,4436,3046,1432,868,413,60,6
2017,01,읍면동,경기도 평택시 비전2동,59181,6891,8164,7899,9332,11459,8526,3759,2169,863,105,14,29690,3548,4284,4115,4626,5599,4423,1805,938,330,20,2,29491,3343,3880,3784,4706,5860,4103,1954,1231,533,85,12
2017,01,읍면동,경기도 평택시 서정동,30463,2363,3346,4498,4320,5504,5163,2735,1799,643,75,17,15252,1231,1744,2378,2300,2748,2594,1237,765,221,26,8,15211,1132,1602,2120,2020,2756,2569,1498,1034,422,49,9
2017,01,읍면동,경기도 평택시 서탄면,4120,211,274,452,498,559,809,628,460,205,23,1,2215,101,161,238,308,343,468,320,200,72,4,0,1905,110,113,214,190,216,341,308,260,133,19,1
2017,01,읍면동,경기도 평택시 세교동,22279,1928,2990,3299,2733,4251,3810,1714,1074,421,56,3,11279,1001,1564,1775,1418,2065,2006,832,443,154,21,0,11000,927,1426,1524,1315,2186,1804,882,631,267,35,3
2017,01,읍면동,경기도 평택시 송북동,23202,2169,2632,3188,3282,4119,3964,2024,1215,523,77,9,11515,1081,1398,1639,1640,2076,2030,972,480,170,25,4,11687,1088,1234,1549,1642,2043,1934,1052,735,353,52,5
2017,01,읍면동,경기도 평택시 송탄동,15707,2060,1777,1776,2613,3039,2443,1061,606,285,41,6,8149,1058,911,930,1320,1641,1354,547,290,86,10,2,7558,1002,866,846,1293,1398,1089,514,316,199,31,4
2017,01,읍면동,경기도 평택시 신장1동,6562,636,489,817,1118,1030,1042,719,487,188,28,8,3144,324,250,420,584,562,477,279,171,66,7,4,3418,312,239,397,534,468,565,440,316,122,21,4
2017,01,읍면동,경기도 평택시 신장2동,6590,295,481,781,732,1024,1275,931,726,285,42,18,3222,146,240,424,380,579,646,412,281,96,11,7,3368,149,241,357,352,445,629,519,445,189,31,11
2017,01,읍면동,경기도 평택시 신평동,24550,1602,2580,3928,3410,4256,4342,2365,1454,543,58,12,12212,815,1368,2017,1828,2032,2189,1136,614,196,13,4,12338,787,1212,1911,1582,2224,2153,1229,840,347,45,8
2017,01,읍면동,경기도 평택시 안중읍,41352,4985,6387,4595,6232,8726,5226,2633,1726,719,112,11,20891,2461,3252,2472,3097,4507,2872,1252,721,226,29,2,20461,2524,3135,2123,3135,4219,2354,1381,1005,493,83,9
2017,01,읍면동,경기도 평택시 오성면,7199,455,655,820,744,1036,1418,931,734,361,42,3,3750,227,339,462,423,581,785,466,318,124,25,0,3449,228,316,358,321,455,633,465,416,237,17,3
2017,01,읍면동,경기도 평택시 원평동,12503,1030,1064,1814,1978,2013,2094,1298,840,316,42,14,6391,519,563,976,1104,1030,1093,599,391,102,9,5,6112,511,501,838,874,983,1001,699,449,214,33,9
2017,01,읍면동,경기도 평택시 중앙동,45937,4582,6478,6255,6179,9040,7233,3248,1991,819,99,13,22970,2345,3314,3352,3098,4440,3744,1568,809,265,30,5,22967,2237,3164,2903,3081,4600,3489,1680,1182,554,69,8
2017,01,읍면동,경기도 평택시 지산동,11304,922,1100,1843,2070,1983,1582,966,605,206,24,3,5789,461,563,1007,1161,1017,806,448,256,67,2,1,5515,461,537,836,909,966,776,518,349,139,22,2
2017,01,읍면동,경기도 평택시 진위면,12571,904,1083,1717,1805,2000,2201,1481,942,393,39,6,6653,461,555,963,1042,1098,1201,745,452,128,7,1,5918,443,528,754,763,902,1000,736,490,265,32,5
2017,01,읍면동,경기도 평택시 청북읍,25107,4740,2314,2107,6152,3934,2626,1697,979,473,80,5,13186,2501,1170,1160,3166,2321,1391,852,460,143,22,0,11921,2239,1144,947,2986,1613,1235,845,519,330,58,5
2017,01,읍면동,경기도 평택시 통복동,4461,194,372,550,458,749,900,668,409,137,22,2,2256,92,197,313,262,383,452,326,179,49,3,0,2205,102,175,237,196,366,448,342,230,88,19,2
2017,01,읍면동,경기도 평택시 팽성읍,28942,2041,2135,3157,3609,4636,5476,3787,2748,1169,143,41,14689,1035,1116,1800,2004,2570,2801,1741,1125,436,46,15,14253,1006,1019,1357,1605,2066,2675,2046,1623,733,97,26
2017,01,읍면동,경기도 평택시 포승읍,26070,2963,2315,3244,5198,4799,3670,2045,1215,548,66,7,15081,1545,1246,1984,3211,3050,2199,1082,557,187,20,0,10989,1418,1069,1260,1987,1749,1471,963,658,361,46,7
2017,01,읍면동,경기도 평택시 현덕면,6068,266,430,577,592,792,1140,1083,762,374,50,2,3203,134,219,347,360,491,640,549,329,121,13,0,2865,132,211,230,232,301,500,534,433,253,37,2
2017,01,시군,경기도 포천시 ,154381,11579,15922,18768,17401,25058,30331,17946,11744,4875,700,57,81100,6009,8354,10486,9379,13552,16839,9432,5125,1713,193,18,73281,5570,7568,8282,8022,11506,13492,8514,6619,3162,507,39
2017,01,읍면동,경기도 포천시 가산면,8265,326,611,913,750,1322,2080,1186,697,334,45,1,4753,163,323,528,478,808,1296,711,327,109,10,0,3512,163,288,385,272,514,784,475,370,225,35,1
2017,01,읍면동,경기도 포천시 관인면,3118,108,207,307,182,352,668,561,514,189,26,4,1614,49,98,179,107,203,367,287,241,71,9,3,1504,59,109,128,75,149,301,274,273,118,17,1
2017,01,읍면동,경기도 포천시 군내면,6537,313,502,715,607,889,1491,1019,643,313,44,1,3566,161,277,415,370,499,870,565,287,112,10,0,2971,152,225,300,237,390,621,454,356,201,34,1
2017,01,읍면동,경기도 포천시 내촌면,5163,194,335,592,433,778,1281,761,530,230,28,1,2943,92,186,366,272,491,766,437,232,91,10,0,2220,102,149,226,161,287,515,324,298,139,18,1
2017,01,읍면동,경기도 포천시 선단동,14615,973,1484,1900,1735,2709,3092,1540,788,351,39,4,7801,561,753,1030,953,1475,1751,819,342,112,3,2,6814,412,731,870,782,1234,1341,721,446,239,36,2
2017,01,읍면동,경기도 포천시 소흘읍,46962,4146,6237,6037,5620,8939,8627,4009,2239,968,133,7,23921,2091,3252,3186,2807,4516,4690,2045,972,326,35,1,23041,2055,2985,2851,2813,4423,3937,1964,1267,642,98,6
2017,01,읍면동,경기도 포천시 신북면,13387,1041,1289,1631,1581,2051,2672,1670,975,403,68,6,7173,561,659,903,871,1166,1522,889,450,134,17,1,6214,480,630,728,710,885,1150,781,525,269,51,5
2017,01,읍면동,경기도 포천시 영북면,9361,802,632,1181,1136,1110,1656,1234,1094,421,82,13,4901,405,340,723,630,657,876,620,460,156,30,4,4460,397,292,458,506,453,780,614,634,265,52,9
2017,01,읍면동,경기도 포천시 영중면,5445,267,438,529,425,747,1200,892,692,221,32,2,2932,143,228,293,244,453,694,479,308,76,14,0,2513,124,210,236,181,294,506,413,384,145,18,2
2017,01,읍면동,경기도 포천시 이동면,6597,657,511,820,902,793,1068,874,674,255,40,3,3521,328,280,538,513,461,580,427,289,91,13,1,3076,329,231,282,389,332,488,447,385,164,27,2
2017,01,읍면동,경기도 포천시 일동면,10534,864,980,1090,1253,1454,1867,1455,1037,465,65,4,5482,475,531,628,688,814,988,733,432,171,20,2,5052,389,449,462,565,640,879,722,605,294,45,2
2017,01,읍면동,경기도 포천시 창수면,2357,69,153,215,166,292,518,432,378,121,11,2,1308,39,96,133,100,178,298,232,174,55,3,0,1049,30,57,82,66,114,220,200,204,66,8,2
2017,01,읍면동,경기도 포천시 포천동,19247,1608,2360,2550,2251,3301,3565,1897,1173,459,74,9,9709,830,1247,1393,1142,1650,1841,948,483,156,15,4,9538,778,1113,1157,1109,1651,1724,949,690,303,59,5
2017,01,읍면동,경기도 포천시 화현면,2793,211,183,288,360,321,546,416,310,145,13,0,1476,111,84,171,204,181,300,240,128,53,4,0,1317,100,99,117,156,140,246,176,182,92,9,0
2017,01,시군,경기도 하남시 ,213028,23747,19668,25445,36905,35872,34097,22583,10262,3703,655,91,107417,12157,10123,13236,18653,18802,16896,11313,4941,1120,151,25,105611,11590,9545,12209,18252,17070,17201,11270,5321,2583,504,66
2017,01,읍면동,경기도 하남시 감북동,4051,184,270,496,521,601,908,600,326,122,18,5,2257,99,158,282,311,355,511,326,162,45,7,1,1794,85,112,214,210,246,397,274,164,77,11,4
2017,01,읍면동,경기도 하남시 덕풍1동,17683,1314,1630,2493,2663,2862,3243,2114,989,317,53,5,8939,683,859,1296,1445,1454,1540,1058,490,100,14,0,8744,631,771,1197,1218,1408,1703,1056,499,217,39,5
2017,01,읍면동,경기도 하남시 덕풍2동,20662,1343,1829,2973,3027,3184,3970,2605,1202,441,78,10,10370,694,946,1558,1659,1585,1988,1264,545,110,18,3,10292,649,883,1415,1368,1599,1982,1341,657,331,60,7
2017,01,읍면동,경기도 하남시 덕풍3동,27061,2671,3071,3284,3893,4922,4468,2836,1329,498,80,9,13461,1366,1623,1716,1928,2481,2164,1396,626,144,16,1,13600,1305,1448,1568,1965,2441,2304,1440,703,354,64,8
2017,01,읍면동,경기도 하남시 미사1동,21109,3643,1955,2004,4570,3793,2467,1720,672,240,43,2,10548,1892,975,1024,2188,2052,1168,848,323,66,11,1,10561,1751,980,980,2382,1741,1299,872,349,174,32,1
2017,01,읍면동,경기도 하남시 미사2동,36289,6558,3250,3099,8132,6716,4101,2769,1162,428,71,3,18090,3361,1668,1575,3801,3656,2010,1364,551,92,11,1,18199,3197,1582,1524,4331,3060,2091,1405,611,336,60,2
2017,01,읍면동,경기도 하남시 신장1동,6728,373,543,1046,1066,1038,1308,792,391,144,20,7,3467,187,289,565,632,545,648,389,161,43,5,3,3261,186,254,481,434,493,660,403,230,101,15,4
2017,01,읍면동,경기도 하남시 신장2동,43584,4040,4492,5333,6803,7135,7270,5113,2427,820,142,9,21640,2040,2309,2759,3432,3575,3502,2493,1196,296,37,1,21944,2000,2183,2574,3371,3560,3768,2620,1231,524,105,8
2017,01,읍면동,경기도 하남시 위례동,14796,1968,1267,2224,2983,2481,2317,1099,336,96,24,1,7287,982,585,1117,1423,1240,1151,581,172,29,6,1,7509,986,682,1107,1560,1241,1166,518,164,67,18,0
2017,01,읍면동,경기도 하남시 천현동,8067,522,541,1026,1154,1176,1591,1246,548,218,35,10,4330,256,285,542,680,694,846,671,275,73,6,2,3737,266,256,484,474,482,745,575,273,145,29,8
2017,01,읍면동,경기도 하남시 초이동,3821,192,259,442,477,603,857,545,312,114,19,1,2205,116,128,253,304,374,526,307,151,42,3,1,1616,76,131,189,173,229,331,238,161,72,16,0
2017,01,읍면동,경기도 하남시 춘궁동,3956,182,248,450,482,612,830,636,349,134,26,7,2236,94,146,257,297,384,471,351,178,49,8,1,1720,88,102,193,185,228,359,285,171,85,18,6
2017,01,읍면동,경기도 하남시 풍산동,5221,757,313,575,1134,749,767,508,219,131,46,22,2587,387,152,292,553,407,371,265,111,31,9,9,2634,370,161,283,581,342,396,243,108,100,37,13
2017,01,시군,경기도 화성시 ,644498,90764,77437,71309,123134,121907,80311,43835,24282,10133,1302,84,332842,46414,39727,37540,63264,65833,43619,21910,10848,3357,302,28,311656,44350,37710,33769,59870,56074,36692,21925,13434,6776,1000,56
2017,01,읍면동,경기도 화성시 기배동,14789,2035,2173,1454,2363,3077,1860,1076,552,171,27,1,7530,1050,1178,722,1142,1614,966,543,258,52,5,0,7259,985,995,732,1221,1463,894,533,294,119,22,1
2017,01,읍면동,경기도 화성시 남양읍,29212,3255,2882,3417,5114,4874,4631,2689,1544,699,105,2,15665,1701,1490,1931,2847,2769,2543,1417,697,250,20,0,13547,1554,1392,1486,2267,2105,2088,1272,847,449,85,2
2017,01,읍면동,경기도 화성시 동탄1동,53773,8652,7782,6527,11520,11400,4904,1780,865,302,39,2,27207,4418,4036,3200,5597,5861,2744,846,395,103,7,0,26566,4234,3746,3327,5923,5539,2160,934,470,199,32,2
2017,01,읍면동,경기도 화성시 동탄2동,37802,6170,6416,3441,6329,8873,3910,1539,800,283,40,1,18693,3148,3258,1778,2805,4459,2105,719,327,84,10,0,19109,3022,3158,1663,3524,4414,1805,820,473,199,30,1
2017,01,읍면동,경기도 화성시 동탄3동,44225,8484,5703,4393,10837,8579,3185,1762,931,312,37,2,22113,4323,2940,2125,5367,4473,1646,730,403,100,6,0,22112,4161,2763,2268,5470,4106,1539,1032,528,212,31,2
2017,01,읍면동,경기도 화성시 동탄4동,72582,14922,8759,6431,17873,14315,6069,2651,1100,412,49,1,36110,7676,4359,3036,8456,7557,3210,1197,477,131,11,0,36472,7246,4400,3395,9417,6758,2859,1454,623,281,38,1
2017,01,읍면동,경기도 화성시 동탄면,8491,1419,598,990,2447,1166,912,562,244,127,24,2,4507,737,329,490,1350,666,480,289,119,44,3,0,3984,682,269,500,1097,500,432,273,125,83,21,2
2017,01,읍면동,경기도 화성시 마도면,6703,363,474,732,798,994,1412,976,627,288,36,3,3821,198,254,447,516,626,837,520,308,110,4,1,2882,165,220,285,282,368,575,456,319,178,32,2
2017,01,읍면동,경기도 화성시 매송면,8266,586,694,1024,978,1292,1584,1071,715,290,30,2,4327,295,359,581,526,736,864,548,310,98,9,1,3939,291,335,443,452,556,720,523,405,192,21,1
2017,01,읍면동,경기도 화성시 반월동,27547,4589,3451,3433,5571,4955,3460,1337,501,218,31,1,13928,2339,1730,1775,2754,2545,1791,685,232,67,9,1,13619,2250,1721,1658,2817,2410,1669,652,269,151,22,0
2017,01,읍면동,경기도 화성시 병점1동,29062,3860,3755,3836,5549,5504,3450,1835,938,300,35,0,14612,1986,1917,1968,2784,2793,1798,870,395,90,11,0,14450,1874,1838,1868,2765,2711,1652,965,543,210,24,0
2017,01,읍면동,경기도 화성시 병점2동,26663,3931,4505,2570,4666,5882,2670,1324,782,300,33,0,13047,2002,2254,1250,2189,2979,1390,579,299,101,4,0,13616,1929,2251,1320,2477,2903,1280,745,483,199,29,0
2017,01,읍면동,경기도 화성시 봉담읍,70203,9297,9348,7594,11454,14142,9550,5065,2616,972,158,7,35460,4586,4784,3992,5612,7459,5006,2513,1177,293,35,3,34743,4711,4564,3602,5842,6683,4544,2552,1439,679,123,4
2017,01,읍면동,경기도 화성시 비봉면,5880,274,407,632,574,783,1287,929,615,338,39,2,3250,141,212,383,361,468,748,538,275,114,8,2,2630,133,195,249,213,315,539,391,340,224,31,0
2017,01,읍면동,경기도 화성시 서신면,6991,238,378,619,592,928,1643,1279,813,435,58,8,3829,128,199,372,368,580,931,688,372,167,21,3,3162,110,179,247,224,348,712,591,441,268,37,5
2017,01,읍면동,경기도 화성시 송산면,11231,617,909,1153,1081,1639,2233,1697,1223,588,82,9,5966,326,463,679,625,978,1235,861,575,200,24,0,5265,291,446,474,456,661,998,836,648,388,58,9
2017,01,읍면동,경기도 화성시 양감면,4192,155,228,453,451,584,997,680,408,215,19,2,2460,78,123,276,312,393,633,375,189,78,3,0,1732,77,105,177,139,191,364,305,219,137,16,2
2017,01,읍면동,경기도 화성시 우정읍,18066,1417,1660,1989,2286,2950,3261,2258,1463,701,76,5,9662,738,812,1201,1293,1761,1791,1156,652,238,18,2,8404,679,848,788,993,1189,1470,1102,811,463,58,3
2017,01,읍면동,경기도 화성시 장안면,10792,622,780,1085,1150,1611,2239,1652,1081,510,56,6,6081,325,414,657,733,1020,1336,891,492,193,16,4,4711,297,366,428,417,591,903,761,589,317,40,2
2017,01,읍면동,경기도 화성시 정남면,12269,695,1036,1423,1473,2040,2520,1533,1002,485,55,7,6938,372,555,842,927,1281,1500,825,464,157,14,1,5331,323,481,581,546,759,1020,708,538,328,41,6
2017,01,읍면동,경기도 화성시 진안동,36660,4414,3624,5919,8668,6251,4094,2160,1093,368,68,1,19474,2281,1889,3055,4997,3443,2139,1059,473,121,16,1,17186,2133,1735,2864,3671,2808,1955,1101,620,247,52,0
2017,01,읍면동,경기도 화성시 팔탄면,10357,497,604,1199,1249,1719,2363,1407,847,415,50,7,6104,268,316,762,830,1160,1434,793,386,142,11,2,4253,229,288,437,419,559,929,614,461,273,39,5
2017,01,읍면동,경기도 화성시 향남읍,75274,11735,8712,8132,16385,14054,8325,4372,2454,988,110,7,39748,6004,4497,4416,8848,7901,4497,2161,1099,295,25,5,35526,5731,4215,3716,7537,6153,3828,2211,1355,693,85,2
2017,01,읍면동,경기도 화성시 화산동,23468,2537,2559,2863,3726,4295,3752,2201,1068,416,45,6,12310,1294,1359,1602,2025,2311,1995,1107,474,129,12,2,11158,1243,1200,1261,1701,1984,1757,1094,594,287,33,4

